5.000000000000000104e-03    9.999564168597361302e-01    1.000000000000000036e-10
5.295295295295295371e-03    9.999564168597355751e-01    1.000000000000000036e-10
5.590590590590590638e-03    9.999564168597357972e-01    1.000000000000000036e-10
5.885885885885885904e-03    9.999564168597361302e-01    1.000000000000000036e-10
6.181181181181181171e-03    9.999564168597360192e-01    1.000000000000000036e-10
6.476476476476476438e-03    9.999564168597359082e-01    1.000000000000000036e-10
6.771771771771771704e-03    9.999564168597362412e-01    1.000000000000000036e-10
7.067067067067066971e-03    9.999564168597355751e-01    1.000000000000000036e-10
7.362362362362362238e-03    9.999564168597359082e-01    1.000000000000000036e-10
7.657657657657657505e-03    9.999564168597360192e-01    1.000000000000000036e-10
7.952952952952951904e-03    9.999564168597359082e-01    1.000000000000000036e-10
8.248248248248248038e-03    9.999564168597359082e-01    1.000000000000000036e-10
8.543543543543544172e-03    9.999564168597363523e-01    1.000000000000000036e-10
8.838838838838838571e-03    9.999564168597357972e-01    1.000000000000000036e-10
9.134134134134132971e-03    9.999564168597361302e-01    1.000000000000000036e-10
9.429429429429429105e-03    9.999564168597357972e-01    1.000000000000000036e-10
9.724724724724725239e-03    9.999564168512357076e-01    1.000000000000000036e-10
1.002002002002001964e-02    9.925003636659813777e-01    1.000000000000000036e-10
1.031531531531531404e-02    7.758394220642532702e-01    1.000000000000000036e-10
1.061061061061061017e-02    6.493173822015965158e-01    1.000000000000000036e-10
1.090590590590590631e-02    5.793870974228640947e-01    1.000000000000000036e-10
1.120120120120120071e-02    5.300978811251060296e-01    1.000000000000000036e-10
1.149649649649649510e-02    4.922577998205953098e-01    1.000000000000000036e-10
1.179179179179179124e-02    4.617705449033754350e-01    1.000000000000000036e-10
1.208708708708708737e-02    4.364054481347319214e-01    1.000000000000000036e-10
1.238238238238238177e-02    4.148017787079804064e-01    1.000000000000000036e-10
1.267767767767767617e-02    3.960652914801494062e-01    1.000000000000000036e-10
1.297297297297297231e-02    3.795762934423780322e-01    1.000000000000000036e-10
1.326826826826826844e-02    3.648878876534197291e-01    1.000000000000000036e-10
1.356356356356356457e-02    3.516676007406557836e-01    1.000000000000000036e-10
1.385885885885885724e-02    3.396618181897326227e-01    1.000000000000000036e-10
1.415415415415415337e-02    3.286730580770536037e-01    1.000000000000000036e-10
1.444944944944944951e-02    3.185448754039025276e-01    1.000000000000000036e-10
1.474474474474474564e-02    3.091515077296511094e-01    1.000000000000000036e-10
1.504004004004003830e-02    3.003905778598887633e-01    1.000000000000000036e-10
1.533533533533533444e-02    2.921778303705505064e-01    1.000000000000000036e-10
1.563063063063063057e-02    2.844432581048783049e-01    1.000000000000000036e-10
1.592592592592592671e-02    2.771282010269245921e-01    1.000000000000000036e-10
1.622122122122121937e-02    2.701831393706733975e-01    1.000000000000000036e-10
1.651651651651651551e-02    2.635659915593903113e-01    1.000000000000000036e-10
1.681181181181181164e-02    2.572407850828556386e-01    1.000000000000000036e-10
1.710710710710710777e-02    2.511766069445132143e-01    1.000000000000000036e-10
1.740240240240240044e-02    2.453467664220441435e-01    1.000000000000000036e-10
1.769769769769769657e-02    2.397281209826459814e-01    1.000000000000000036e-10
1.799299299299299271e-02    2.343005289293134119e-01    1.000000000000000036e-10
1.828828828828828884e-02    2.290464014667782933e-01    1.000000000000000036e-10
1.858358358358358151e-02    2.239503334622578723e-01    1.000000000000000036e-10
1.887887887887887764e-02    2.189987970264571926e-01    1.000000000000000036e-10
1.917417417417417377e-02    2.141798856241878823e-01    1.000000000000000036e-10
1.946946946946946991e-02    2.094830991254895969e-01    1.000000000000000036e-10
1.976476476476476257e-02    2.048991622460012152e-01    1.000000000000000036e-10
2.006006006006005871e-02    2.004198703941012516e-01    1.000000000000000036e-10
2.035535535535535484e-02    1.960379581366396007e-01    1.000000000000000036e-10
2.065065065065065097e-02    1.917469864426273596e-01    1.000000000000000036e-10
2.094594594594594364e-02    1.875412455914402254e-01    1.000000000000000036e-10
2.124124124124123977e-02    1.834156712137236245e-01    1.000000000000000036e-10
2.153653653653653591e-02    1.793657713932526876e-01    1.000000000000000036e-10
2.183183183183183204e-02    1.753875631228268284e-01    1.000000000000000036e-10
2.212712712712712818e-02    1.714775167082203122e-01    1.000000000000000036e-10
2.242242242242242084e-02    1.676325069474535190e-01    1.000000000000000036e-10
2.271771771771771697e-02    1.638497701099328463e-01    1.000000000000000036e-10
2.301301301301301311e-02    1.601268658984443816e-01    1.000000000000000036e-10
2.330830830830830577e-02    1.564616437066680410e-01    1.000000000000000036e-10
2.360360360360360191e-02    1.528522125913356899e-01    1.000000000000000036e-10
2.389889889889889804e-02    1.492969144698116368e-01    1.000000000000000036e-10
2.419419419419419418e-02    1.457943001240634140e-01    1.000000000000000036e-10
2.448948948948949031e-02    1.423431076574974141e-01    1.000000000000000036e-10
2.478478478478478297e-02    1.389422430991728297e-01    1.000000000000000036e-10
2.508008008008007911e-02    1.355907628964720668e-01    1.000000000000000036e-10
2.537537537537537524e-02    1.322878580720454611e-01    1.000000000000000036e-10
2.567067067067066791e-02    1.290328398524948073e-01    1.000000000000000036e-10
2.596596596596596404e-02    1.258251266028731774e-01    1.000000000000000036e-10
2.626126126126126017e-02    1.226642319227396472e-01    1.000000000000000036e-10
2.655655655655655631e-02    1.195497537791795628e-01    1.000000000000000036e-10
2.685185185185185244e-02    1.164813645691250843e-01    1.000000000000000036e-10
2.714714714714714511e-02    1.134588020156101495e-01    1.000000000000000036e-10
2.744244244244244124e-02    1.104818608165522575e-01    1.000000000000000036e-10
2.773773773773773738e-02    1.075503849740553214e-01    1.000000000000000036e-10
2.803303303303303004e-02    1.046642607411769899e-01    1.000000000000000036e-10
2.832832832832832617e-02    1.018234101311658313e-01    1.000000000000000036e-10
2.862362362362362231e-02    9.902778494073898041e-02    1.000000000000000036e-10
2.891891891891891844e-02    9.627736124471364398e-02    1.000000000000000036e-10
2.921421421421421458e-02    9.357213432435182443e-02    1.000000000000000036e-10
2.950950950950950724e-02    9.091211399620975631e-02    1.000000000000000036e-10
2.980480480480480338e-02    8.829732031204405585e-02    1.000000000000000036e-10
3.010010010010009951e-02    8.572777960336487590e-02    1.000000000000000036e-10
3.039539539539539217e-02    8.320352084755601452e-02    1.000000000000000036e-10
3.069069069069068831e-02    8.072457233445448632e-02    1.000000000000000036e-10
3.098598598598598444e-02    7.829095861476087492e-02    1.000000000000000036e-10
3.128128128128127711e-02    7.590269771329979931e-02    1.000000000000000036e-10
3.157657657657657324e-02    7.355979859192265935e-02    1.000000000000000036e-10
3.187187187187186937e-02    7.126225884808698452e-02    1.000000000000000036e-10
3.216716716716716551e-02    6.901006263641493166e-02    1.000000000000000036e-10
3.246246246246246164e-02    6.680317880155911547e-02    1.000000000000000036e-10
3.275775775775775084e-02    6.464155921158777629e-02    1.000000000000000036e-10
3.305305305305304697e-02    6.252513728186079311e-02    1.000000000000000036e-10
3.334834834834834311e-02    6.045382667990331638e-02    1.000000000000000036e-10
3.364364364364363924e-02    5.842752020262673152e-02    1.000000000000000036e-10
3.393893893893893537e-02    5.644608881761334351e-02    1.000000000000000036e-10
3.423423423423423151e-02    5.450938085988299431e-02    1.000000000000000036e-10
3.452952952952952764e-02    5.261722137764263812e-02    1.000000000000000036e-10
3.482482482482482378e-02    5.076941161843809974e-02    1.000000000000000036e-10
3.512012012012011297e-02    4.896572864993289920e-02    1.000000000000000036e-10
3.541541541541540911e-02    4.720592510702192879e-02    1.000000000000000036e-10
3.571071071071070524e-02    4.548972906014797646e-02    1.000000000000000036e-10
3.600600600600600137e-02    4.381684399712146294e-02    1.000000000000000036e-10
3.630130130130129751e-02    4.218694891246319023e-02    1.000000000000000036e-10
3.659659659659659364e-02    4.059969849821561116e-02    1.000000000000000036e-10
3.689189189189188284e-02    3.905472342988711848e-02    1.000000000000000036e-10
3.718718718718717897e-02    3.755163074147683383e-02    1.000000000000000036e-10
3.748248248248247511e-02    3.609000428371163249e-02    1.000000000000000036e-10
3.777777777777777124e-02    3.466940525965459680e-02    1.000000000000000036e-10
3.807307307307306737e-02    3.328937283194818159e-02    1.000000000000000036e-10
3.836836836836836351e-02    3.194942479605799440e-02    1.000000000000000036e-10
3.866366366366365964e-02    3.064905831389496196e-02    1.000000000000000036e-10
3.895895895895895578e-02    2.938775070249418156e-02    1.000000000000000036e-10
3.925425425425425191e-02    2.816496027252654230e-02    1.000000000000000036e-10
3.954954954954954111e-02    2.698012721125893007e-02    1.000000000000000036e-10
3.984484484484483724e-02    2.583267450455040484e-02    1.000000000000000036e-10
4.014014014014013337e-02    2.472200889403043667e-02    1.000000000000000036e-10
4.043543543543542951e-02    2.364752186334453249e-02    1.000000000000000036e-10
4.073073073073072564e-02    2.260859064955416178e-02    1.000000000000000036e-10
4.102602602602602178e-02    2.160457927513772039e-02    1.000000000000000036e-10
4.132132132132131791e-02    2.063483959585137376e-02    1.000000000000000036e-10
4.161661661661660710e-02    1.969871236050844271e-02    1.000000000000000036e-10
4.191191191191190324e-02    1.879552827884073754e-02    1.000000000000000036e-10
4.220720720720719937e-02    1.792460909281876763e-02    1.000000000000000036e-10
4.250250250250249551e-02    1.708526864867598166e-02    1.000000000000000036e-10
4.279779779779779164e-02    1.627681396548740986e-02    1.000000000000000036e-10
4.309309309309308778e-02    1.549854629708262779e-02    1.000000000000000036e-10
4.338838838838838391e-02    1.474976218423548931e-02    1.000000000000000036e-10
4.368368368368368004e-02    1.402975449415026776e-02    1.000000000000000036e-10
4.397897897897897618e-02    1.333781344437946943e-02    1.000000000000000036e-10
4.427427427427426537e-02    1.267322760861099885e-02    1.000000000000000036e-10
4.456956956956956151e-02    1.203528490191184755e-02    1.000000000000000036e-10
4.486486486486485764e-02    1.142327354319562158e-02    1.000000000000000036e-10
4.516016016016015377e-02    1.083648299286192607e-02    1.000000000000000036e-10
4.545545545545544991e-02    1.027420486373884986e-02    1.000000000000000036e-10
4.575075075075074604e-02    9.735733803634722891e-03    1.000000000000000036e-10
4.604604604604604218e-02    9.220368347976602014e-03    1.000000000000000036e-10
4.634134134134133137e-02    8.727411741200001571e-03    1.000000000000000036e-10
4.663663663663662751e-02    8.256172725746713584e-03    1.000000000000000036e-10
4.693193193193192364e-02    7.805966297548566635e-03    1.000000000000000036e-10
4.722722722722721977e-02    7.376114427141157101e-03    1.000000000000000036e-10
4.752252252252251591e-02    6.965946745749612874e-03    1.000000000000000036e-10
4.781781781781781204e-02    6.574801196053390445e-03    1.000000000000000036e-10
4.811311311311310818e-02    6.202024646426268842e-03    1.000000000000000036e-10
4.840840840840840431e-02    5.846973468922555400e-03    1.000000000000000036e-10
4.870370370370370044e-02    5.509014081421965969e-03    1.000000000000000036e-10
4.899899899899898964e-02    5.187523451908468419e-03    1.000000000000000036e-10
4.929429429429428577e-02    4.881889567642022296e-03    1.000000000000000036e-10
4.958958958958958191e-02    4.591511866786496254e-03    1.000000000000000036e-10
4.988488488488487804e-02    4.315801634855737610e-03    1.000000000000000036e-10
5.018018018018017418e-02    4.054182364618361470e-03    1.000000000000000036e-10
5.047547547547547031e-02    3.806090081724143766e-03    1.000000000000000036e-10
5.077077077077076644e-02    3.570973634093622083e-03    1.000000000000000036e-10
5.106606606606605564e-02    3.348294949152577204e-03    1.000000000000000036e-10
5.136136136136135177e-02    3.137529255490974309e-03    1.000000000000000036e-10
5.165665665665664791e-02    2.938165273109166753e-03    1.000000000000000036e-10
5.195195195195194404e-02    2.749705371761734969e-03    1.000000000000000036e-10
5.224724724724724018e-02    2.571665697137620089e-03    1.000000000000000036e-10
5.254254254254253631e-02    2.403576267595475009e-03    1.000000000000000036e-10
5.283783783783783244e-02    2.244981041853653415e-03    1.000000000000000036e-10
5.313313313313312858e-02    2.095437957746034731e-03    1.000000000000000036e-10
5.342842842842842471e-02    1.954518943763866243e-03    1.000000000000000036e-10
5.372372372372371391e-02    1.821809904483624037e-03    1.000000000000000036e-10
5.401901901901901004e-02    1.696910680717393519e-03    1.000000000000000036e-10
5.431431431431430618e-02    1.579434985465730940e-03    1.000000000000000036e-10
5.460960960960960231e-02    1.469010316744401518e-03    1.000000000000000036e-10
5.490490490490489844e-02    1.365277848346413110e-03    1.000000000000000036e-10
5.520020020020019458e-02    1.267892299743191486e-03    1.000000000000000036e-10
5.549549549549549071e-02    1.176521786181335127e-03    1.000000000000000036e-10
5.579079079079077991e-02    1.090847650070196281e-03    1.000000000000000036e-10
5.608608608608607604e-02    1.010564274763962054e-03    1.000000000000000036e-10
5.638138138138137218e-02    9.353788818367093959e-04    1.000000000000000036e-10
5.667667667667666831e-02    8.650113129404924783e-04    1.000000000000000036e-10
5.697197197197196444e-02    7.991937973264527087e-04    1.000000000000000036e-10
5.726726726726726058e-02    7.376707061062842859e-04    1.000000000000000036e-10
5.756256256256255671e-02    6.801982943557561547e-04    1.000000000000000036e-10
5.785785785785785285e-02    6.265444320054638829e-04    1.000000000000000036e-10
5.815315315315314898e-02    5.764883245664532497e-04    1.000000000000000036e-10
5.844844844844843817e-02    5.298202247121741809e-04    1.000000000000000036e-10
5.874374374374373431e-02    4.863411356889123065e-04    1.000000000000000036e-10
5.903903903903903044e-02    4.458625075834420689e-04    1.000000000000000036e-10
5.933433433433432658e-02    4.082059276618332810e-04    1.000000000000000036e-10
5.962962962962962271e-02    3.732028048706202347e-04    1.000000000000000036e-10
5.992492492492491885e-02    3.406940498618121630e-04    1.000000000000000036e-10
6.022022022022021498e-02    3.105297517763788142e-04    1.000000000000000036e-10
6.051551551551550417e-02    2.825688528085382200e-04    1.000000000000000036e-10
6.081081081081080031e-02    2.566788196164465283e-04    1.000000000000000036e-10
6.110610610610609644e-02    2.327353141543751216e-04    1.000000000000000036e-10
6.140140140140139258e-02    2.106218652061887320e-04    1.000000000000000036e-10
6.169669669669668871e-02    1.902295384074319847e-04    1.000000000000000036e-10
6.199199199199198485e-02    1.714566085359418043e-04    1.000000000000000036e-10
6.228728728728728098e-02    1.542082339674720221e-04    1.000000000000000036e-10
6.258258258258257711e-02    1.383961316596369901e-04    1.000000000000000036e-10
6.287787787787788019e-02    1.239382577873996403e-04    1.000000000000000036e-10
6.317317317317316938e-02    1.107584892724698417e-04    1.000000000000000036e-10
6.346846846846845858e-02    9.878631183045612273e-05    1.000000000000000036e-10
6.376376376376376165e-02    8.795651080642810334e-05    1.000000000000000036e-10
6.405905905905905084e-02    7.820886874519155534e-05    1.000000000000000036e-10
6.435435435435435392e-02    6.948786720198304187e-05    1.000000000000000036e-10
6.464964964964964311e-02    6.174239611371747593e-05    1.000000000000000036e-10
6.494494494494494619e-02    5.492546799214288885e-05    1.000000000000000036e-10
6.524024024024023538e-02    4.899394089255892313e-05    1.000000000000000036e-10
6.553553553553552458e-02    4.390824664327818924e-05    1.000000000000000036e-10
6.583083083083082765e-02    3.963212832233466062e-05    1.000000000000000036e-10
6.612612612612611684e-02    3.613238451630031639e-05    1.000000000000000036e-10
6.642142142142141992e-02    3.337862184406248741e-05    1.000000000000000036e-10
6.671671671671670911e-02    3.134301646073247048e-05    1.000000000000000036e-10
6.701201201201201219e-02    3.000008317989809653e-05    1.000000000000000036e-10
6.730730730730730138e-02    2.932645386520401568e-05    1.000000000000000036e-10
6.760260260260260445e-02    2.930066484184605329e-05    1.000000000000000036e-10
6.789789789789789365e-02    2.990295283319509216e-05    1.000000000000000036e-10
6.819319319319319672e-02    3.111506028032926750e-05    1.000000000000000036e-10
6.848848848848848592e-02    3.292004995878516574e-05    1.000000000000000036e-10
6.878378378378377511e-02    3.530212866349529218e-05    1.000000000000000036e-10
6.907907907907907819e-02    3.824648015292871452e-05    1.000000000000000036e-10
6.937437437437436738e-02    4.173910746041662443e-05    1.000000000000000036e-10
6.966966966966967045e-02    4.576668446179314677e-05    1.000000000000000036e-10
6.996496496496495965e-02    5.031641663404417690e-05    1.000000000000000036e-10
7.026026026026026272e-02    5.537591095364946563e-05    1.000000000000000036e-10
7.055555555555555192e-02    6.093305490848657867e-05    1.000000000000000036e-10
7.085085085085085499e-02    6.697590448835925251e-05    1.000000000000000036e-10
7.114614614614614418e-02    7.349258103377359196e-05    1.000000000000000036e-10
7.144144144144143338e-02    8.047117680738043199e-05    1.000000000000000036e-10
7.173673673673673645e-02    8.789966913455872217e-05    1.000000000000000036e-10
7.203203203203202565e-02    9.576584294950924163e-05    1.000000000000000036e-10
7.232732732732732872e-02    1.040572215582492421e-04    1.000000000000000036e-10
7.262262262262261792e-02    1.127610054169538592e-04    1.000000000000000036e-10
7.291791791791792099e-02    1.218640187128115169e-04    1.000000000000000036e-10
7.321321321321321018e-02    1.313526635216461544e-04    1.000000000000000036e-10
7.350850850850851326e-02    1.412128813047716625e-04    1.000000000000000036e-10
7.380380380380380245e-02    1.514301214966955764e-04    1.000000000000000036e-10
7.409909909909909165e-02    1.619893169254328885e-04    1.000000000000000036e-10
7.439439439439439472e-02    1.728748657982938971e-04    1.000000000000000036e-10
7.468968968968968392e-02    1.840706199780796891e-04    1.000000000000000036e-10
7.498498498498498699e-02    1.955598792676263348e-04    1.000000000000000036e-10
7.528028028028027618e-02    2.073253914145680322e-04    1.000000000000000036e-10
7.557557557557557926e-02    2.193493575430912202e-04    1.000000000000000036e-10
7.587087087087086845e-02    2.316134427151620356e-04    1.000000000000000036e-10
7.616616616616615765e-02    2.440987913204266315e-04    1.000000000000000036e-10
7.646146146146146072e-02    2.567860469914490934e-04    1.000000000000000036e-10
7.675675675675674992e-02    2.696553767393504290e-04    1.000000000000000036e-10
7.705205205205205299e-02    2.826864990039656815e-04    1.000000000000000036e-10
7.734734734734734218e-02    2.958587153089531005e-04    1.000000000000000036e-10
7.764264264264264526e-02    3.091509452244455957e-04    1.000000000000000036e-10
7.793793793793793445e-02    3.225417643374907883e-04    1.000000000000000036e-10
7.823323323323322365e-02    3.360094449204470706e-04    1.000000000000000036e-10
7.852852852852852672e-02    3.495319990025677745e-04    1.000000000000000036e-10
7.882382382382381592e-02    3.630872235509156280e-04    1.000000000000000036e-10
7.911911911911911899e-02    3.766527474701929440e-04    1.000000000000000036e-10
7.941441441441440818e-02    3.902060801401396255e-04    1.000000000000000036e-10
7.970970970970971126e-02    4.037246612295745658e-04    1.000000000000000036e-10
8.000500500500500045e-02    4.171859114904358473e-04    1.000000000000000036e-10
8.030030030030030352e-02    4.305672842675863305e-04    1.000000000000000036e-10
8.059559559559559272e-02    4.438463174797986003e-04    1.000000000000000036e-10
8.089089089089088191e-02    4.570006858508214977e-04    1.000000000000000036e-10
8.118618618618618499e-02    4.700082530886497590e-04    1.000000000000000036e-10
8.148148148148147418e-02    4.828471237945879775e-04    1.000000000000000036e-10
8.177677677677677726e-02    4.954956949283647293e-04    1.000000000000000036e-10
8.207207207207206645e-02    5.079327066508750781e-04    1.000000000000000036e-10
8.236736736736736952e-02    5.201372921418000606e-04    1.000000000000000036e-10
8.266266266266265872e-02    5.320890263550695151e-04    1.000000000000000036e-10
8.295795795795796179e-02    5.437679736921601165e-04    1.000000000000000036e-10
8.325325325325325099e-02    5.551547340584704528e-04    1.000000000000000036e-10
8.354854854854854018e-02    5.662304872303940834e-04    1.000000000000000036e-10
8.384384384384384326e-02    5.769770358202590873e-04    1.000000000000000036e-10
8.413913913913913245e-02    5.873768461063362751e-04    1.000000000000000036e-10
8.443443443443443552e-02    5.974130866702921259e-04    1.000000000000000036e-10
8.472972972972972472e-02    6.070696654839677483e-04    1.000000000000000036e-10
8.502502502502502779e-02    6.163312641731726136e-04    1.000000000000000036e-10
8.532032032032031699e-02    6.251833700714837325e-04    1.000000000000000036e-10
8.561561561561560618e-02    6.336123063994056077e-04    1.000000000000000036e-10
8.591091091091090926e-02    6.416052589468475330e-04    1.000000000000000036e-10
8.620620620620619845e-02    6.491503012471477006e-04    1.000000000000000036e-10
8.650150150150150152e-02    6.562364164867765274e-04    1.000000000000000036e-10
8.679679679679679072e-02    6.628535168007288706e-04    1.000000000000000036e-10
8.709209209209209379e-02    6.689924605506713650e-04    1.000000000000000036e-10
8.738738738738738299e-02    6.746450656750090265e-04    1.000000000000000036e-10
8.768268268268267218e-02    6.798041219416545806e-04    1.000000000000000036e-10
8.797797797797797525e-02    6.844633987188880478e-04    1.000000000000000036e-10
8.827327327327326445e-02    6.886176518109906903e-04    1.000000000000000036e-10
8.856856856856856752e-02    6.922626259611098978e-04    1.000000000000000036e-10
8.886386386386385672e-02    6.953950561989565319e-04    1.000000000000000036e-10
8.915915915915915979e-02    6.980126651909319838e-04    1.000000000000000036e-10
8.945445445445444899e-02    7.001141593079267126e-04    1.000000000000000036e-10
8.974974974974975206e-02    7.016992208666697527e-04    1.000000000000000036e-10
9.004504504504504125e-02    7.027684992606263214e-04    1.000000000000000036e-10
9.034034034034033045e-02    7.033235981802062704e-04    1.000000000000000036e-10
9.063563563563563352e-02    7.033670621679756181e-04    1.000000000000000036e-10
9.093093093093092272e-02    7.029023590621556999e-04    1.000000000000000036e-10
9.122622622622622579e-02    7.019338622099948778e-04    1.000000000000000036e-10
9.152152152152151499e-02    7.004668286799458016e-04    1.000000000000000036e-10
9.181681681681681806e-02    6.985073771173040853e-04    1.000000000000000036e-10
9.211211211211210725e-02    6.960624625515829779e-04    1.000000000000000036e-10
9.240740740740741033e-02    6.931398498413092555e-04    1.000000000000000036e-10
9.270270270270269952e-02    6.897480857665687706e-04    1.000000000000000036e-10
9.299799799799798872e-02    6.858964685162789081e-04    1.000000000000000036e-10
9.329329329329329179e-02    6.815950170428170364e-04    1.000000000000000036e-10
9.358858858858858099e-02    6.768544378621821215e-04    1.000000000000000036e-10
9.388388388388388406e-02    6.716860911624060806e-04    1.000000000000000036e-10
9.417917917917917325e-02    6.661019560410454815e-04    1.000000000000000036e-10
9.447447447447447633e-02    6.601145938980846305e-04    1.000000000000000036e-10
9.476976976976976552e-02    6.537371117652592033e-04    1.000000000000000036e-10
9.506506506506505472e-02    6.469831245308079294e-04    1.000000000000000036e-10
9.536036036036035779e-02    6.398667162203730508e-04    1.000000000000000036e-10
9.565565565565564699e-02    6.324024013031957596e-04    1.000000000000000036e-10
9.595095095095095006e-02    6.246050852403800492e-04    1.000000000000000036e-10
9.624624624624623925e-02    6.164900246246662668e-04    1.000000000000000036e-10
9.654154154154154233e-02    6.080727874674135168e-04    1.000000000000000036e-10
9.683683683683683152e-02    5.993692132477851939e-04    1.000000000000000036e-10
9.713213213213212072e-02    5.903953728851595592e-04    1.000000000000000036e-10
9.742742742742742379e-02    5.811675290510870655e-04    1.000000000000000036e-10
9.772272272272271298e-02    5.717020967236209703e-04    1.000000000000000036e-10
9.801801801801801606e-02    5.620156039828749089e-04    1.000000000000000036e-10
9.831331331331330525e-02    5.521246533695694679e-04    1.000000000000000036e-10
9.860860860860860833e-02    5.420458838131527683e-04    1.000000000000000036e-10
9.890390390390389752e-02    5.317959331756312233e-04    1.000000000000000036e-10
9.919919919919920059e-02    5.213914015714395762e-04    1.000000000000000036e-10
9.949449449449448979e-02    5.108488155455073731e-04    1.000000000000000036e-10
9.978978978978977898e-02    5.001845931362122180e-04    1.000000000000000036e-10
1.000850850850850821e-01    4.894150099242447916e-04    1.000000000000000036e-10
1.003803803803803713e-01    4.785561662206084480e-04    1.000000000000000036e-10
1.006756756756756743e-01    4.676239553765980015e-04    1.000000000000000036e-10
1.009709709709709635e-01    4.566340332872462562e-04    1.000000000000000036e-10
1.012662662662662666e-01    4.456017891069575165e-04    1.000000000000000036e-10
1.015615615615615558e-01    4.345423173656839185e-04    1.000000000000000036e-10
1.018568568568568589e-01    4.234703914689666275e-04    1.000000000000000036e-10
1.021521521521521481e-01    4.124004385846497672e-04    1.000000000000000036e-10
1.024474474474474373e-01    4.013465159832302256e-04    1.000000000000000036e-10
1.027427427427427403e-01    3.903222888347456930e-04    1.000000000000000036e-10
1.030380380380380295e-01    3.793410095468487163e-04    1.000000000000000036e-10
1.033333333333333326e-01    3.684154987092007013e-04    1.000000000000000036e-10
1.036286286286286218e-01    3.575581275604049550e-04    1.000000000000000036e-10
1.039239239239239249e-01    3.467808020294945587e-04    1.000000000000000036e-10
1.042192192192192141e-01    3.360949483653334732e-04    1.000000000000000036e-10
1.045145145145145033e-01    3.255115003568435309e-04    1.000000000000000036e-10
1.048098098098098063e-01    3.150408881241445859e-04    1.000000000000000036e-10
1.051051051051050955e-01    3.046930285338914817e-04    1.000000000000000036e-10
1.054004004004003986e-01    2.944773172027981192e-04    1.000000000000000036e-10
1.056956956956956878e-01    2.844026220441336016e-04    1.000000000000000036e-10
1.059909909909909909e-01    2.744772783595490285e-04    1.000000000000000036e-10
1.062862862862862801e-01    2.647090854543323202e-04    1.000000000000000036e-10
1.065815815815815693e-01    2.551053047495861260e-04    1.000000000000000036e-10
1.068768768768768723e-01    2.456726593610015098e-04    1.000000000000000036e-10
1.071721721721721615e-01    2.364173351101226989e-04    1.000000000000000036e-10
1.074674674674674646e-01    2.273449829304970973e-04    1.000000000000000036e-10
1.077627627627627538e-01    2.184607226254021625e-04    1.000000000000000036e-10
1.080580580580580569e-01    2.097691479378548140e-04    1.000000000000000036e-10
1.083533533533533461e-01    2.012743328888979904e-04    1.000000000000000036e-10
1.086486486486486491e-01    1.929798393235519272e-04    1.000000000000000036e-10
1.089439439439439383e-01    1.848887256171865851e-04    1.000000000000000036e-10
1.092392392392392275e-01    1.770035564883709676e-04    1.000000000000000036e-10
1.095345345345345306e-01    1.693264138616596760e-04    1.000000000000000036e-10
1.098298298298298198e-01    1.618589087218480895e-04    1.000000000000000036e-10
1.101251251251251229e-01    1.546021938996213158e-04    1.000000000000000036e-10
1.104204204204204121e-01    1.475569777271255748e-04    1.000000000000000036e-10
1.107157157157157151e-01    1.407235385007167972e-04    1.000000000000000036e-10
1.110110110110110043e-01    1.341017396872535824e-04    1.000000000000000036e-10
1.113063063063063074e-01    1.276910458094482022e-04    1.000000000000000036e-10
1.116016016016015966e-01    1.214905389453189326e-04    1.000000000000000036e-10
1.118968968968968858e-01    1.154989357763988990e-04    1.000000000000000036e-10
1.121921921921921889e-01    1.097146051192447242e-04    1.000000000000000036e-10
1.124874874874874781e-01    1.041355858748885255e-04    1.000000000000000036e-10
1.127827827827827811e-01    9.875960533111071110e-05    1.000000000000000036e-10
1.130780780780780703e-01    9.358409775293090294e-05    1.000000000000000036e-10
1.133733733733733734e-01    8.860622319733105841e-05    1.000000000000000036e-10
1.136686686686686626e-01    8.382288648911674449e-05    1.000000000000000036e-10
1.139639639639639518e-01    7.923075629579955841e-05    1.000000000000000036e-10
1.142592592592592549e-01    7.482628424060726595e-05    1.000000000000000036e-10
1.145545545545545441e-01    7.060572399406979318e-05    1.000000000000000036e-10
1.148498498498498471e-01    6.656515028599843252e-05    1.000000000000000036e-10
1.151451451451451363e-01    6.270047778030775495e-05    1.000000000000000036e-10
1.154404404404404394e-01    5.900747976189583239e-05    1.000000000000000036e-10
1.157357357357357286e-01    5.548180658120841890e-05    1.000000000000000036e-10
1.160310310310310178e-01    5.211900380428474797e-05    1.000000000000000036e-10
1.163263263263263209e-01    4.891453002083447896e-05    1.000000000000000036e-10
1.166216216216216101e-01    4.586377426417709616e-05    1.000000000000000036e-10
1.169169169169169131e-01    4.296207299922954494e-05    1.000000000000000036e-10
1.172122122122122023e-01    4.020472663717166031e-05    1.000000000000000036e-10
1.175075075075075054e-01    3.758701553795658671e-05    1.000000000000000036e-10
1.178028028028027946e-01    3.510421546442223860e-05    1.000000000000000036e-10
1.180980980980980977e-01    3.275161245469665033e-05    1.000000000000000036e-10
1.183933933933933869e-01    3.052451708612644092e-05    1.000000000000000036e-10
1.186886886886886761e-01    2.841827809877972712e-05    1.000000000000000036e-10
1.189839839839839791e-01    2.642829534879169665e-05    1.000000000000000036e-10
1.192792792792792683e-01    2.455003207294472028e-05    1.000000000000000036e-10
1.195745745745745714e-01    2.277902644436426285e-05    1.000000000000000036e-10
1.198698698698698606e-01    2.111090240231860361e-05    1.000000000000000036e-10
1.201651651651651637e-01    1.954137974203274566e-05    1.000000000000000036e-10
1.204604604604604529e-01    1.806628346552646548e-05    1.000000000000000036e-10
1.207557557557557559e-01    1.668155237997548531e-05    1.000000000000000036e-10
1.210510510510510451e-01    1.538324689819131936e-05    1.000000000000000036e-10
1.213463463463463343e-01    1.416755607968954169e-05    1.000000000000000036e-10
1.216416416416416374e-01    1.303080390341805745e-05    1.000000000000000036e-10
1.219369369369369266e-01    1.196945477225914229e-05    1.000000000000000036e-10
1.222322322322322297e-01    1.098011827796604302e-05    1.000000000000000036e-10
1.225275275275275189e-01    1.005955322307119443e-05    1.000000000000000036e-10
1.228228228228228219e-01    9.204670821393920371e-06    1.000000000000000036e-10
1.231181181181181111e-01    8.412537189902166788e-06    1.000000000000000036e-10
1.234134134134134003e-01    7.680375123758410272e-06    1.000000000000000036e-10
1.237087087087087034e-01    7.005565183608603245e-06    1.000000000000000036e-10
1.240040040040039926e-01    6.385646147868180933e-06    1.000000000000000036e-10
1.242992992992992957e-01    5.818314670461650650e-06    1.000000000000000036e-10
1.245945945945945849e-01    5.301424316290663042e-06    1.000000000000000036e-10
1.248898898898898879e-01    4.832983994937015268e-06    1.000000000000000036e-10
1.251851851851851771e-01    4.411155845765646664e-06    1.000000000000000036e-10
1.254804804804804663e-01    4.034252553604722027e-06    1.000000000000000036e-10
1.257757757757757555e-01    3.700733970747577489e-06    1.000000000000000036e-10
1.260710710710710447e-01    3.409203294844473842e-06    1.000000000000000036e-10
1.263663663663663617e-01    3.158402795821163065e-06    1.000000000000000036e-10
1.266616616616616509e-01    2.947209162332820754e-06    1.000000000000000036e-10
1.269569569569569401e-01    2.774628229742194295e-06    1.000000000000000036e-10
1.272522522522522292e-01    2.639789358535255634e-06    1.000000000000000036e-10
1.275475475475475462e-01    2.541939518442802734e-06    1.000000000000000036e-10
1.278428428428428354e-01    2.480437122289299217e-06    1.000000000000000036e-10
1.281381381381381246e-01    2.454745365497443077e-06    1.000000000000000036e-10
1.284334334334334138e-01    2.464425353522950972e-06    1.000000000000000036e-10
1.287287287287287030e-01    2.509129093331281165e-06    1.000000000000000036e-10
1.290240240240240199e-01    2.588592314578797886e-06    1.000000000000000036e-10
1.293193193193193091e-01    2.702626947847319447e-06    1.000000000000000036e-10
1.296146146146145983e-01    2.851113579791484451e-06    1.000000000000000036e-10
1.299099099099098875e-01    3.033993898851818449e-06    1.000000000000000036e-10
1.302052052052052045e-01    3.251262979718452675e-06    1.000000000000000036e-10
1.305005005005004937e-01    3.502961499739699850e-06    1.000000000000000036e-10
1.307957957957957829e-01    3.789168063117159430e-06    1.000000000000000036e-10
1.310910910910910721e-01    4.109991545943242091e-06    1.000000000000000036e-10
1.313863863863863890e-01    4.465563416837756589e-06    1.000000000000000036e-10
1.316816816816816782e-01    4.856030235708319714e-06    1.000000000000000036e-10
1.319769769769769674e-01    5.281546264652485006e-06    1.000000000000000036e-10
1.322722722722722566e-01    5.742266184375373029e-06    1.000000000000000036e-10
1.325675675675675458e-01    6.238338044915946271e-06    1.000000000000000036e-10
1.328628628628628627e-01    6.769896369008183221e-06    1.000000000000000036e-10
1.331581581581581519e-01    7.337055484164248482e-06    1.000000000000000036e-10
1.334534534534534411e-01    7.939903174828948654e-06    1.000000000000000036e-10
1.337487487487487303e-01    8.578494481789448152e-06    1.000000000000000036e-10
1.340440440440440473e-01    9.252845847021089139e-06    1.000000000000000036e-10
1.343393393393393365e-01    9.962929665162445963e-06    1.000000000000000036e-10
1.346346346346346257e-01    1.070866893803175891e-05    1.000000000000000036e-10
1.349299299299299149e-01    1.148993242388665320e-05    1.000000000000000036e-10
1.352252252252252041e-01    1.230653021840189253e-05    1.000000000000000036e-10
1.355205205205205210e-01    1.315820938525715595e-05    1.000000000000000036e-10
1.358158158158158102e-01    1.404465028972736833e-05    1.000000000000000036e-10
1.361111111111110994e-01    1.496546324888590985e-05    1.000000000000000036e-10
1.364064064064063886e-01    1.592018526873724136e-05    1.000000000000000036e-10
1.367017017017017055e-01    1.690827768046052239e-05    1.000000000000000036e-10
1.369969969969969947e-01    1.792912380853882727e-05    1.000000000000000036e-10
1.372922922922922839e-01    1.898202702134787578e-05    1.000000000000000036e-10
1.375875875875875731e-01    2.006620961314060692e-05    1.000000000000000036e-10
1.378828828828828623e-01    2.118081147262800530e-05    1.000000000000000036e-10
1.381781781781781793e-01    2.232488964305157089e-05    1.000000000000000036e-10
1.384734734734734685e-01    2.349741818916885975e-05    1.000000000000000036e-10
1.387687687687687577e-01    2.469728808089210930e-05    1.000000000000000036e-10
1.390640640640640469e-01    2.592330815681904104e-05    1.000000000000000036e-10
1.393593593593593638e-01    2.717420576233985942e-05    1.000000000000000036e-10
1.396546546546546530e-01    2.844862820610421795e-05    1.000000000000000036e-10
1.399499499499499422e-01    2.974514456022176159e-05    1.000000000000000036e-10
1.402452452452452314e-01    3.106224740203678610e-05    1.000000000000000036e-10
1.405405405405405206e-01    3.239835559632336665e-05    1.000000000000000036e-10
1.408358358358358375e-01    3.375181664166629374e-05    1.000000000000000036e-10
1.411311311311311267e-01    3.512090994557300874e-05    1.000000000000000036e-10
1.414264264264264159e-01    3.650385007761673705e-05    1.000000000000000036e-10
1.417217217217217051e-01    3.789879028181177456e-05    1.000000000000000036e-10
1.420170170170170221e-01    3.930382658630728087e-05    1.000000000000000036e-10
1.423123123123123113e-01    4.071700162237641056e-05    1.000000000000000036e-10
1.426076076076076005e-01    4.213630930120554254e-05    1.000000000000000036e-10
1.429029029029028897e-01    4.355969911182513347e-05    1.000000000000000036e-10
1.431981981981981789e-01    4.498508108536586287e-05    1.000000000000000036e-10
1.434934934934934958e-01    4.641033062232779207e-05    1.000000000000000036e-10
1.437887887887887850e-01    4.783329362574693396e-05    1.000000000000000036e-10
1.440840840840840742e-01    4.925179175213589258e-05    1.000000000000000036e-10
1.443793793793793634e-01    5.066362770447366449e-05    1.000000000000000036e-10
1.446746746746746526e-01    5.206659073611845498e-05    1.000000000000000036e-10
1.449699699699699695e-01    5.345846211293190021e-05    1.000000000000000036e-10
1.452652652652652587e-01    5.483702071077384532e-05    1.000000000000000036e-10
1.455605605605605479e-01    5.620004862288838698e-05    1.000000000000000036e-10
1.458558558558558371e-01    5.754533673597848252e-05    1.000000000000000036e-10
1.461511511511511541e-01    5.887069041383548128e-05    1.000000000000000036e-10
1.464464464464464433e-01    6.017393497863525990e-05    1.000000000000000036e-10
1.467417417417417325e-01    6.145292137496188866e-05    1.000000000000000036e-10
1.470370370370370217e-01    6.270553150139097118e-05    1.000000000000000036e-10
1.473323323323323109e-01    6.392968375783243510e-05    1.000000000000000036e-10
1.476276276276276278e-01    6.512333817099991704e-05    1.000000000000000036e-10
1.479229229229229170e-01    6.628450174298655890e-05    1.000000000000000036e-10
1.482182182182182062e-01    6.741123330366289679e-05    1.000000000000000036e-10
1.485135135135134954e-01    6.850164860007958297e-05    1.000000000000000036e-10
1.488088088088088123e-01    6.955392479636102123e-05    1.000000000000000036e-10
1.491041041041041015e-01    7.056630526629284982e-05    1.000000000000000036e-10
1.493993993993993907e-01    7.153710365115573599e-05    1.000000000000000036e-10
1.496946946946946799e-01    7.246470833772857641e-05    1.000000000000000036e-10
1.499899899899899691e-01    7.334758598070067678e-05    1.000000000000000036e-10
1.502852852852852861e-01    7.418428566031805217e-05    1.000000000000000036e-10
1.505805805805805753e-01    7.497344178468488655e-05    1.000000000000000036e-10
1.508758758758758645e-01    7.571377791717539033e-05    1.000000000000000036e-10
1.511711711711711537e-01    7.640410900532048548e-05    1.000000000000000036e-10
1.514664664664664429e-01    7.704334483520420174e-05    1.000000000000000036e-10
1.517617617617617598e-01    7.763049160191142796e-05    1.000000000000000036e-10
1.520570570570570490e-01    7.816465487512772373e-05    1.000000000000000036e-10
1.523523523523523382e-01    7.864504062654898982e-05    1.000000000000000036e-10
1.526476476476476274e-01    7.907095750780968046e-05    1.000000000000000036e-10
1.529429429429429443e-01    7.944181753161675850e-05    1.000000000000000036e-10
1.532382382382382335e-01    7.975713742920904697e-05    1.000000000000000036e-10
1.535335335335335227e-01    8.001653919159843462e-05    1.000000000000000036e-10
1.538288288288288119e-01    8.021975032634269618e-05    1.000000000000000036e-10
1.541241241241241011e-01    8.036660437330848884e-05    1.000000000000000036e-10
1.544194194194194181e-01    8.045704005153352014e-05    1.000000000000000036e-10
1.547147147147147073e-01    8.049110163978075150e-05    1.000000000000000036e-10
1.550100100100099965e-01    8.046893730838100545e-05    1.000000000000000036e-10
1.553053053053052857e-01    8.039079893730249936e-05    1.000000000000000036e-10
1.556006006006006026e-01    8.025704019003595180e-05    1.000000000000000036e-10
1.558958958958958918e-01    8.006811526169755895e-05    1.000000000000000036e-10
1.561911911911911810e-01    7.982457713651117570e-05    1.000000000000000036e-10
1.564864864864864702e-01    7.952707509065243187e-05    1.000000000000000036e-10
1.567817817817817594e-01    7.917635309582223642e-05    1.000000000000000036e-10
1.570770770770770763e-01    7.877324648816658767e-05    1.000000000000000036e-10
1.573723723723723655e-01    7.831867990930430437e-05    1.000000000000000036e-10
1.576676676676676547e-01    7.781366393585434219e-05    1.000000000000000036e-10
1.579629629629629439e-01    7.725929194814807059e-05    1.000000000000000036e-10
1.582582582582582609e-01    7.665673712770549252e-05    1.000000000000000036e-10
1.585535535535535501e-01    7.600724835820816421e-05    1.000000000000000036e-10
1.588488488488488393e-01    7.531214715941655620e-05    1.000000000000000036e-10
1.591441441441441285e-01    7.457282341709460343e-05    1.000000000000000036e-10
1.594394394394394177e-01    7.379073153098931798e-05    1.000000000000000036e-10
1.597347347347347346e-01    7.296738653984522448e-05    1.000000000000000036e-10
1.600300300300300238e-01    7.210435950354359238e-05    1.000000000000000036e-10
1.603253253253253130e-01    7.120327363614292185e-05    1.000000000000000036e-10
1.606206206206206022e-01    7.026579966961731363e-05    1.000000000000000036e-10
1.609159159159159191e-01    6.929365140519015307e-05    1.000000000000000036e-10
1.612112112112112083e-01    6.828858143465581416e-05    1.000000000000000036e-10
1.615065065065064975e-01    6.725237631506710597e-05    1.000000000000000036e-10
1.618018018018017867e-01    6.618685220001208893e-05    1.000000000000000036e-10
1.620970970970970759e-01    6.509385022510120143e-05    1.000000000000000036e-10
1.623923923923923929e-01    6.397523183684472158e-05    1.000000000000000036e-10
1.626876876876876821e-01    6.283287436588175148e-05    1.000000000000000036e-10
1.629829829829829713e-01    6.166866640122908687e-05    1.000000000000000036e-10
1.632782782782782605e-01    6.048450331835902887e-05    1.000000000000000036e-10
1.635735735735735497e-01    5.928228285136318026e-05    1.000000000000000036e-10
1.638688688688688666e-01    5.806390071045589610e-05    1.000000000000000036e-10
1.641641641641641558e-01    5.683124629120280349e-05    1.000000000000000036e-10
1.644594594594594450e-01    5.558619842277288139e-05    1.000000000000000036e-10
1.647547547547547342e-01    5.433062134609355784e-05    1.000000000000000036e-10
1.650500500500500511e-01    5.306636064161700982e-05    1.000000000000000036e-10
1.653453453453453403e-01    5.179523932621674364e-05    1.000000000000000036e-10
1.656406406406406295e-01    5.051905424718935024e-05    1.000000000000000036e-10
1.659359359359359187e-01    4.923957231336747439e-05    1.000000000000000036e-10
1.662312312312312079e-01    4.795852705552249354e-05    1.000000000000000036e-10
1.665265265265265249e-01    4.667761548772557189e-05    1.000000000000000036e-10
1.668218218218218141e-01    4.539849473721114056e-05    1.000000000000000036e-10
1.671171171171171033e-01    4.412277912714609605e-05    1.000000000000000036e-10
1.674124124124123925e-01    4.285203756561248832e-05    1.000000000000000036e-10
1.677077077077077094e-01    4.158779066125048804e-05    1.000000000000000036e-10
1.680030030030029986e-01    4.033150834332249117e-05    1.000000000000000036e-10
1.682982982982982878e-01    3.908460783864463865e-05    1.000000000000000036e-10
1.685935935935935770e-01    3.784845135086763803e-05    1.000000000000000036e-10
1.688888888888888662e-01    3.662434419733054982e-05    1.000000000000000036e-10
1.691841841841841831e-01    3.541353341930835222e-05    1.000000000000000036e-10
1.694794794794794723e-01    3.421720609861116715e-05    1.000000000000000036e-10
1.697747747747747615e-01    3.303648796828312411e-05    1.000000000000000036e-10
1.700700700700700507e-01    3.187244266886897720e-05    1.000000000000000036e-10
1.703653653653653399e-01    3.072607076396988954e-05    1.000000000000000036e-10
1.706606606606606569e-01    2.959830879830753898e-05    1.000000000000000036e-10
1.709559559559559461e-01    2.849002915380604434e-05    1.000000000000000036e-10
1.712512512512512353e-01    2.740203978090202175e-05    1.000000000000000036e-10
1.715465465465465245e-01    2.633508377164639643e-05    1.000000000000000036e-10
1.718418418418418414e-01    2.528983966052986482e-05    1.000000000000000036e-10
1.721371371371371306e-01    2.426692185382880827e-05    1.000000000000000036e-10
1.724324324324324198e-01    2.326688084751246387e-05    1.000000000000000036e-10
1.727277277277277090e-01    2.229020378594867872e-05    1.000000000000000036e-10
1.730230230230229982e-01    2.133731552983352927e-05    1.000000000000000036e-10
1.733183183183183151e-01    2.040857955244973054e-05    1.000000000000000036e-10
1.736136136136136043e-01    1.950429877950307625e-05    1.000000000000000036e-10
1.739089089089088935e-01    1.862471707259934765e-05    1.000000000000000036e-10
1.742042042042041827e-01    1.777002071838249561e-05    1.000000000000000036e-10
1.744994994994994997e-01    1.694033979309886068e-05    1.000000000000000036e-10
1.747947947947947889e-01    1.613574973560833741e-05    1.000000000000000036e-10
1.750900900900900781e-01    1.535627334761330927e-05    1.000000000000000036e-10
1.753853853853853673e-01    1.460188266821821615e-05    1.000000000000000036e-10
1.756806806806806565e-01    1.387250077308140739e-05    1.000000000000000036e-10
1.759759759759759734e-01    1.316800392320925770e-05    1.000000000000000036e-10
1.762712712712712626e-01    1.248822385470657250e-05    1.000000000000000036e-10
1.765665665665665518e-01    1.183294997623919432e-05    1.000000000000000036e-10
1.768618618618618410e-01    1.120193152585303096e-05    1.000000000000000036e-10
1.771571571571571579e-01    1.059488004586975748e-05    1.000000000000000036e-10
1.774524524524524471e-01    1.001147185163638289e-05    1.000000000000000036e-10
1.777477477477477363e-01    9.451350440336115855e-06    1.000000000000000036e-10
1.780430430430430255e-01    8.914128870657466794e-06    1.000000000000000036e-10
1.783383383383383147e-01    8.399392357338063251e-06    1.000000000000000036e-10
1.786336336336336317e-01    7.906700812915769692e-06    1.000000000000000036e-10
1.789289289289289209e-01    7.435591336675486251e-06    1.000000000000000036e-10
1.792242242242242101e-01    6.985580664394552005e-06    1.000000000000000036e-10
1.795195195195194993e-01    6.556167723038859253e-06    1.000000000000000036e-10
1.798148148148148162e-01    6.146836126428881718e-06    1.000000000000000036e-10
1.801101101101101054e-01    5.757056606172156733e-06    1.000000000000000036e-10
1.804054054054053946e-01    5.386289392794061257e-06    1.000000000000000036e-10
1.807007007007006838e-01    5.033986602320700964e-06    1.000000000000000036e-10
1.809959959959959730e-01    4.699594563502024297e-06    1.000000000000000036e-10
1.812912912912912899e-01    4.382556061775794024e-06    1.000000000000000036e-10
1.815865865865865791e-01    4.082312523246553158e-06    1.000000000000000036e-10
1.818818818818818683e-01    3.798306143692500323e-06    1.000000000000000036e-10
1.821771771771771575e-01    3.529981930616632331e-06    1.000000000000000036e-10
1.824724724724724467e-01    3.276789654054632002e-06    1.000000000000000036e-10
1.827677677677677637e-01    3.038185714148679309e-06    1.000000000000000036e-10
1.830630630630630529e-01    2.813634944629867004e-06    1.000000000000000036e-10
1.833583583583583421e-01    2.602612292360883879e-06    1.000000000000000036e-10
1.836536536536536313e-01    2.404604383744066924e-06    1.000000000000000036e-10
1.839489489489489482e-01    2.219110999591071708e-06    1.000000000000000036e-10
1.842442442442442374e-01    2.045646456580762118e-06    1.000000000000000036e-10
1.845395395395395266e-01    1.883740908595127695e-06    1.000000000000000036e-10
1.848348348348348158e-01    1.732941470503201353e-06    1.000000000000000036e-10
1.851301301301301050e-01    1.592813245392097374e-06    1.000000000000000036e-10
1.854254254254254219e-01    1.462940249590287096e-06    1.000000000000000036e-10
1.857207207207207111e-01    1.342926238695595719e-06    1.000000000000000036e-10
1.860160160160160003e-01    1.232395443097140423e-06    1.000000000000000036e-10
1.863113113113112895e-01    1.130993111675316235e-06    1.000000000000000036e-10
1.866066066066066065e-01    1.038385967371611675e-06    1.000000000000000036e-10
1.869019019019018957e-01    9.542625608883080607e-07    1.000000000000000036e-10
1.871971971971971849e-01    8.783335198122188981e-07    1.000000000000000036e-10
1.874924924924924741e-01    8.103317192642113537e-07    1.000000000000000036e-10
1.877877877877877633e-01    7.500122744740404744e-07    1.000000000000000036e-10
1.880830830830830802e-01    6.971524368341481084e-07    1.000000000000000036e-10
1.883783783783783694e-01    6.515514057597282511e-07    1.000000000000000036e-10
1.886736736736736586e-01    6.130300406741476104e-07    1.000000000000000036e-10
1.889689689689689478e-01    5.814304969990366477e-07    1.000000000000000036e-10
1.892642642642642370e-01    5.566157536052050045e-07    1.000000000000000036e-10
1.895595595595595539e-01    5.384690090185587387e-07    1.000000000000000036e-10
1.898548548548548431e-01    5.268930227297588855e-07    1.000000000000000036e-10
1.901501501501501323e-01    5.218093782522511288e-07    1.000000000000000036e-10
1.904454454454454215e-01    5.231576705445475284e-07    1.000000000000000036e-10
1.907407407407407385e-01    5.308946380183807215e-07    1.000000000000000036e-10
1.910360360360360277e-01    5.449932029131765656e-07    1.000000000000000036e-10
1.913313313313313169e-01    5.654414363515390886e-07    1.000000000000000036e-10
1.916266266266266061e-01    5.922414867226995801e-07    1.000000000000000036e-10
1.919219219219218953e-01    6.254084579349994904e-07    1.000000000000000036e-10
1.922172172172172122e-01    6.649692423374983799e-07    1.000000000000000036e-10
1.925125125125125014e-01    7.109613195702022796e-07    1.000000000000000036e-10
1.928078078078077906e-01    7.634315144989885259e-07    1.000000000000000036e-10
1.931031031031030798e-01    8.224347137939847396e-07    1.000000000000000036e-10
1.933983983983983967e-01    8.880325724513732739e-07    1.000000000000000036e-10
1.936936936936936859e-01    9.602922046176712806e-07    1.000000000000000036e-10
1.939889889889889751e-01    1.039284863143672654e-06    1.000000000000000036e-10
1.942842842842842643e-01    1.125084613527599477e-06    1.000000000000000036e-10
1.945795795795795535e-01    1.217767006678098125e-06    1.000000000000000036e-10
1.948748748748748705e-01    1.317407753628939265e-06    1.000000000000000036e-10
1.951701701701701597e-01    1.424081414555760735e-06    1.000000000000000036e-10
1.954654654654654489e-01    1.537860105965475832e-06    1.000000000000000036e-10
1.957607607607607381e-01    1.658812229347992370e-06    1.000000000000000036e-10
1.960560560560560550e-01    1.787001226278631277e-06    1.000000000000000036e-10
1.963513513513513442e-01    1.922484364759134057e-06    1.000000000000000036e-10
1.966466466466466334e-01    2.065311557068052578e-06    1.000000000000000036e-10
1.969419419419419226e-01    2.215524217603581570e-06    1.000000000000000036e-10
1.972372372372372118e-01    2.373154175697389220e-06    1.000000000000000036e-10
1.975325325325325287e-01    2.538222633360314630e-06    1.000000000000000036e-10
1.978278278278278179e-01    2.710739175091265746e-06    1.000000000000000036e-10
1.981231231231231071e-01    2.890700833872292391e-06    1.000000000000000036e-10
1.984184184184183963e-01    3.078091216670373764e-06    1.000000000000000036e-10
1.987137137137137133e-01    3.272879692459633598e-06    1.000000000000000036e-10
1.990090090090090025e-01    3.475020640392776473e-06    1.000000000000000036e-10
1.993043043043042917e-01    3.684452765961488816e-06    1.000000000000000036e-10
1.995995995995995809e-01    3.901098501298166795e-06    1.000000000000000036e-10
1.998948948948948701e-01    4.124863470455533406e-06    1.000000000000000036e-10
2.001901901901901870e-01    4.355636027330949952e-06    1.000000000000000036e-10
2.004854854854854762e-01    4.593286868673005726e-06    1.000000000000000036e-10
2.007807807807807654e-01    4.837668723249186519e-06    1.000000000000000036e-10
2.010760760760760546e-01    5.088616117964171453e-06    1.000000000000000036e-10
2.013713713713713438e-01    5.345945221415071937e-06    1.000000000000000036e-10
2.016666666666666607e-01    5.609453761738568384e-06    1.000000000000000036e-10
2.019619619619619499e-01    5.878921020902080101e-06    1.000000000000000036e-10
2.022572572572572391e-01    6.154107918735582264e-06    1.000000000000000036e-10
2.025525525525525283e-01    6.434757167182656670e-06    1.000000000000000036e-10
2.028478478478478453e-01    6.720593498797298983e-06    1.000000000000000036e-10
2.031431431431431345e-01    7.011323969643873918e-06    1.000000000000000036e-10
2.034384384384384237e-01    7.306638335156702254e-06    1.000000000000000036e-10
2.037337337337337129e-01    7.606209497257841226e-06    1.000000000000000036e-10
2.040290290290290021e-01    7.909694020795263736e-06    1.000000000000000036e-10
2.043243243243243190e-01    8.216732717124325405e-06    1.000000000000000036e-10
2.046196196196196082e-01    8.526951292293821939e-06    1.000000000000000036e-10
2.049149149149148974e-01    8.839961054938040317e-06    1.000000000000000036e-10
2.052102102102101866e-01    9.155359687315935271e-06    1.000000000000000036e-10
2.055055055055055035e-01    9.472732074629480205e-06    1.000000000000000036e-10
2.058008008008007927e-01    9.791651184380118471e-06    1.000000000000000036e-10
2.060960960960960819e-01    1.011167899536634284e-05    1.000000000000000036e-10
2.063913913913913711e-01    1.043236747295871171e-05    1.000000000000000036e-10
2.066866866866866603e-01    1.075325958702602685e-05    1.000000000000000036e-10
2.069819819819819773e-01    1.107389036876858221e-05    1.000000000000000036e-10
2.072772772772772665e-01    1.139378800260379427e-05    1.000000000000000036e-10
2.075725725725725557e-01    1.171247494915709810e-05    1.000000000000000036e-10
2.078678678678678449e-01    1.202946909533520566e-05    1.000000000000000036e-10
2.081631631631631341e-01    1.234428492739175165e-05    1.000000000000000036e-10
2.084584584584584510e-01    1.265643472284891423e-05    1.000000000000000036e-10
2.087537537537537402e-01    1.296542975719154955e-05    1.000000000000000036e-10
2.090490490490490294e-01    1.327078152146728886e-05    1.000000000000000036e-10
2.093443443443443186e-01    1.357200294591842662e-05    1.000000000000000036e-10
2.096396396396396355e-01    1.386860962538937443e-05    1.000000000000000036e-10
2.099349349349349247e-01    1.416012104267610938e-05    1.000000000000000036e-10
2.102302302302302139e-01    1.444606178572074058e-05    1.000000000000000036e-10
2.105255255255255031e-01    1.472596275458446323e-05    1.000000000000000036e-10
2.108208208208207923e-01    1.499936235420372364e-05    1.000000000000000036e-10
2.111161161161161093e-01    1.526580766901100062e-05    1.000000000000000036e-10
2.114114114114113985e-01    1.552485561559233251e-05    1.000000000000000036e-10
2.117067067067066877e-01    1.577607406966143139e-05    1.000000000000000036e-10
2.120020020020019769e-01    1.601904296374245440e-05    1.000000000000000036e-10
2.122972972972972938e-01    1.625335535208153278e-05    1.000000000000000036e-10
2.125925925925925830e-01    1.647861843944655212e-05    1.000000000000000036e-10
2.128878878878878722e-01    1.669445457061887801e-05    1.000000000000000036e-10
2.131831831831831614e-01    1.690050217754093554e-05    1.000000000000000036e-10
2.134784784784784506e-01    1.709641668124721860e-05    1.000000000000000036e-10
2.137737737737737675e-01    1.728187134588069849e-05    1.000000000000000036e-10
2.140690690690690567e-01    1.745655808227878825e-05    1.000000000000000036e-10
2.143643643643643459e-01    1.762018819880701323e-05    1.000000000000000036e-10
2.146596596596596351e-01    1.777249309759917876e-05    1.000000000000000036e-10
2.149549549549549521e-01    1.791322491372908268e-05    1.000000000000000036e-10
2.152502502502502413e-01    1.804215709528491873e-05    1.000000000000000036e-10
2.155455455455455305e-01    1.815908492377302764e-05    1.000000000000000036e-10
2.158408408408408197e-01    1.826382597316489914e-05    1.000000000000000036e-10
2.161361361361361089e-01    1.835622050645100456e-05    1.000000000000000036e-10
2.164314314314314258e-01    1.843613180881610412e-05    1.000000000000000036e-10
2.167267267267267150e-01    1.850344645676322720e-05    1.000000000000000036e-10
2.170220220220220042e-01    1.855807452273078439e-05    1.000000000000000036e-10
2.173173173173172934e-01    1.859994971496073624e-05    1.000000000000000036e-10
2.176126126126126104e-01    1.862902945258892461e-05    1.000000000000000036e-10
2.179079079079078995e-01    1.864529487614042754e-05    1.000000000000000036e-10
2.182032032032031887e-01    1.864875079382040623e-05    1.000000000000000036e-10
2.184984984984984779e-01    1.863942556419630135e-05    1.000000000000000036e-10
2.187937937937937671e-01    1.861737091606762689e-05    1.000000000000000036e-10
2.190890890890890841e-01    1.858266170651594871e-05    1.000000000000000036e-10
2.193843843843843733e-01    1.853539561831830186e-05    1.000000000000000036e-10
2.196796796796796625e-01    1.847569279809196100e-05    1.000000000000000036e-10
2.199749749749749517e-01    1.840369543671685970e-05    1.000000000000000036e-10
2.202702702702702409e-01    1.831956729375362443e-05    1.000000000000000036e-10
2.205655655655655578e-01    1.822349316773817522e-05    1.000000000000000036e-10
2.208608608608608470e-01    1.811567831439101999e-05    1.000000000000000036e-10
2.211561561561561362e-01    1.799634781492541566e-05    1.000000000000000036e-10
2.214514514514514254e-01    1.786574589677804417e-05    1.000000000000000036e-10
2.217467467467467424e-01    1.772413520921599042e-05    1.000000000000000036e-10
2.220420420420420315e-01    1.757179605639196294e-05    1.000000000000000036e-10
2.223373373373373207e-01    1.740902559053160166e-05    1.000000000000000036e-10
2.226326326326326099e-01    1.723613696803688011e-05    1.000000000000000036e-10
2.229279279279278991e-01    1.705345847137783693e-05    1.000000000000000036e-10
2.232232232232232161e-01    1.686133259972641632e-05    1.000000000000000036e-10
2.235185185185185053e-01    1.666011513135403848e-05    1.000000000000000036e-10
2.238138138138137945e-01    1.645017416087171541e-05    1.000000000000000036e-10
2.241091091091090837e-01    1.623188911444171294e-05    1.000000000000000036e-10
2.244044044044044006e-01    1.600564974612270918e-05    1.000000000000000036e-10
2.246996996996996898e-01    1.577185511853850433e-05    1.000000000000000036e-10
2.249949949949949790e-01    1.553091257107523071e-05    1.000000000000000036e-10
2.252902902902902682e-01    1.528323667881454660e-05    1.000000000000000036e-10
2.255855855855855574e-01    1.502924820540486257e-05    1.000000000000000036e-10
2.258808808808808744e-01    1.476937305305717554e-05    1.000000000000000036e-10
2.261761761761761635e-01    1.450404121282207889e-05    1.000000000000000036e-10
2.264714714714714527e-01    1.423368571826845000e-05    1.000000000000000036e-10
2.267667667667667419e-01    1.395874160563950724e-05    1.000000000000000036e-10
2.270620620620620311e-01    1.367964488350078593e-05    1.000000000000000036e-10
2.273573573573573481e-01    1.339683151483221916e-05    1.000000000000000036e-10
2.276526526526526373e-01    1.311073641444080172e-05    1.000000000000000036e-10
2.279479479479479265e-01    1.282179246448437704e-05    1.000000000000000036e-10
2.282432432432432157e-01    1.253042955081038963e-05    1.000000000000000036e-10
2.285385385385385326e-01    1.223707362270809026e-05    1.000000000000000036e-10
2.288338338338338218e-01    1.194214577856958838e-05    1.000000000000000036e-10
2.291291291291291110e-01    1.164606137984044807e-05    1.000000000000000036e-10
2.294244244244244002e-01    1.134922919551957237e-05    1.000000000000000036e-10
2.297197197197196894e-01    1.105205057934079355e-05    1.000000000000000036e-10
2.300150150150150063e-01    1.075491868162231388e-05    1.000000000000000036e-10
2.303103103103102955e-01    1.045821769740368681e-05    1.000000000000000036e-10
2.306056056056055847e-01    1.016232215302907471e-05    1.000000000000000036e-10
2.309009009009008739e-01    9.867596232794099390e-06    1.000000000000000036e-10
2.311961961961961909e-01    9.574393146741783694e-06    1.000000000000000036e-10
2.314914914914914801e-01    9.283054541017710885e-06    1.000000000000000036e-10
2.317867867867867693e-01    8.993909951911548668e-06    1.000000000000000036e-10
2.320820820820820585e-01    8.707276304552791555e-06    1.000000000000000036e-10
2.323773773773773477e-01    8.423457457073009214e-06    1.000000000000000036e-10
2.326726726726726646e-01    8.142743790887842795e-06    1.000000000000000036e-10
2.329679679679679538e-01    7.865411847592784569e-06    1.000000000000000036e-10
2.332632632632632430e-01    7.591724012810751088e-06    1.000000000000000036e-10
2.335585585585585322e-01    7.321928247173028310e-06    1.000000000000000036e-10
2.338538538538538492e-01    7.056257864456417070e-06    1.000000000000000036e-10
2.341491491491491383e-01    6.794931356749288495e-06    1.000000000000000036e-10
2.344444444444444275e-01    6.538152266366958170e-06    1.000000000000000036e-10
2.347397397397397167e-01    6.286109104087175610e-06    1.000000000000000036e-10
2.350350350350350059e-01    6.038975313133154248e-06    1.000000000000000036e-10
2.353303303303303229e-01    5.796909278190470096e-06    1.000000000000000036e-10
2.356256256256256121e-01    5.560054378605215020e-06    1.000000000000000036e-10
2.359209209209209013e-01    5.328539084781790870e-06    1.000000000000000036e-10
2.362162162162161905e-01    5.102477096618745486e-06    1.000000000000000036e-10
2.365115115115115074e-01    4.881967521152392491e-06    1.000000000000000036e-10
2.368068068068067966e-01    4.667095090907668164e-06    1.000000000000000036e-10
2.371021021021020858e-01    4.457930422834079006e-06    1.000000000000000036e-10
2.373973973973973750e-01    4.254530311984697014e-06    1.000000000000000036e-10
2.376926926926926642e-01    4.056938059912843341e-06    1.000000000000000036e-10
2.379879879879879812e-01    3.865183836162849797e-06    1.000000000000000036e-10
2.382832832832832703e-01    3.679285071020264655e-06    1.000000000000000036e-10
2.385785785785785595e-01    3.499246877613480974e-06    1.000000000000000036e-10
2.388738738738738487e-01    3.325062501388749547e-06    1.000000000000000036e-10
2.391691691691691379e-01    3.156713794920289492e-06    1.000000000000000036e-10
2.394644644644644549e-01    2.994171715965859021e-06    1.000000000000000036e-10
2.397597597597597441e-01    2.837396846631576489e-06    1.000000000000000036e-10
2.400550550550550333e-01    2.686339931473444533e-06    1.000000000000000036e-10
2.403503503503503225e-01    2.540942432335533754e-06    1.000000000000000036e-10
2.406456456456456394e-01    2.401137097299083069e-06    1.000000000000000036e-10
2.409409409409409286e-01    2.266848539994915206e-06    1.000000000000000036e-10
2.412362362362362178e-01    2.137993833736953052e-06    1.000000000000000036e-10
2.415315315315315070e-01    2.014483112736978892e-06    1.000000000000000036e-10
2.418268268268267962e-01    1.896220177378931811e-06    1.000000000000000036e-10
2.421221221221221132e-01    1.783103102822912998e-06    1.000000000000000036e-10
2.424174174174174023e-01    1.675024848755610759e-06    1.000000000000000036e-10
2.427127127127126915e-01    1.571873868128396015e-06    1.000000000000000036e-10
2.430080080080079807e-01    1.473534712765511406e-06    1.000000000000000036e-10
2.433033033033032977e-01    1.379888633769952811e-06    1.000000000000000036e-10
2.435985985985985869e-01    1.290814174707424503e-06    1.000000000000000036e-10
2.438938938938938761e-01    1.206187755608907778e-06    1.000000000000000036e-10
2.441891891891891653e-01    1.125884245856574787e-06    1.000000000000000036e-10
2.444844844844844545e-01    1.049777524613049081e-06    1.000000000000000036e-10
2.447797797797797714e-01    9.777410279403779223e-07    1.000000000000000036e-10
2.450750750750750606e-01    9.096482783430843919e-07    1.000000000000000036e-10
2.453703703703703498e-01    8.453733958906659825e-07    1.000000000000000036e-10
2.456656656656656390e-01    7.847915898764997100e-07    1.000000000000000036e-10
2.459609609609609282e-01    7.277796296129936678e-07    1.000000000000000036e-10
2.462562562562562452e-01    6.742162930599437386e-07    1.000000000000000036e-10
2.465515515515515343e-01    6.239827920847183523e-07    1.000000000000000036e-10
2.468468468468468235e-01    5.769631732565254849e-07    1.000000000000000036e-10
2.471421421421421127e-01    5.330446932442663466e-07    1.000000000000000036e-10
2.474374374374374297e-01    4.921181706140628559e-07    1.000000000000000036e-10
2.477327327327327189e-01    4.540783100575446235e-07    1.000000000000000036e-10
2.480280280280280081e-01    4.188239937928823624e-07    1.000000000000000036e-10
2.483233233233232973e-01    3.862585466723057060e-07    1.000000000000000036e-10
2.486186186186185865e-01    3.562899726484359353e-07    1.000000000000000036e-10
2.489139139139139034e-01    3.288311620593669976e-07    1.000000000000000036e-10
2.492092092092091926e-01    3.038000695193244160e-07    1.000000000000000036e-10
2.495045045045044818e-01    2.811198623124747897e-07    1.000000000000000036e-10
2.497997997997997710e-01    2.607190392967925917e-07    1.000000000000000036e-10
2.500950950950950880e-01    2.425315225077325696e-07    1.000000000000000036e-10
2.503903903903903494e-01    2.264967241061744661e-07    1.000000000000000036e-10
2.506856856856856663e-01    2.125595718585086003e-07    1.000000000000000036e-10
2.509809809809809278e-01    2.006705094549115676e-07    1.000000000000000036e-10
2.512762762762762447e-01    1.907854708639858965e-07    1.000000000000000036e-10
2.515715715715715617e-01    1.828658273732538551e-07    1.000000000000000036e-10
2.518668668668668231e-01    1.768783080333487555e-07    1.000000000000000036e-10
2.521621621621621401e-01    1.727948943104536613e-07    1.000000000000000036e-10
2.524574574574574015e-01    1.705926899580820184e-07    1.000000000000000036e-10
2.527527527527527185e-01    1.702537721156291861e-07    1.000000000000000036e-10
2.530480480480480354e-01    1.717650151329542400e-07    1.000000000000000036e-10
2.533433433433432969e-01    1.751178831163982544e-07    1.000000000000000036e-10
2.536386386386386138e-01    1.803082088042336322e-07    1.000000000000000036e-10
2.539339339339338752e-01    1.873359536578543778e-07    1.000000000000000036e-10
2.542292292292291922e-01    1.962049498835706160e-07    1.000000000000000036e-10
2.545245245245245092e-01    2.069226257301440373e-07    1.000000000000000036e-10
2.548198198198197706e-01    2.194997155169845198e-07    1.000000000000000036e-10
2.551151151151150875e-01    2.339499588513263524e-07    1.000000000000000036e-10
2.554104104104104045e-01    2.502897829887111752e-07    1.000000000000000036e-10
2.557057057057056659e-01    2.685379679187843985e-07    1.000000000000000036e-10
2.560010010010009829e-01    2.887153081219343438e-07    1.000000000000000036e-10
2.562962962962962998e-01    3.108442669874072834e-07    1.000000000000000036e-10
2.565915915915915613e-01    3.349486249115318622e-07    1.000000000000000036e-10
2.568868868868868782e-01    3.610531226093537185e-07    1.000000000000000036e-10
2.571821821821821397e-01    3.891831011004268408e-07    1.000000000000000036e-10
2.574774774774774566e-01    4.193641376821273747e-07    1.000000000000000036e-10
2.577727727727727736e-01    4.516216792594486991e-07    1.000000000000000036e-10
2.580680680680680350e-01    4.859806804305326524e-07    1.000000000000000036e-10
2.583633633633633520e-01    5.224652453466919639e-07    1.000000000000000036e-10
2.586586586586586134e-01    5.610982739314656121e-07    1.000000000000000036e-10
2.589539539539539303e-01    6.019011138591766706e-07    1.000000000000000036e-10
2.592492492492492473e-01    6.448932190355199329e-07    1.000000000000000036e-10
2.595445445445445087e-01    6.900918081150947323e-07    1.000000000000000036e-10
2.598398398398398257e-01    7.375115387150249387e-07    1.000000000000000036e-10
2.601351351351350871e-01    7.871641995786815813e-07    1.000000000000000036e-10
2.604304304304304041e-01    8.390584115640390843e-07    1.000000000000000036e-10
2.607257257257257210e-01    8.931993419915606134e-07    1.000000000000000036e-10
2.610210210210209825e-01    9.495884334830051345e-07    1.000000000000000036e-10
2.613163163163162994e-01    1.008223145628761806e-06    1.000000000000000036e-10
2.616116116116116164e-01    1.069096697720318771e-06    1.000000000000000036e-10
2.619069069069068778e-01    1.132197852763068031e-06    1.000000000000000036e-10
2.622022022022021948e-01    1.197510721448042950e-06    1.000000000000000036e-10
2.624974974974974562e-01    1.265014578298477371e-06    1.000000000000000036e-10
2.627927927927927731e-01    1.334683697310052124e-06    1.000000000000000036e-10
2.630880880880880901e-01    1.406487207488628184e-06    1.000000000000000036e-10
2.633833833833833515e-01    1.480388955200765554e-06    1.000000000000000036e-10
2.636786786786786685e-01    1.556347387942742251e-06    1.000000000000000036e-10
2.639739739739739299e-01    1.634315494237683214e-06    1.000000000000000036e-10
2.642692692692692469e-01    1.714240748011396236e-06    1.000000000000000036e-10
2.645645645645645638e-01    1.796065072220808128e-06    1.000000000000000036e-10
2.648598598598598253e-01    1.879724824224202027e-06    1.000000000000000036e-10
2.651551551551551422e-01    1.965150795105042001e-06    1.000000000000000036e-10
2.654504504504504037e-01    2.052268214417677372e-06    1.000000000000000036e-10
2.657457457457457206e-01    2.140996825687344940e-06    1.000000000000000036e-10
2.660410410410410376e-01    2.231250968748263971e-06    1.000000000000000036e-10
2.663363363363362990e-01    2.322939674887689208e-06    1.000000000000000036e-10
2.666316316316316160e-01    2.415966782502066736e-06    1.000000000000000036e-10
2.669269269269269329e-01    2.510231066658584158e-06    1.000000000000000036e-10
2.672222222222221943e-01    2.605626371694895385e-06    1.000000000000000036e-10
2.675175175175175113e-01    2.702041812157391191e-06    1.000000000000000036e-10
2.678128128128127727e-01    2.799361978604994735e-06    1.000000000000000036e-10
2.681081081081080897e-01    2.897467150653165584e-06    1.000000000000000036e-10
2.684034034034034066e-01    2.996233526700124468e-06    1.000000000000000036e-10
2.686986986986986681e-01    3.095533462466730286e-06    1.000000000000000036e-10
2.689939939939939850e-01    3.195235719739769775e-06    1.000000000000000036e-10
2.692892892892892465e-01    3.295205769739231788e-06    1.000000000000000036e-10
2.695845845845845634e-01    3.395306090018593841e-06    1.000000000000000036e-10
2.698798798798798804e-01    3.495396467269724534e-06    1.000000000000000036e-10
2.701751751751751418e-01    3.595334310884568642e-06    1.000000000000000036e-10
2.704704704704704588e-01    3.694974970710279301e-06    1.000000000000000036e-10
2.707657657657657202e-01    3.794172077953450630e-06    1.000000000000000036e-10
2.710610610610610371e-01    3.892777904640932594e-06    1.000000000000000036e-10
2.713563563563563541e-01    3.990643713835193995e-06    1.000000000000000036e-10
2.716516516516516155e-01    4.087620113874930034e-06    1.000000000000000036e-10
2.719469469469469325e-01    4.183557417340012646e-06    1.000000000000000036e-10
2.722422422422421939e-01    4.278306012777690991e-06    1.000000000000000036e-10
2.725375375375375109e-01    4.371716741717155331e-06    1.000000000000000036e-10
2.728328328328328278e-01    4.463641265360121989e-06    1.000000000000000036e-10
2.731281281281280893e-01    4.553932428990008755e-06    1.000000000000000036e-10
2.734234234234234062e-01    4.642444624952818783e-06    1.000000000000000036e-10
2.737187187187187232e-01    4.729034170747067840e-06    1.000000000000000036e-10
2.740140140140139846e-01    4.813559684795710199e-06    1.000000000000000036e-10
2.743093093093093016e-01    4.895882427885876918e-06    1.000000000000000036e-10
2.746046046046045630e-01    4.975866646530274392e-06    1.000000000000000036e-10
2.748998998998998800e-01    5.053379909789211558e-06    1.000000000000000036e-10
2.751951951951951969e-01    5.128293457454538180e-06    1.000000000000000036e-10
2.754904904904904583e-01    5.200482559695380549e-06    1.000000000000000036e-10
2.757857857857857753e-01    5.269826799951232660e-06    1.000000000000000036e-10
2.760810810810810367e-01    5.336210365609167517e-06    1.000000000000000036e-10
2.763763763763763537e-01    5.399522332188678119e-06    1.000000000000000036e-10
2.766716716716716706e-01    5.459656954463555643e-06    1.000000000000000036e-10
2.769669669669669321e-01    5.516513985084826802e-06    1.000000000000000036e-10
2.772622622622622490e-01    5.569998876865939338e-06    1.000000000000000036e-10
2.775575575575575105e-01    5.620022994524571484e-06    1.000000000000000036e-10
2.778528528528528274e-01    5.666503824742293279e-06    1.000000000000000036e-10
2.781481481481481444e-01    5.709365193660611342e-06    1.000000000000000036e-10
2.784434434434434058e-01    5.748537518935015146e-06    1.000000000000000036e-10
2.787387387387387228e-01    5.783957911602336476e-06    1.000000000000000036e-10
2.790340340340340397e-01    5.815570294838759854e-06    1.000000000000000036e-10
2.793293293293293011e-01    5.843325525284393615e-06    1.000000000000000036e-10
2.796246246246246181e-01    5.867181531009818323e-06    1.000000000000000036e-10
2.799199199199198795e-01    5.887103472465625687e-06    1.000000000000000036e-10
2.802152152152151965e-01    5.903063728995099386e-06    1.000000000000000036e-10
2.805105105105105134e-01    5.915041923566742803e-06    1.000000000000000036e-10
2.808058058058057749e-01    5.923024949093776348e-06    1.000000000000000036e-10
2.811011011011010918e-01    5.927007032378810346e-06    1.000000000000000036e-10
2.813963963963963533e-01    5.926989772756939052e-06    1.000000000000000036e-10
2.816916916916916702e-01    5.922982017767731360e-06    1.000000000000000036e-10
2.819869869869869872e-01    5.914999800338983673e-06    1.000000000000000036e-10
2.822822822822822486e-01    5.903066274808314775e-06    1.000000000000000036e-10
2.825775775775775656e-01    5.887211714687839958e-06    1.000000000000000036e-10
2.828728728728728270e-01    5.867473396047009264e-06    1.000000000000000036e-10
2.831681681681681439e-01    5.843895394052583897e-06    1.000000000000000036e-10
2.834634634634634609e-01    5.816528440408390117e-06    1.000000000000000036e-10
2.837587587587587223e-01    5.785429788999718865e-06    1.000000000000000036e-10
2.840540540540540393e-01    5.750663132141077087e-06    1.000000000000000036e-10
2.843493493493493007e-01    5.712298330494103972e-06    1.000000000000000036e-10
2.846446446446446177e-01    5.670411170986846350e-06    1.000000000000000036e-10
2.849399399399399346e-01    5.625083154232911430e-06    1.000000000000000036e-10
2.852352352352351961e-01    5.576401321689886008e-06    1.000000000000000036e-10
2.855305305305305130e-01    5.524458034148527465e-06    1.000000000000000036e-10
2.858258258258258300e-01    5.469350629441115325e-06    1.000000000000000036e-10
2.861211211211210914e-01    5.411181153735376739e-06    1.000000000000000036e-10
2.864164164164164084e-01    5.350056104859524817e-06    1.000000000000000036e-10
2.867117117117116698e-01    5.286086210948936772e-06    1.000000000000000036e-10
2.870070070070069868e-01    5.219386073938333929e-06    1.000000000000000036e-10
2.873023023023023037e-01    5.150073839679160872e-06    1.000000000000000036e-10
2.875975975975975651e-01    5.078270901892036175e-06    1.000000000000000036e-10
2.878928928928928821e-01    5.004101630933772786e-06    1.000000000000000036e-10
2.881881881881881435e-01    4.927693048515265005e-06    1.000000000000000036e-10
2.884834834834834605e-01    4.849174460024499776e-06    1.000000000000000036e-10
2.887787787787787774e-01    4.768677140901450848e-06    1.000000000000000036e-10
2.890740740740740389e-01    4.686334032744976619e-06    1.000000000000000036e-10
2.893693693693693558e-01    4.602279427306273542e-06    1.000000000000000036e-10
2.896646646646646173e-01    4.516648606319254779e-06    1.000000000000000036e-10
2.899599599599599342e-01    4.429577524996330242e-06    1.000000000000000036e-10
2.902552552552552512e-01    4.341202506598524095e-06    1.000000000000000036e-10
2.905505505505505126e-01    4.251659920412786019e-06    1.000000000000000036e-10
2.908458458458458296e-01    4.161085851284719415e-06    1.000000000000000036e-10
2.911411411411410910e-01    4.069615803374187615e-06    1.000000000000000036e-10
2.914364364364364079e-01    3.977384414257742625e-06    1.000000000000000036e-10
2.917317317317317249e-01    3.884525139072048264e-06    1.000000000000000036e-10
2.920270270270269863e-01    3.791169945648708592e-06    1.000000000000000036e-10
2.923223223223223033e-01    3.697449065910530727e-06    1.000000000000000036e-10
2.926176176176176202e-01    3.603490744141236161e-06    1.000000000000000036e-10
2.929129129129128817e-01    3.509420946935173269e-06    1.000000000000000036e-10
2.932082082082081986e-01    3.415363078554461468e-06    1.000000000000000036e-10
2.935035035035034601e-01    3.321437798967411339e-06    1.000000000000000036e-10
2.937987987987987770e-01    3.227762818856952812e-06    1.000000000000000036e-10
2.940940940940940940e-01    3.134452650265412047e-06    1.000000000000000036e-10
2.943893893893893554e-01    3.041618345381935388e-06    1.000000000000000036e-10
2.946846846846846724e-01    2.949367390031149380e-06    1.000000000000000036e-10
2.949799799799799338e-01    2.857803555300279809e-06    1.000000000000000036e-10
2.952752752752752508e-01    2.767026696452006640e-06    1.000000000000000036e-10
2.955705705705705677e-01    2.677132525096340990e-06    1.000000000000000036e-10
2.958658658658658291e-01    2.588212580798408123e-06    1.000000000000000036e-10
2.961611611611611461e-01    2.500354144193921751e-06    1.000000000000000036e-10
2.964564564564564075e-01    2.413640085389614506e-06    1.000000000000000036e-10
2.967517517517517245e-01    2.328148682415273555e-06    1.000000000000000036e-10
2.970470470470470414e-01    2.243953670430199032e-06    1.000000000000000036e-10
2.973423423423423029e-01    2.161124214954899951e-06    1.000000000000000036e-10
2.976376376376376198e-01    2.079724806016865439e-06    1.000000000000000036e-10
2.979329329329328813e-01    1.999815137240630690e-06    1.000000000000000036e-10
2.982282282282281982e-01    1.921450228131075831e-06    1.000000000000000036e-10
2.985235235235235152e-01    1.844680450528156717e-06    1.000000000000000036e-10
2.988188188188187766e-01    1.769551461389270898e-06    1.000000000000000036e-10
2.991141141141140936e-01    1.696104158361278818e-06    1.000000000000000036e-10
2.994094094094094105e-01    1.624374863423691007e-06    1.000000000000000036e-10
2.997047047047046719e-01    1.554395392167046447e-06    1.000000000000000036e-10
2.999999999999999889e-01    1.486193017752806919e-06    1.000000000000000036e-10
