5.000000000000000104e-03    9.999564168597360192e-01    1.000000000000000036e-10
5.295295295295295371e-03    9.999564168597356861e-01    1.000000000000000036e-10
5.590590590590590638e-03    9.999564168597355751e-01    1.000000000000000036e-10
5.885885885885885904e-03    9.999564168597361302e-01    1.000000000000000036e-10
6.181181181181181171e-03    9.999564168597359082e-01    1.000000000000000036e-10
6.476476476476476438e-03    9.999564168597359082e-01    1.000000000000000036e-10
6.771771771771771704e-03    9.999564168597362412e-01    1.000000000000000036e-10
7.067067067067066971e-03    9.999564168597357972e-01    1.000000000000000036e-10
7.362362362362362238e-03    9.999564168597357972e-01    1.000000000000000036e-10
7.657657657657657505e-03    9.999564168597361302e-01    1.000000000000000036e-10
7.952952952952951904e-03    9.999564168597356861e-01    1.000000000000000036e-10
8.248248248248248038e-03    9.999564168597356861e-01    1.000000000000000036e-10
8.543543543543544172e-03    9.999564168597364633e-01    1.000000000000000036e-10
8.838838838838838571e-03    9.999564168597356861e-01    1.000000000000000036e-10
9.134134134134132971e-03    9.999564168597361302e-01    1.000000000000000036e-10
9.429429429429429105e-03    9.999564168597356861e-01    1.000000000000000036e-10
9.724724724724725239e-03    9.999564168423651367e-01    1.000000000000000036e-10
1.002002002002001964e-02    9.863347930151233900e-01    1.000000000000000036e-10
1.031531531531531404e-02    6.277615927163826548e-01    1.000000000000000036e-10
1.061061061061061017e-02    4.802099434082325313e-01    1.000000000000000036e-10
1.090590590590590631e-02    4.241746193306009660e-01    1.000000000000000036e-10
1.120120120120120071e-02    3.940587938894526965e-01    1.000000000000000036e-10
1.149649649649649510e-02    3.755282902747345553e-01    1.000000000000000036e-10
1.179179179179179124e-02    3.630636345441961566e-01    1.000000000000000036e-10
1.208708708708708737e-02    3.540603918679854356e-01    1.000000000000000036e-10
1.238238238238238177e-02    3.471378635272543423e-01    1.000000000000000036e-10
1.267767767767767617e-02    3.415054987567322509e-01    1.000000000000000036e-10
1.297297297297297231e-02    3.366851552312553619e-01    1.000000000000000036e-10
1.326826826826826844e-02    3.323756620277146800e-01    1.000000000000000036e-10
1.356356356356356457e-02    3.283814191296876572e-01    1.000000000000000036e-10
1.385885885885885724e-02    3.245724311689289210e-01    1.000000000000000036e-10
1.415415415415415337e-02    3.208608444392870296e-01    1.000000000000000036e-10
1.444944944944944951e-02    3.171866265996214906e-01    1.000000000000000036e-10
1.474474474474474564e-02    3.135085395489348170e-01    1.000000000000000036e-10
1.504004004004003830e-02    3.097982917549336190e-01    1.000000000000000036e-10
1.533533533533533444e-02    3.060366610318009939e-01    1.000000000000000036e-10
1.563063063063063057e-02    3.022108717295354796e-01    1.000000000000000036e-10
1.592592592592592671e-02    2.983127893064962399e-01    1.000000000000000036e-10
1.622122122122121937e-02    2.943376584733891632e-01    1.000000000000000036e-10
1.651651651651651551e-02    2.902832093309444805e-01    1.000000000000000036e-10
1.681181181181181164e-02    2.861490166031132598e-01    1.000000000000000036e-10
1.710710710710710777e-02    2.819360353816087184e-01    1.000000000000000036e-10
1.740240240240240044e-02    2.776462614941073714e-01    1.000000000000000036e-10
1.769769769769769657e-02    2.732824808187607757e-01    1.000000000000000036e-10
1.799299299299299271e-02    2.688480826830451087e-01    1.000000000000000036e-10
1.828828828828828884e-02    2.643469198131749853e-01    1.000000000000000036e-10
1.858358358358358151e-02    2.597832023296163806e-01    1.000000000000000036e-10
1.887887887887887764e-02    2.551614167850450032e-01    1.000000000000000036e-10
1.917417417417417377e-02    2.504862637012315596e-01    1.000000000000000036e-10
1.946946946946946991e-02    2.457626088130046849e-01    1.000000000000000036e-10
1.976476476476476257e-02    2.409954444844033261e-01    1.000000000000000036e-10
2.006006006006005871e-02    2.361898586746975504e-01    1.000000000000000036e-10
2.035535535535535484e-02    2.313510094980865683e-01    1.000000000000000036e-10
2.065065065065065097e-02    2.264841039140761125e-01    1.000000000000000036e-10
2.094594594594594364e-02    2.215943794508972164e-01    1.000000000000000036e-10
2.124124124124123977e-02    2.166870881388842374e-01    1.000000000000000036e-10
2.153653653653653591e-02    2.117674820377229705e-01    1.000000000000000036e-10
2.183183183183183204e-02    2.068407998990302865e-01    1.000000000000000036e-10
2.212712712712712818e-02    2.019122546261362672e-01    1.000000000000000036e-10
2.242242242242242084e-02    1.969870212858532421e-01    1.000000000000000036e-10
2.271771771771771697e-02    1.920702254989890834e-01    1.000000000000000036e-10
2.301301301301301311e-02    1.871669320922554891e-01    1.000000000000000036e-10
2.330830830830830577e-02    1.822821339379579741e-01    1.000000000000000036e-10
2.360360360360360191e-02    1.774207409425481163e-01    1.000000000000000036e-10
2.389889889889889804e-02    1.725875691710508641e-01    1.000000000000000036e-10
2.419419419419419418e-02    1.677873301165369591e-01    1.000000000000000036e-10
2.448948948948949031e-02    1.630246201384557003e-01    1.000000000000000036e-10
2.478478478478478297e-02    1.583039101077729771e-01    1.000000000000000036e-10
2.508008008008007911e-02    1.536295353042823053e-01    1.000000000000000036e-10
2.537537537537537524e-02    1.490056856189965473e-01    1.000000000000000036e-10
2.567067067067066791e-02    1.444363961184994549e-01    1.000000000000000036e-10
2.596596596596596404e-02    1.399255380298461970e-01    1.000000000000000036e-10
2.626126126126126017e-02    1.354768102062915702e-01    1.000000000000000036e-10
2.655655655655655631e-02    1.310937311329115340e-01    1.000000000000000036e-10
2.685185185185185244e-02    1.267796315270661445e-01    1.000000000000000036e-10
2.714714714714714511e-02    1.225376475898172918e-01    1.000000000000000036e-10
2.744244244244244124e-02    1.183707149558840821e-01    1.000000000000000036e-10
2.773773773773773738e-02    1.142815633865905817e-01    1.000000000000000036e-10
2.803303303303303004e-02    1.102727122452595299e-01    1.000000000000000036e-10
2.832832832832832617e-02    1.063464667871874270e-01    1.000000000000000036e-10
2.862362362362362231e-02    1.025049152898872828e-01    1.000000000000000036e-10
2.891891891891891844e-02    9.874992704261402465e-02    1.000000000000000036e-10
2.921421421421421458e-02    9.508315120741182846e-02    1.000000000000000036e-10
2.950950950950950724e-02    9.150601655599063800e-02    1.000000000000000036e-10
2.980480480480480338e-02    8.801973207754371087e-02    1.000000000000000036e-10
3.010010010010009951e-02    8.462528845388739285e-02    1.000000000000000036e-10
3.039539539539539217e-02    8.132346037606219546e-02    1.000000000000000036e-10
3.069069069069068831e-02    7.811480968925189894e-02    1.000000000000000036e-10
3.098598598598598444e-02    7.499968932847186909e-02    1.000000000000000036e-10
3.128128128128127711e-02    7.197824801394242522e-02    1.000000000000000036e-10
3.157657657657657324e-02    6.905043566592806992e-02    1.000000000000000036e-10
3.187187187187186937e-02    6.621600949240961931e-02    1.000000000000000036e-10
3.216716716716716551e-02    6.347454070139121884e-02    1.000000000000000036e-10
3.246246246246246164e-02    6.082542178530841309e-02    1.000000000000000036e-10
3.275775775775775084e-02    5.826787432221779833e-02    1.000000000000000036e-10
3.305305305305304697e-02    5.580095723628310245e-02    1.000000000000000036e-10
3.334834834834834311e-02    5.342357545783365386e-02    1.000000000000000036e-10
3.364364364364363924e-02    5.113448892457008593e-02    1.000000000000000036e-10
3.393893893893893537e-02    4.893232186361804598e-02    1.000000000000000036e-10
3.423423423423423151e-02    4.681557229124682501e-02    1.000000000000000036e-10
3.452952952952952764e-02    4.478262167741558358e-02    1.000000000000000036e-10
3.482482482482482378e-02    4.283174471068185163e-02    1.000000000000000036e-10
3.512012012012011297e-02    4.096111911379276410e-02    1.000000000000000036e-10
3.541541541541540911e-02    3.916883545025943297e-02    1.000000000000000036e-10
3.571071071071070524e-02    3.745290687670203844e-02    1.000000000000000036e-10
3.600600600600600137e-02    3.581127878824977295e-02    1.000000000000000036e-10
3.630130130130129751e-02    3.424183831365605613e-02    1.000000000000000036e-10
3.659659659659659364e-02    3.274242361865112305e-02    1.000000000000000036e-10
3.689189189189188284e-02    3.131083297861486647e-02    1.000000000000000036e-10
3.718718718718717897e-02    2.994483358590193864e-02    1.000000000000000036e-10
3.748248248248247511e-02    2.864217006086496042e-02    1.000000000000000036e-10
3.777777777777777124e-02    2.740057263910447571e-02    1.000000000000000036e-10
3.807307307307306737e-02    2.621776501111589344e-02    1.000000000000000036e-10
3.836836836836836351e-02    2.509147179406916867e-02    1.000000000000000036e-10
3.866366366366365964e-02    2.401942561901988446e-02    1.000000000000000036e-10
3.895895895895895578e-02    2.299937382017627763e-02    1.000000000000000036e-10
3.925425425425425191e-02    2.202908471576949662e-02    1.000000000000000036e-10
3.954954954954954111e-02    2.110635347342874890e-02    1.000000000000000036e-10
3.984484484484483724e-02    2.022900755684041083e-02    1.000000000000000036e-10
4.014014014014013337e-02    1.939491174981715707e-02    1.000000000000000036e-10
4.043543543543542951e-02    1.860197276116180853e-02    1.000000000000000036e-10
4.073073073073072564e-02    1.784814341234485999e-02    1.000000000000000036e-10
4.102602602602602178e-02    1.713142641270905264e-02    1.000000000000000036e-10
4.132132132132131791e-02    1.644987773093339878e-02    1.000000000000000036e-10
4.161661661661660710e-02    1.580160957076689673e-02    1.000000000000000036e-10
4.191191191191190324e-02    1.518479295975040493e-02    1.000000000000000036e-10
4.220720720720719937e-02    1.459765996724571302e-02    1.000000000000000036e-10
4.250250250250249551e-02    1.403850555871402964e-02    1.000000000000000036e-10
4.279779779779779164e-02    1.350568910351232152e-02    1.000000000000000036e-10
4.309309309309308778e-02    1.299763555050707266e-02    1.000000000000000036e-10
4.338838838838838391e-02    1.251283628583510846e-02    1.000000000000000036e-10
4.368368368368368004e-02    1.204984968791051637e-02    1.000000000000000036e-10
4.397897897897897618e-02    1.160730139660411109e-02    1.000000000000000036e-10
4.427427427427426537e-02    1.118388431249639839e-02    1.000000000000000036e-10
4.456956956956956151e-02    1.077835834238601194e-02    1.000000000000000036e-10
4.486486486486485764e-02    1.038954990740782909e-02    1.000000000000000036e-10
4.516016016016015377e-02    1.001635123004321511e-02    1.000000000000000036e-10
4.545545545545544991e-02    9.657719416158314779e-03    1.000000000000000036e-10
4.575075075075074604e-02    9.312675347989966129e-03    1.000000000000000036e-10
4.604604604604604218e-02    8.980302403726717758e-03    1.000000000000000036e-10
4.634134134134133137e-02    8.659745019206781941e-03    1.000000000000000036e-10
4.663663663663662751e-02    8.350207106948424191e-03    1.000000000000000036e-10
4.693193193193192364e-02    8.050950346126396068e-03    1.000000000000000036e-10
4.722722722722721977e-02    7.761292358237163388e-03    1.000000000000000036e-10
4.752252252252251591e-02    7.480604782626635446e-03    1.000000000000000036e-10
4.781781781781781204e-02    7.208311266336071485e-03    1.000000000000000036e-10
4.811311311311310818e-02    6.943885376546768060e-03    1.000000000000000036e-10
4.840840840840840431e-02    6.686848452114060176e-03    1.000000000000000036e-10
4.870370370370370044e-02    6.436767407503676125e-03    1.000000000000000036e-10
4.899899899899898964e-02    6.193252492110428581e-03    1.000000000000000036e-10
4.929429429429428577e-02    5.955955027262140218e-03    1.000000000000000036e-10
4.958958958958958191e-02    5.724565120520675940e-03    1.000000000000000036e-10
4.988488488488487804e-02    5.498809375049967980e-03    1.000000000000000036e-10
5.018018018018017418e-02    5.278448597397668481e-03    1.000000000000000036e-10
5.047547547547547031e-02    5.063275517812763915e-03    1.000000000000000036e-10
5.077077077077076644e-02    4.853112524913604474e-03    1.000000000000000036e-10
5.106606606606605564e-02    4.647809430625866704e-03    1.000000000000000036e-10
5.136136136136135177e-02    4.447241263638855753e-03    1.000000000000000036e-10
5.165665665665664791e-02    4.251306105497343335e-03    1.000000000000000036e-10
5.195195195195194404e-02    4.059922972470238547e-03    1.000000000000000036e-10
5.224724724724724018e-02    3.873029747798840267e-03    1.000000000000000036e-10
5.254254254254253631e-02    3.690581172476352714e-03    1.000000000000000036e-10
5.283783783783783244e-02    3.512546898230542967e-03    1.000000000000000036e-10
5.313313313313312858e-02    3.338909606370386342e-03    1.000000000000000036e-10
5.342842842842842471e-02    3.169663197437978808e-03    1.000000000000000036e-10
5.372372372372371391e-02    3.004811055145399559e-03    1.000000000000000036e-10
5.401901901901901004e-02    2.844364387495402352e-03    1.000000000000000036e-10
5.431431431431430618e-02    2.688340647812887101e-03    1.000000000000000036e-10
5.460960960960960231e-02    2.536762037980872918e-03    1.000000000000000036e-10
5.490490490490489844e-02    2.389654095770037904e-03    1.000000000000000036e-10
5.520020020020019458e-02    2.247044367768194061e-03    1.000000000000000036e-10
5.549549549549549071e-02    2.108961168968162287e-03    1.000000000000000036e-10
5.579079079079077991e-02    1.975432429722640774e-03    1.000000000000000036e-10
5.608608608608607604e-02    1.846484630409538173e-03    1.000000000000000036e-10
5.638138138138137218e-02    1.722141823794749596e-03    1.000000000000000036e-10
5.667667667667666831e-02    1.602424744734680688e-03    1.000000000000000036e-10
5.697197197197196444e-02    1.487350006530666546e-03    1.000000000000000036e-10
5.726726726726726058e-02    1.376929382925829760e-03    1.000000000000000036e-10
5.756256256256255671e-02    1.271169174405957503e-03    1.000000000000000036e-10
5.785785785785785285e-02    1.170069657248795679e-03    1.000000000000000036e-10
5.815315315315314898e-02    1.073624613454655366e-03    1.000000000000000036e-10
5.844844844844843817e-02    9.818209394279108979e-04    1.000000000000000036e-10
5.874374374374373431e-02    8.946383310541857013e-04    1.000000000000000036e-10
5.903903903903903044e-02    8.120490425377817996e-04    1.000000000000000036e-10
5.933433433433432658e-02    7.340177159708119372e-04    1.000000000000000036e-10
5.962962962962962271e-02    6.605012792971550351e-04    1.000000000000000036e-10
5.992492492492491885e-02    5.914489092333452503e-04    1.000000000000000036e-10
6.022022022022021498e-02    5.268020555171632835e-04    1.000000000000000036e-10
6.051551551551550417e-02    4.664945228477754605e-04    1.000000000000000036e-10
6.081081081081080031e-02    4.104526085506583852e-04    1.000000000000000036e-10
6.110610610610609644e-02    3.585952908141345650e-04    1.000000000000000036e-10
6.140140140140139258e-02    3.108344632712172991e-04    1.000000000000000036e-10
6.169669669669668871e-02    2.670752148605738045e-04    1.000000000000000036e-10
6.199199199199198485e-02    2.272161484008066725e-04    1.000000000000000036e-10
6.228728728728728098e-02    1.911497348052973065e-04    1.000000000000000036e-10
6.258258258258257711e-02    1.587627011324514769e-04    1.000000000000000036e-10
6.287787787787788019e-02    1.299364447554093242e-04    1.000000000000000036e-10
6.317317317317316938e-02    1.045474745147065943e-04    1.000000000000000036e-10
6.346846846846845858e-02    8.246787086659280986e-05    1.000000000000000036e-10
6.376376376376376165e-02    6.356576489440327363e-05    1.000000000000000036e-10
6.405905905905905084e-02    4.770582991299013488e-05    1.000000000000000036e-10
6.435435435435435392e-02    3.474978437852654917e-05    1.000000000000000036e-10
6.464964964964964311e-02    2.455690082964892955e-05    1.000000000000000036e-10
6.494494494494494619e-02    1.698451944598347205e-05    1.000000000000000036e-10
6.524024024024023538e-02    1.188856133456692647e-05    1.000000000000000036e-10
6.553553553553552458e-02    9.124040146462129272e-06    1.000000000000000036e-10
6.583083083083082765e-02    8.545567972869510070e-06    1.000000000000000036e-10
6.612612612612611684e-02    1.000785358443964960e-05    1.000000000000000036e-10
6.642142142142141992e-02    1.336619002726017502e-05    1.000000000000000036e-10
6.671671671671670911e-02    1.847692969031255854e-05    1.000000000000000036e-10
6.701201201201201219e-02    2.519794399538561027e-05    1.000000000000000036e-10
6.730730730730730138e-02    3.338906614707933852e-05    1.000000000000000036e-10
6.760260260260260445e-02    4.291251536210925538e-05    1.000000000000000036e-10
6.789789789789789365e-02    5.363329990702272510e-05    1.000000000000000036e-10
6.819319319319319672e-02    6.541959821490799399e-05    1.000000000000000036e-10
6.848848848848848592e-02    7.814311698201920542e-05    1.000000000000000036e-10
6.878378378378377511e-02    9.167942438034988649e-05    1.000000000000000036e-10
6.907907907907907819e-02    1.059082574768317557e-04    1.000000000000000036e-10
6.937437437437436738e-02    1.207138035396648410e-04    1.000000000000000036e-10
6.966966966966967045e-02    1.359849544667394950e-04    1.000000000000000036e-10
6.996496496496495965e-02    1.516155336801576470e-04    1.000000000000000036e-10
7.026026026026026272e-02    1.675044948913309464e-04    1.000000000000000036e-10
7.055555555555555192e-02    1.835560930918240738e-04    1.000000000000000036e-10
7.085085085085085499e-02    1.996800275786528886e-04    1.000000000000000036e-10
7.114614614614614418e-02    2.157915571110846761e-04    1.000000000000000036e-10
7.144144144144143338e-02    2.318115874796266662e-04    1.000000000000000036e-10
7.173673673673673645e-02    2.476667318710416453e-04    1.000000000000000036e-10
7.203203203203202565e-02    2.632893444468666381e-04    1.000000000000000036e-10
7.232732732732732872e-02    2.786175279343559462e-04    1.000000000000000036e-10
7.262262262262261792e-02    2.935951159282851027e-04    1.000000000000000036e-10
7.291791791791792099e-02    3.081716307338487094e-04    1.000000000000000036e-10
7.321321321321321018e-02    3.223022176918246954e-04    1.000000000000000036e-10
7.350850850850851326e-02    3.359475570132253804e-04    1.000000000000000036e-10
7.380380380380380245e-02    3.490737542285564919e-04    1.000000000000000036e-10
7.409909909909909165e-02    3.616522104266563101e-04    1.000000000000000036e-10
7.439439439439439472e-02    3.736594735198456568e-04    1.000000000000000036e-10
7.468968968968968392e-02    3.850770718258677357e-04    1.000000000000000036e-10
7.498498498498498699e-02    3.958913313028822583e-04    1.000000000000000036e-10
7.528028028028027618e-02    4.060931778116950584e-04    1.000000000000000036e-10
7.557557557557557926e-02    4.156779258096653519e-04    1.000000000000000036e-10
7.587087087087086845e-02    4.246450549033194371e-04    1.000000000000000036e-10
7.616616616616615765e-02    4.329979757019871019e-04    1.000000000000000036e-10
7.646146146146146072e-02    4.407437864227352602e-04    1.000000000000000036e-10
7.675675675675674992e-02    4.478930216978797558e-04    1.000000000000000036e-10
7.705205205205205299e-02    4.544593950315881092e-04    1.000000000000000036e-10
7.734734734734734218e-02    4.604595363649900512e-04    1.000000000000000036e-10
7.764264264264264526e-02    4.659127261132432838e-04    1.000000000000000036e-10
7.793793793793793445e-02    4.708406270428105631e-04    1.000000000000000036e-10
7.823323323323322365e-02    4.752670154093886377e-04    1.000000000000000036e-10
7.852852852852852672e-02    4.792175126570567150e-04    1.000000000000000036e-10
7.882382382382381592e-02    4.827193189581945433e-04    1.000000000000000036e-10
7.911911911911911899e-02    4.858009498370307417e-04    1.000000000000000036e-10
7.941441441441440818e-02    4.884919770683105594e-04    1.000000000000000036e-10
7.970970970970971126e-02    4.908227748315032368e-04    1.000000000000000036e-10
8.000500500500500045e-02    4.928242723483716075e-04    1.000000000000000036e-10
8.030030030030030352e-02    4.945277140134370563e-04    1.000000000000000036e-10
8.059559559559559272e-02    4.959644279079432339e-04    1.000000000000000036e-10
8.089089089089088191e-02    4.971656034702273902e-04    1.000000000000000036e-10
8.118618618618618499e-02    4.981620792537754363e-04    1.000000000000000036e-10
8.148148148148147418e-02    4.989841415553950693e-04    1.000000000000000036e-10
8.177677677677677726e-02    4.996613343939036115e-04    1.000000000000000036e-10
8.207207207207206645e-02    5.002222812944594416e-04    1.000000000000000036e-10
8.236736736736736952e-02    5.006945199590010810e-04    1.000000000000000036e-10
8.266266266266265872e-02    5.011043498317227724e-04    1.000000000000000036e-10
8.295795795795796179e-02    5.014766924258140003e-04    1.000000000000000036e-10
8.325325325325325099e-02    5.018349657261999023e-04    1.000000000000000036e-10
8.354854854854854018e-02    5.022009726014303385e-04    1.000000000000000036e-10
8.384384384384384326e-02    5.025948021409523811e-04    1.000000000000000036e-10
8.413913913913913245e-02    5.030347456414450405e-04    1.000000000000000036e-10
8.443443443443443552e-02    5.035372269548938707e-04    1.000000000000000036e-10
8.472972972972972472e-02    5.041167451483890465e-04    1.000000000000000036e-10
8.502502502502502779e-02    5.047858324021292122e-04    1.000000000000000036e-10
8.532032032032031699e-02    5.055550249853351785e-04    1.000000000000000036e-10
8.561561561561560618e-02    5.064328461552843139e-04    1.000000000000000036e-10
8.591091091091090926e-02    5.074258043013604724e-04    1.000000000000000036e-10
8.620620620620619845e-02    5.085384010797376749e-04    1.000000000000000036e-10
8.650150150150150152e-02    5.097731531439948132e-04    1.000000000000000036e-10
8.679679679679679072e-02    5.111306252242478563e-04    1.000000000000000036e-10
8.709209209209209379e-02    5.126094729232670870e-04    1.000000000000000036e-10
8.738738738738738299e-02    5.142064983310306453e-04    1.000000000000000036e-10
8.768268268268267218e-02    5.159167123791015075e-04    1.000000000000000036e-10
8.797797797797797525e-02    5.177334096147588171e-04    1.000000000000000036e-10
8.827327327327326445e-02    5.196482483451656626e-04    1.000000000000000036e-10
8.856856856856856752e-02    5.216513413489347242e-04    1.000000000000000036e-10
8.886386386386385672e-02    5.237313512605739491e-04    1.000000000000000036e-10
8.915915915915915979e-02    5.258755943571211122e-04    1.000000000000000036e-10
8.945445445445444899e-02    5.280701481226724977e-04    1.000000000000000036e-10
8.974974974974975206e-02    5.302999653202067169e-04    1.000000000000000036e-10
9.004504504504504125e-02    5.325489905538522513e-04    1.000000000000000036e-10
9.034034034034033045e-02    5.348002817331437477e-04    1.000000000000000036e-10
9.063563563563563352e-02    5.370361325598582312e-04    1.000000000000000036e-10
9.093093093093092272e-02    5.392381983393924796e-04    1.000000000000000036e-10
9.122622622622622579e-02    5.413876215469366933e-04    1.000000000000000036e-10
9.152152152152151499e-02    5.434651588653886464e-04    1.000000000000000036e-10
9.181681681681681806e-02    5.454513071423059117e-04    1.000000000000000036e-10
9.211211211211210725e-02    5.473264287640426055e-04    1.000000000000000036e-10
9.240740740740741033e-02    5.490708751916671031e-04    1.000000000000000036e-10
9.270270270270269952e-02    5.506651083203019338e-04    1.000000000000000036e-10
9.299799799799798872e-02    5.520898187095425085e-04    1.000000000000000036e-10
9.329329329329329179e-02    5.533260407827246714e-04    1.000000000000000036e-10
9.358858858858858099e-02    5.543552635392549541e-04    1.000000000000000036e-10
9.388388388388388406e-02    5.551595369488505644e-04    1.000000000000000036e-10
9.417917917917917325e-02    5.557215737915786099e-04    1.000000000000000036e-10
9.447447447447447633e-02    5.560248451245581322e-04    1.000000000000000036e-10
9.476976976976976552e-02    5.560536709462230972e-04    1.000000000000000036e-10
9.506506506506505472e-02    5.557933044289219138e-04    1.000000000000000036e-10
9.536036036036035779e-02    5.552300089784292011e-04    1.000000000000000036e-10
9.565565565565564699e-02    5.543511297840274027e-04    1.000000000000000036e-10
9.595095095095095006e-02    5.531451577884803107e-04    1.000000000000000036e-10
9.624624624624623925e-02    5.516017859699378755e-04    1.000000000000000036e-10
9.654154154154154233e-02    5.497119594711978412e-04    1.000000000000000036e-10
9.683683683683683152e-02    5.474679179653413764e-04    1.000000000000000036e-10
9.713213213213212072e-02    5.448632297870329658e-04    1.000000000000000036e-10
9.742742742742742379e-02    5.418928194572465067e-04    1.000000000000000036e-10
9.772272272272271298e-02    5.385529880984643537e-04    1.000000000000000036e-10
9.801801801801801606e-02    5.348414252903475191e-04    1.000000000000000036e-10
9.831331331331330525e-02    5.307572141184041872e-04    1.000000000000000036e-10
9.860860860860860833e-02    5.263008295679802266e-04    1.000000000000000036e-10
9.890390390390389752e-02    5.214741295901304712e-04    1.000000000000000036e-10
9.919919919919920059e-02    5.162803387810288754e-04    1.000000000000000036e-10
9.949449449449448979e-02    5.107240259348996793e-04    1.000000000000000036e-10
9.978978978978977898e-02    5.048110754991155065e-04    1.000000000000000036e-10
1.000850850850850821e-01    4.985486527703436631e-04    1.000000000000000036e-10
1.003803803803803713e-01    4.919451628810446236e-04    1.000000000000000036e-10
1.006756756756756743e-01    4.850102046867876674e-04    1.000000000000000036e-10
1.009709709709709635e-01    4.777545196030373478e-04    1.000000000000000036e-10
1.012662662662662666e-01    4.701899358331290148e-04    1.000000000000000036e-10
1.015615615615615558e-01    4.623293078781353510e-04    1.000000000000000036e-10
1.018568568568568589e-01    4.541864521270180940e-04    1.000000000000000036e-10
1.021521521521521481e-01    4.457760790049279751e-04    1.000000000000000036e-10
1.024474474474474373e-01    4.371137219623558254e-04    1.000000000000000036e-10
1.027427427427427403e-01    4.282156637673571785e-04    1.000000000000000036e-10
1.030380380380380295e-01    4.190988604097853213e-04    1.000000000000000036e-10
1.033333333333333326e-01    4.097808630452922382e-04    1.000000000000000036e-10
1.036286286286286218e-01    4.002797385698033728e-04    1.000000000000000036e-10
1.039239239239239249e-01    3.906139891601201819e-04    1.000000000000000036e-10
1.042192192192192141e-01    3.808024711939208130e-04    1.000000000000000036e-10
1.045145145145145033e-01    3.708643139638315416e-04    1.000000000000000036e-10
1.048098098098098063e-01    3.608188385913791178e-04    1.000000000000000036e-10
1.051051051051050955e-01    3.506854775197083395e-04    1.000000000000000036e-10
1.054004004004003986e-01    3.404836950015651276e-04    1.000000000000000036e-10
1.056956956956956878e-01    3.302329089505652788e-04    1.000000000000000036e-10
1.059909909909909909e-01    3.199524145002605332e-04    1.000000000000000036e-10
1.062862862862862801e-01    3.096613096106044902e-04    1.000000000000000036e-10
1.065815815815815693e-01    2.993784230438015876e-04    1.000000000000000036e-10
1.068768768768768723e-01    2.891222450125835734e-04    1.000000000000000036e-10
1.071721721721721615e-01    2.789108607837608366e-04    1.000000000000000036e-10
1.074674674674674646e-01    2.687618874987996679e-04    1.000000000000000036e-10
1.077627627627627538e-01    2.586924144482871950e-04    1.000000000000000036e-10
1.080580580580580569e-01    2.487189470218731792e-04    1.000000000000000036e-10
1.083533533533533461e-01    2.388573545336144686e-04    1.000000000000000036e-10
1.086486486486486491e-01    2.291228220798869719e-04    1.000000000000000036e-10
1.089439439439439383e-01    2.195298065797733947e-04    1.000000000000000036e-10
1.092392392392392275e-01    2.100919971201529437e-04    1.000000000000000036e-10
1.095345345345345306e-01    2.008222797028365715e-04    1.000000000000000036e-10
1.098298298298298198e-01    1.917327064666723665e-04    1.000000000000000036e-10
1.101251251251251229e-01    1.828344694334165551e-04    1.000000000000000036e-10
1.104204204204204121e-01    1.741378788023053572e-04    1.000000000000000036e-10
1.107157157157157151e-01    1.656523457946977996e-04    1.000000000000000036e-10
1.110110110110110043e-01    1.573863700272899778e-04    1.000000000000000036e-10
1.113063063063063074e-01    1.493475313699447950e-04    1.000000000000000036e-10
1.116016016016015966e-01    1.415424862226371118e-04    1.000000000000000036e-10
1.118968968968968858e-01    1.339769681251196554e-04    1.000000000000000036e-10
1.121921921921921889e-01    1.266557925930107405e-04    1.000000000000000036e-10
1.124874874874874781e-01    1.195828660550895899e-04    1.000000000000000036e-10
1.127827827827827811e-01    1.127611987486347374e-04    1.000000000000000036e-10
1.130780780780780703e-01    1.061929214129432071e-04    1.000000000000000036e-10
1.133733733733733734e-01    9.987930560552555606e-05    1.000000000000000036e-10
1.136686686686686626e-01    9.382078745119426359e-05    1.000000000000000036e-10
1.139639639639639518e-01    8.801699462115012231e-05    1.000000000000000036e-10
1.142592592592592549e-01    8.246677632748030729e-05    1.000000000000000036e-10
1.145545545545545441e-01    7.716823610809320428e-05    1.000000000000000036e-10
1.148498498498498471e-01    7.211876716746012245e-05    1.000000000000000036e-10
1.151451451451451363e-01    6.731509002560407936e-05    1.000000000000000036e-10
1.154404404404404394e-01    6.275329224322429022e-05    1.000000000000000036e-10
1.157357357357357286e-01    5.842886996555592377e-05    1.000000000000000036e-10
1.160310310310310178e-01    5.433677102174090163e-05    1.000000000000000036e-10
1.163263263263263209e-01    5.047143932572197228e-05    1.000000000000000036e-10
1.166216216216216101e-01    4.682686032024234180e-05    1.000000000000000036e-10
1.169169169169169131e-01    4.339660720619485293e-05    1.000000000000000036e-10
1.172122122122122023e-01    4.017388770159903969e-05    1.000000000000000036e-10
1.175075075075075054e-01    3.715159107781666672e-05    1.000000000000000036e-10
1.178028028028027946e-01    3.432233522516618977e-05    1.000000000000000036e-10
1.180980980980980977e-01    3.167851350490172405e-05    1.000000000000000036e-10
1.183933933933933869e-01    2.921234114945012422e-05    1.000000000000000036e-10
1.186886886886886761e-01    2.691590101259941890e-05    1.000000000000000036e-10
1.189839839839839791e-01    2.478118842279055929e-05    1.000000000000000036e-10
1.192792792792792683e-01    2.280015492501604843e-05    1.000000000000000036e-10
1.195745745745745714e-01    2.096475072276022665e-05    1.000000000000000036e-10
1.198698698698698606e-01    1.926696563383336998e-05    1.000000000000000036e-10
1.201651651651651637e-01    1.769886838628592312e-05    1.000000000000000036e-10
1.204604604604604529e-01    1.625264411271023032e-05    1.000000000000000036e-10
1.207557557557557559e-01    1.492062990181136086e-05    1.000000000000000036e-10
1.210510510510510451e-01    1.369534820125213187e-05    1.000000000000000036e-10
1.213463463463463343e-01    1.256953800150315598e-05    1.000000000000000036e-10
1.216416416416416374e-01    1.153618369394735279e-05    1.000000000000000036e-10
1.219369369369369266e-01    1.058854151159514975e-05    1.000000000000000036e-10
1.222322322322322297e-01    9.720163531324603855e-06    1.000000000000000036e-10
1.225275275275275189e-01    8.924919166838495862e-06    1.000000000000000036e-10
1.228228228228228219e-01    8.197013902792213256e-06    1.000000000000000036e-10
1.231181181181181111e-01    7.531005449345509978e-06    1.000000000000000036e-10
1.234134134134134003e-01    6.921817264997065669e-06    1.000000000000000036e-10
1.237087087087087034e-01    6.364749482814057902e-06    1.000000000000000036e-10
1.240040040040039926e-01    5.855487346840059046e-06    1.000000000000000036e-10
1.242992992992992957e-01    5.390106738605092334e-06    1.000000000000000036e-10
1.245945945945945849e-01    4.965077191457713803e-06    1.000000000000000036e-10
1.248898898898898879e-01    4.577262450162369592e-06    1.000000000000000036e-10
1.251851851851851771e-01    4.223918720675605816e-06    1.000000000000000036e-10
1.254804804804804663e-01    3.902690568423621093e-06    1.000000000000000036e-10
1.257757757757757555e-01    3.611604151452362383e-06    1.000000000000000036e-10
1.260710710710710447e-01    3.349058458859072798e-06    1.000000000000000036e-10
1.263663663663663617e-01    3.113814574325912315e-06    1.000000000000000036e-10
1.266616616616616509e-01    2.904983181725946208e-06    1.000000000000000036e-10
1.269569569569569401e-01    2.722009732795420782e-06    1.000000000000000036e-10
1.272522522522522292e-01    2.564658031550428368e-06    1.000000000000000036e-10
1.275475475475475462e-01    2.432992431268533592e-06    1.000000000000000036e-10
1.278428428428428354e-01    2.327358797552502102e-06    1.000000000000000036e-10
1.281381381381381246e-01    2.248363686290927575e-06    1.000000000000000036e-10
1.284334334334334138e-01    2.196852538474430012e-06    1.000000000000000036e-10
1.287287287287287030e-01    2.173887132916559071e-06    1.000000000000000036e-10
1.290240240240240199e-01    2.180722250654432654e-06    1.000000000000000036e-10
1.293193193193193091e-01    2.218781262689297881e-06    1.000000000000000036e-10
1.296146146146145983e-01    2.289631488165170095e-06    1.000000000000000036e-10
1.299099099099098875e-01    2.394959362295828072e-06    1.000000000000000036e-10
1.302052052052052045e-01    2.536545174629452579e-06    1.000000000000000036e-10
1.305005005005004937e-01    2.716237754874928158e-06    1.000000000000000036e-10
1.307957957957957829e-01    2.935929470306577741e-06    1.000000000000000036e-10
1.310910910910910721e-01    3.197531360953535193e-06    1.000000000000000036e-10
1.313863863863863890e-01    3.502948642604020473e-06    1.000000000000000036e-10
1.316816816816816782e-01    3.854056906888754649e-06    1.000000000000000036e-10
1.319769769769769674e-01    4.252678786112496012e-06    1.000000000000000036e-10
1.322722722722722566e-01    4.700561528279855169e-06    1.000000000000000036e-10
1.325675675675675458e-01    5.199355648550368744e-06    1.000000000000000036e-10
1.328628628628628627e-01    5.750594217108806606e-06    1.000000000000000036e-10
1.331581581581581519e-01    6.355673510601592262e-06    1.000000000000000036e-10
1.334534534534534411e-01    7.015835164815912000e-06    1.000000000000000036e-10
1.337487487487487303e-01    7.732148980291060275e-06    1.000000000000000036e-10
1.340440440440440473e-01    8.505497514646405793e-06    1.000000000000000036e-10
1.343393393393393365e-01    9.336562498545368744e-06    1.000000000000000036e-10
1.346346346346346257e-01    1.022581179516159621e-05    1.000000000000000036e-10
1.349299299299299149e-01    1.117348866327758191e-05    1.000000000000000036e-10
1.352252252252252041e-01    1.217960285483571977e-05    1.000000000000000036e-10
1.355205205205205210e-01    1.324392214009313276e-05    1.000000000000000036e-10
1.358158158158158102e-01    1.436596677838250711e-05    1.000000000000000036e-10
1.361111111111110994e-01    1.554500531116153906e-05    1.000000000000000036e-10
1.364064064064063886e-01    1.678005100037712087e-05    1.000000000000000036e-10
1.367017017017017055e-01    1.806986166000097561e-05    1.000000000000000036e-10
1.369969969969969947e-01    1.941293981227372895e-05    1.000000000000000036e-10
1.372922922922922839e-01    2.080753447762471461e-05    1.000000000000000036e-10
1.375875875875875731e-01    2.225164582194076709e-05    1.000000000000000036e-10
1.378828828828828623e-01    2.374302944335544098e-05    1.000000000000000036e-10
1.381781781781781793e-01    2.527920365371906804e-05    1.000000000000000036e-10
1.384734734734734685e-01    2.685745781090562390e-05    1.000000000000000036e-10
1.387687687687687577e-01    2.847486106159046666e-05    1.000000000000000036e-10
1.390640640640640469e-01    3.012827416169650566e-05    1.000000000000000036e-10
1.393593593593593638e-01    3.181436067490115002e-05    1.000000000000000036e-10
1.396546546546546530e-01    3.352960047367825770e-05    1.000000000000000036e-10
1.399499499499499422e-01    3.527030410404848813e-05    1.000000000000000036e-10
1.402452452452452314e-01    3.703262732334110805e-05    1.000000000000000036e-10
1.405405405405405206e-01    3.881258784606431372e-05    1.000000000000000036e-10
1.408358358358358375e-01    4.060608139494071813e-05    1.000000000000000036e-10
1.411311311311311267e-01    4.240889954711505076e-05    1.000000000000000036e-10
1.414264264264264159e-01    4.421674748903398582e-05    1.000000000000000036e-10
1.417217217217217051e-01    4.602526235312719274e-05    1.000000000000000036e-10
1.420170170170170221e-01    4.783003210269836942e-05    1.000000000000000036e-10
1.423123123123123113e-01    4.962661429431774719e-05    1.000000000000000036e-10
1.426076076076076005e-01    5.141055528789857963e-05    1.000000000000000036e-10
1.429029029029028897e-01    5.317740928676888753e-05    1.000000000000000036e-10
1.431981981981981789e-01    5.492275735474016075e-05    1.000000000000000036e-10
1.434934934934934958e-01    5.664222623787900735e-05    1.000000000000000036e-10
1.437887887887887850e-01    5.833150699330827161e-05    1.000000000000000036e-10
1.440840840840840742e-01    5.998637293604645610e-05    1.000000000000000036e-10
1.443793793793793634e-01    6.160269774122236809e-05    1.000000000000000036e-10
1.446746746746746526e-01    6.317647196200258046e-05    1.000000000000000036e-10
1.449699699699699695e-01    6.470382034445575678e-05    1.000000000000000036e-10
1.452652652652652587e-01    6.618101658063334604e-05    1.000000000000000036e-10
1.455605605605605479e-01    6.760449942490201307e-05    1.000000000000000036e-10
1.458558558558558371e-01    6.897088554050461167e-05    1.000000000000000036e-10
1.461511511511511541e-01    7.027698394458541163e-05    1.000000000000000036e-10
1.464464464464464433e-01    7.151980688679344185e-05    1.000000000000000036e-10
1.467417417417417325e-01    7.269658222331007414e-05    1.000000000000000036e-10
1.470370370370370217e-01    7.380476224308824191e-05    1.000000000000000036e-10
1.473323323323323109e-01    7.484203370850836892e-05    1.000000000000000036e-10
1.476276276276276278e-01    7.580632450458985126e-05    1.000000000000000036e-10
1.479229229229229170e-01    7.669581122047928318e-05    1.000000000000000036e-10
1.482182182182182062e-01    7.750892347403541809e-05    1.000000000000000036e-10
1.485135135135134954e-01    7.824434902412701488e-05    1.000000000000000036e-10
1.488088088088088123e-01    7.890103562571526400e-05    1.000000000000000036e-10
1.491041041041041015e-01    7.947819375213518577e-05    1.000000000000000036e-10
1.493993993993993907e-01    7.997529586574705549e-05    1.000000000000000036e-10
1.496946946946946799e-01    8.039207688839240730e-05    1.000000000000000036e-10
1.499899899899899691e-01    8.072853083245254229e-05    1.000000000000000036e-10
1.502852852852852861e-01    8.098490917986172284e-05    1.000000000000000036e-10
1.505805805805805753e-01    8.116171491475142634e-05    1.000000000000000036e-10
1.508758758758758645e-01    8.125969894632996079e-05    1.000000000000000036e-10
1.511711711711711537e-01    8.127985172646781588e-05    1.000000000000000036e-10
1.514664664664664429e-01    8.122339776972951268e-05    1.000000000000000036e-10
1.517617617617617598e-01    8.109178523041648276e-05    1.000000000000000036e-10
1.520570570570570490e-01    8.088667844542840189e-05    1.000000000000000036e-10
1.523523523523523382e-01    8.060994603128710803e-05    1.000000000000000036e-10
1.526476476476476274e-01    8.026365130814986921e-05    1.000000000000000036e-10
1.529429429429429443e-01    7.985003952736128608e-05    1.000000000000000036e-10
1.532382382382382335e-01    7.937152613687272656e-05    1.000000000000000036e-10
1.535335335335335227e-01    7.883068360853055735e-05    1.000000000000000036e-10
1.538288288288288119e-01    7.823022776431950477e-05    1.000000000000000036e-10
1.541241241241241011e-01    7.757300439661974376e-05    1.000000000000000036e-10
1.544194194194194181e-01    7.686197421312174899e-05    1.000000000000000036e-10
1.547147147147147073e-01    7.610019913466124124e-05    1.000000000000000036e-10
1.550100100100099965e-01    7.529082669025297493e-05    1.000000000000000036e-10
1.553053053053052857e-01    7.443707573570854965e-05    1.000000000000000036e-10
1.556006006006006026e-01    7.354222107004858744e-05    1.000000000000000036e-10
1.558958958958958918e-01    7.260957862422613804e-05    1.000000000000000036e-10
1.561911911911911810e-01    7.164249058673497568e-05    1.000000000000000036e-10
1.564864864864864702e-01    7.064431061139231621e-05    1.000000000000000036e-10
1.567817817817817594e-01    6.961838934221743888e-05    1.000000000000000036e-10
1.570770770770770763e-01    6.856806030114642563e-05    1.000000000000000036e-10
1.573723723723723655e-01    6.749662588162833618e-05    1.000000000000000036e-10
1.576676676676676547e-01    6.640734409046485077e-05    1.000000000000000036e-10
1.579629629629629439e-01    6.530341563958928276e-05    1.000000000000000036e-10
1.582582582582582609e-01    6.418797126445939018e-05    1.000000000000000036e-10
1.585535535535535501e-01    6.306406051045746212e-05    1.000000000000000036e-10
1.588488488488488393e-01    6.193463986384637669e-05    1.000000000000000036e-10
1.591441441441441285e-01    6.080256286337172046e-05    1.000000000000000036e-10
1.594394394394394177e-01    5.967057022320268413e-05    1.000000000000000036e-10
1.597347347347347346e-01    5.854128040409575643e-05    1.000000000000000036e-10
1.600300300300300238e-01    5.741718235047251341e-05    1.000000000000000036e-10
1.603253253253253130e-01    5.630062707557423264e-05    1.000000000000000036e-10
1.606206206206206022e-01    5.519382181082141203e-05    1.000000000000000036e-10
1.609159159159159191e-01    5.409882442900424776e-05    1.000000000000000036e-10
1.612112112112112083e-01    5.301753776779878136e-05    1.000000000000000036e-10
1.615065065065064975e-01    5.195170693465298544e-05    1.000000000000000036e-10
1.618018018018017867e-01    5.090291535485581809e-05    1.000000000000000036e-10
1.620970970970970759e-01    4.987258271397435587e-05    1.000000000000000036e-10
1.623923923923923929e-01    4.886196447750806361e-05    1.000000000000000036e-10
1.626876876876876821e-01    4.787215021635965391e-05    1.000000000000000036e-10
1.629829829829829713e-01    4.690406496527120328e-05    1.000000000000000036e-10
1.632782782782782605e-01    4.595847051702841814e-05    1.000000000000000036e-10
1.635735735735735497e-01    4.503596654501039448e-05    1.000000000000000036e-10
1.638688688688688666e-01    4.413699462372044040e-05    1.000000000000000036e-10
1.641641641641641558e-01    4.326184129147184871e-05    1.000000000000000036e-10
1.644594594594594450e-01    4.241064196315218811e-05    1.000000000000000036e-10
1.647547547547547342e-01    4.158338691472235945e-05    1.000000000000000036e-10
1.650500500500500511e-01    4.077992616700009103e-05    1.000000000000000036e-10
1.653453453453453403e-01    3.999997573023981085e-05    1.000000000000000036e-10
1.656406406406406295e-01    3.924312509448276321e-05    1.000000000000000036e-10
1.659359359359359187e-01    3.850884379607210847e-05    1.000000000000000036e-10
1.662312312312312079e-01    3.779648937875389907e-05    1.000000000000000036e-10
1.665265265265265249e-01    3.710531602327046406e-05    1.000000000000000036e-10
1.668218218218218141e-01    3.643448248056389426e-05    1.000000000000000036e-10
1.671171171171171033e-01    3.578306112819851074e-05    1.000000000000000036e-10
1.674124124124123925e-01    3.515004736056019668e-05    1.000000000000000036e-10
1.677077077077077094e-01    3.453436846105291321e-05    1.000000000000000036e-10
1.680030030030029986e-01    3.393489318569858394e-05    1.000000000000000036e-10
1.682982982982982878e-01    3.335044148650422599e-05    1.000000000000000036e-10
1.685935935935935770e-01    3.277979384188512313e-05    1.000000000000000036e-10
1.688888888888888662e-01    3.222170087568680148e-05    1.000000000000000036e-10
1.691841841841841831e-01    3.167489294845573930e-05    1.000000000000000036e-10
1.694794794794794723e-01    3.113808944016331631e-05    1.000000000000000036e-10
1.697747747747747615e-01    3.061000800651610441e-05    1.000000000000000036e-10
1.700700700700700507e-01    3.008937357282198504e-05    1.000000000000000036e-10
1.703653653653653399e-01    2.957492705246110508e-05    1.000000000000000036e-10
1.706606606606606569e-01    2.906543392573060375e-05    1.000000000000000036e-10
1.709559559559559461e-01    2.855969223127038118e-05    1.000000000000000036e-10
1.712512512512512353e-01    2.805654024089953552e-05    1.000000000000000036e-10
1.715465465465465245e-01    2.755486403021163328e-05    1.000000000000000036e-10
1.718418418418418414e-01    2.705360423419901500e-05    1.000000000000000036e-10
1.721371371371371306e-01    2.655176228590568652e-05    1.000000000000000036e-10
1.724324324324324198e-01    2.604840654557967700e-05    1.000000000000000036e-10
1.727277277277277090e-01    2.554267779674013799e-05    1.000000000000000036e-10
1.730230230230229982e-01    2.503379376518419925e-05    1.000000000000000036e-10
1.733183183183183151e-01    2.452105343995747411e-05    1.000000000000000036e-10
1.736136136136136043e-01    2.400384117168428912e-05    1.000000000000000036e-10
1.739089089089088935e-01    2.348162949604480301e-05    1.000000000000000036e-10
1.742042042042041827e-01    2.295398150710169721e-05    1.000000000000000036e-10
1.744994994994994997e-01    2.242055305942696578e-05    1.000000000000000036e-10
1.747947947947947889e-01    2.188109428459002583e-05    1.000000000000000036e-10
1.750900900900900781e-01    2.133544995998282203e-05    1.000000000000000036e-10
1.753853853853853673e-01    2.078355967721634968e-05    1.000000000000000036e-10
1.756806806806806565e-01    2.022545780065309964e-05    1.000000000000000036e-10
1.759759759759759734e-01    1.966127238192283031e-05    1.000000000000000036e-10
1.762712712712712626e-01    1.909122338226902589e-05    1.000000000000000036e-10
1.765665665665665518e-01    1.851562069567591918e-05    1.000000000000000036e-10
1.768618618618618410e-01    1.793486191698573240e-05    1.000000000000000036e-10
1.771571571571571579e-01    1.734942905592153829e-05    1.000000000000000036e-10
1.774524524524524471e-01    1.675988488660391570e-05    1.000000000000000036e-10
1.777477477477477363e-01    1.616686908587859482e-05    1.000000000000000036e-10
1.780430430430430255e-01    1.557109412110798573e-05    1.000000000000000036e-10
1.783383383383383147e-01    1.497334029838502531e-05    1.000000000000000036e-10
1.786336336336336317e-01    1.437445061237096080e-05    1.000000000000000036e-10
1.789289289289289209e-01    1.377532542638410548e-05    1.000000000000000036e-10
1.792242242242242101e-01    1.317691697165037036e-05    1.000000000000000036e-10
1.795195195195194993e-01    1.258022330549047739e-05    1.000000000000000036e-10
1.798148148148148162e-01    1.198628215887045149e-05    1.000000000000000036e-10
1.801101101101101054e-01    1.139616471121213161e-05    1.000000000000000036e-10
1.804054054054053946e-01    1.081096927045141185e-05    1.000000000000000036e-10
1.807007007007006838e-01    1.023181473102395599e-05    1.000000000000000036e-10
1.809959959959959730e-01    9.659834001666959061e-06    1.000000000000000036e-10
1.812912912912912899e-01    9.096167484127421325e-06    1.000000000000000036e-10
1.815865865865865791e-01    8.541956554513278533e-06    1.000000000000000036e-10
1.818818818818818683e-01    7.998337053388605782e-06    1.000000000000000036e-10
1.821771771771771575e-01    7.466432911266121500e-06    1.000000000000000036e-10
1.824724724724724467e-01    6.947349921663638979e-06    1.000000000000000036e-10
1.827677677677677637e-01    6.442169659988767045e-06    1.000000000000000036e-10
1.830630630630630529e-01    5.951943496987644600e-06    1.000000000000000036e-10
1.833583583583583421e-01    5.477686933404299852e-06    1.000000000000000036e-10
1.836536536536536313e-01    5.020374229182416000e-06    1.000000000000000036e-10
1.839489489489489482e-01    4.580933267595020447e-06    1.000000000000000036e-10
1.842442442442442374e-01    4.160240675915198614e-06    1.000000000000000036e-10
1.845395395395395266e-01    3.759117168600159429e-06    1.000000000000000036e-10
1.848348348348348158e-01    3.378323470281520850e-06    1.000000000000000036e-10
1.851301301301301050e-01    3.018556546233653525e-06    1.000000000000000036e-10
1.854254254254254219e-01    2.680446171770658188e-06    1.000000000000000036e-10
1.857207207207207111e-01    2.364551839444626316e-06    1.000000000000000036e-10
1.860160160160160003e-01    2.071359983168115266e-06    1.000000000000000036e-10
1.863113113113112895e-01    1.801281891058833291e-06    1.000000000000000036e-10
1.866066066066066065e-01    1.554651946091546771e-06    1.000000000000000036e-10
1.869019019019018957e-01    1.331726250204763680e-06    1.000000000000000036e-10
1.871971971971971849e-01    1.132681647660074559e-06    1.000000000000000036e-10
1.874924924924924741e-01    9.576150593426500707e-07    1.000000000000000036e-10
1.877877877877877633e-01    8.065434907812892429e-07    1.000000000000000036e-10
1.880830830830830802e-01    6.794044244205680211e-07    1.000000000000000036e-10
1.883783783783783694e-01    5.760565540313020278e-07    1.000000000000000036e-10
1.886736736736736586e-01    4.962809191462122261e-07    1.000000000000000036e-10
1.889689689689689478e-01    4.397823550801687081e-07    1.000000000000000036e-10
1.892642642642642370e-01    4.061913753827054447e-07    1.000000000000000036e-10
1.895595595595595539e-01    3.950665652126256351e-07    1.000000000000000036e-10
1.898548548548548431e-01    4.058972105566988974e-07    1.000000000000000036e-10
1.901501501501501323e-01    4.381062443635751588e-07    1.000000000000000036e-10
1.904454454454454215e-01    4.910534968520785331e-07    1.000000000000000036e-10
1.907407407407407385e-01    5.640391761269493167e-07    1.000000000000000036e-10
1.910360360360360277e-01    6.563077001192402691e-07    1.000000000000000036e-10
1.913313313313313169e-01    7.670518138658524727e-07    1.000000000000000036e-10
1.916266266266266061e-01    8.954168526782585316e-07    1.000000000000000036e-10
1.919219219219218953e-01    1.040505191816213776e-06    1.000000000000000036e-10
1.922172172172172122e-01    1.201380858968318395e-06    1.000000000000000036e-10
1.925125125125125014e-01    1.377074266030420922e-06    1.000000000000000036e-10
1.928078078078077906e-01    1.566587074194452164e-06    1.000000000000000036e-10
1.931031031031030798e-01    1.768897178514509674e-06    1.000000000000000036e-10
1.933983983983983967e-01    1.982963705012565161e-06    1.000000000000000036e-10
1.936936936936936859e-01    2.207732030319189955e-06    1.000000000000000036e-10
1.939889889889889751e-01    2.442138800700157451e-06    1.000000000000000036e-10
1.942842842842842643e-01    2.685116924056028593e-06    1.000000000000000036e-10
1.945795795795795535e-01    2.935600517639702971e-06    1.000000000000000036e-10
1.948748748748748705e-01    3.192529781424150756e-06    1.000000000000000036e-10
1.951701701701701597e-01    3.454855751408159608e-06    1.000000000000000036e-10
1.954654654654654489e-01    3.721544921837071490e-06    1.000000000000000036e-10
1.957607607607607381e-01    3.991583715801330797e-06    1.000000000000000036e-10
1.960560560560560550e-01    4.263982782322177210e-06    1.000000000000000036e-10
1.963513513513513442e-01    4.537781099525619661e-06    1.000000000000000036e-10
1.966466466466466334e-01    4.812049882643857002e-06    1.000000000000000036e-10
1.969419419419419226e-01    5.085896259762508339e-06    1.000000000000000036e-10
1.972372372372372118e-01    5.358466657496506244e-06    1.000000000000000036e-10
1.975325325325325287e-01    5.628949941966092971e-06    1.000000000000000036e-10
1.978278278278278179e-01    5.896580286065849469e-06    1.000000000000000036e-10
1.981231231231231071e-01    6.160639749034990955e-06    1.000000000000000036e-10
1.984184184184183963e-01    6.420460558437951662e-06    1.000000000000000036e-10
1.987137137137137133e-01    6.675427086566622549e-06    1.000000000000000036e-10
1.990090090090090025e-01    6.924977532738727929e-06    1.000000000000000036e-10
1.993043043043042917e-01    7.168605286532270607e-06    1.000000000000000036e-10
1.995995995995995809e-01    7.405859922680577201e-06    1.000000000000000036e-10
1.998948948948948701e-01    7.636347901716649233e-06    1.000000000000000036e-10
2.001901901901901870e-01    7.859732954675182885e-06    1.000000000000000036e-10
2.004854854854854762e-01    8.075736150447511733e-06    1.000000000000000036e-10
2.007807807807807654e-01    8.284135649896262558e-06    1.000000000000000036e-10
2.010760760760760546e-01    8.484766152484557577e-06    1.000000000000000036e-10
2.013713713713713438e-01    8.677518042793180652e-06    1.000000000000000036e-10
2.016666666666666607e-01    8.862336255218506291e-06    1.000000000000000036e-10
2.019619619619619499e-01    9.039218859328164820e-06    1.000000000000000036e-10
2.022572572572572391e-01    9.208215340497218022e-06    1.000000000000000036e-10
2.025525525525525283e-01    9.369424644293449121e-06    1.000000000000000036e-10
2.028478478478478453e-01    9.522992983313712824e-06    1.000000000000000036e-10
2.031431431431431345e-01    9.669111417915041761e-06    1.000000000000000036e-10
2.034384384384384237e-01    9.808013227293490739e-06    1.000000000000000036e-10
2.037337337337337129e-01    9.939971088293423924e-06    1.000000000000000036e-10
2.040290290290290021e-01    1.006529408016132306e-05    1.000000000000000036e-10
2.043243243243243190e-01    1.018432453417449673e-05    1.000000000000000036e-10
2.046196196196196082e-01    1.029743474792261351e-05    1.000000000000000036e-10
2.049149149149148974e-01    1.040502358766131888e-05    1.000000000000000036e-10
2.052102102102101866e-01    1.050751298756957415e-05    1.000000000000000036e-10
2.055055055055055035e-01    1.060534437277802977e-05    1.000000000000000036e-10
2.058008008008007927e-01    1.069897503503388274e-05    1.000000000000000036e-10
2.060960960960960819e-01    1.078887447594552086e-05    1.000000000000000036e-10
2.063913913913913711e-01    1.087552073834742491e-05    1.000000000000000036e-10
2.066866866866866603e-01    1.095939674636152753e-05    1.000000000000000036e-10
2.069819819819819773e-01    1.104098667443321795e-05    1.000000000000000036e-10
2.072772772772772665e-01    1.112077236521463383e-05    1.000000000000000036e-10
2.075725725725725557e-01    1.119922981566058544e-05    1.000000000000000036e-10
2.078678678678678449e-01    1.127682575009659626e-05    1.000000000000000036e-10
2.081631631631631341e-01    1.135401429831748577e-05    1.000000000000000036e-10
2.084584584584584510e-01    1.143123379597659491e-05    1.000000000000000036e-10
2.087537537537537402e-01    1.150890372218074221e-05    1.000000000000000036e-10
2.090490490490490294e-01    1.158742179048751052e-05    1.000000000000000036e-10
2.093443443443443186e-01    1.166716121307427429e-05    1.000000000000000036e-10
2.096396396396396355e-01    1.174846814530121276e-05    1.000000000000000036e-10
2.099349349349349247e-01    1.183165932397313125e-05    1.000000000000000036e-10
2.102302302302302139e-01    1.191701991059263932e-05    1.000000000000000036e-10
2.105255255255255031e-01    1.200480154932821535e-05    1.000000000000000036e-10
2.108208208208207923e-01    1.209522064813930493e-05    1.000000000000000036e-10
2.111161161161161093e-01    1.218845689018670254e-05    1.000000000000000036e-10
2.114114114114113985e-01    1.228465198131966226e-05    1.000000000000000036e-10
2.117067067067066877e-01    1.238390863808053454e-05    1.000000000000000036e-10
2.120020020020019769e-01    1.248628981930659693e-05    1.000000000000000036e-10
2.122972972972972938e-01    1.259181820304844726e-05    1.000000000000000036e-10
2.125925925925925830e-01    1.270047590917092993e-05    1.000000000000000036e-10
2.128878878878878722e-01    1.281220446666113528e-05    1.000000000000000036e-10
2.131831831831831614e-01    1.292690502335003548e-05    1.000000000000000036e-10
2.134784784784784506e-01    1.304443879446191238e-05    1.000000000000000036e-10
2.137737737737737675e-01    1.316462774514845129e-05    1.000000000000000036e-10
2.140690690690690567e-01    1.328725550094898244e-05    1.000000000000000036e-10
2.143643643643643459e-01    1.341206847893532606e-05    1.000000000000000036e-10
2.146596596596596351e-01    1.353877723074913591e-05    1.000000000000000036e-10
2.149549549549549521e-01    1.366705798914672807e-05    1.000000000000000036e-10
2.152502502502502413e-01    1.379655440782049590e-05    1.000000000000000036e-10
2.155455455455455305e-01    1.392687948160869144e-05    1.000000000000000036e-10
2.158408408408408197e-01    1.405761763565128491e-05    1.000000000000000036e-10
2.161361361361361089e-01    1.418832697058462761e-05    1.000000000000000036e-10
2.164314314314314258e-01    1.431854165010493330e-05    1.000000000000000036e-10
2.167267267267267150e-01    1.444777441660533329e-05    1.000000000000000036e-10
2.170220220220220042e-01    1.457551922005522092e-05    1.000000000000000036e-10
2.173173173173172934e-01    1.470125394483613584e-05    1.000000000000000036e-10
2.176126126126126104e-01    1.482444321888197789e-05    1.000000000000000036e-10
2.179079079079078995e-01    1.494454128919463375e-05    1.000000000000000036e-10
2.182032032032031887e-01    1.506099494761583009e-05    1.000000000000000036e-10
2.184984984984984779e-01    1.517324649063365151e-05    1.000000000000000036e-10
2.187937937937937671e-01    1.528073669699073653e-05    1.000000000000000036e-10
2.190890890890890841e-01    1.538290780693303588e-05    1.000000000000000036e-10
2.193843843843843733e-01    1.547920648709714058e-05    1.000000000000000036e-10
2.196796796796796625e-01    1.556908676527779959e-05    1.000000000000000036e-10
2.199749749749749517e-01    1.565201291963934913e-05    1.000000000000000036e-10
2.202702702702702409e-01    1.572746230733862465e-05    1.000000000000000036e-10
2.205655655655655578e-01    1.579492811800460521e-05    1.000000000000000036e-10
2.208608608608608470e-01    1.585392203806915140e-05    1.000000000000000036e-10
2.211561561561561362e-01    1.590397681256363252e-05    1.000000000000000036e-10
2.214514514514514254e-01    1.594464869167669748e-05    1.000000000000000036e-10
2.217467467467467424e-01    1.597551975011250169e-05    1.000000000000000036e-10
2.220420420420420315e-01    1.599620006808569864e-05    1.000000000000000036e-10
2.223373373373373207e-01    1.600632976363738216e-05    1.000000000000000036e-10
2.226326326326326099e-01    1.600558086684946601e-05    1.000000000000000036e-10
2.229279279279278991e-01    1.599365902746784212e-05    1.000000000000000036e-10
2.232232232232232161e-01    1.597030504841196708e-05    1.000000000000000036e-10
2.235185185185185053e-01    1.593529623864496544e-05    1.000000000000000036e-10
2.238138138138137945e-01    1.588844757989765514e-05    1.000000000000000036e-10
2.241091091091090837e-01    1.582961270277742012e-05    1.000000000000000036e-10
2.244044044044044006e-01    1.575868466884118447e-05    1.000000000000000036e-10
2.246996996996996898e-01    1.567559655626726695e-05    1.000000000000000036e-10
2.249949949949949790e-01    1.558032184781656929e-05    1.000000000000000036e-10
2.252902902902902682e-01    1.547287462082322154e-05    1.000000000000000036e-10
2.255855855855855574e-01    1.535330953999496133e-05    1.000000000000000036e-10
2.258808808808808744e-01    1.522172165482751845e-05    1.000000000000000036e-10
2.261761761761761635e-01    1.507824600443861687e-05    1.000000000000000036e-10
2.264714714714714527e-01    1.492305703360333542e-05    1.000000000000000036e-10
2.267667667667667419e-01    1.475636782471829245e-05    1.000000000000000036e-10
2.270620620620620311e-01    1.457842915132886691e-05    1.000000000000000036e-10
2.273573573573573481e-01    1.438952835972348652e-05    1.000000000000000036e-10
2.276526526526526373e-01    1.418998808592263102e-05    1.000000000000000036e-10
2.279479479479479265e-01    1.398016481616452752e-05    1.000000000000000036e-10
2.282432432432432157e-01    1.376044729971587937e-05    1.000000000000000036e-10
2.285385385385385326e-01    1.353125482350135845e-05    1.000000000000000036e-10
2.288338338338338218e-01    1.329303535865819222e-05    1.000000000000000036e-10
2.291291291291291110e-01    1.304626358967208918e-05    1.000000000000000036e-10
2.294244244244244002e-01    1.279143883723747861e-05    1.000000000000000036e-10
2.297197197197196894e-01    1.252908288640669016e-05    1.000000000000000036e-10
2.300150150150150063e-01    1.225973773197953885e-05    1.000000000000000036e-10
2.303103103103102955e-01    1.198396325360659201e-05    1.000000000000000036e-10
2.306056056056055847e-01    1.170233483208143110e-05    1.000000000000000036e-10
2.309009009009008739e-01    1.141544091991999541e-05    1.000000000000000036e-10
2.311961961961961909e-01    1.112388057938597119e-05    1.000000000000000036e-10
2.314914914914914801e-01    1.082826100032443663e-05    1.000000000000000036e-10
2.317867867867867693e-01    1.052919501043677278e-05    1.000000000000000036e-10
2.320820820820820585e-01    1.022729859052282481e-05    1.000000000000000036e-10
2.323773773773773477e-01    9.923188407037326312e-06    1.000000000000000036e-10
2.326726726726726646e-01    9.617479374062443020e-06    1.000000000000000036e-10
2.329679679679679538e-01    9.310782256492309818e-06    1.000000000000000036e-10
2.332632632632632430e-01    9.003701325863789289e-06    1.000000000000000036e-10
2.335585585585585322e-01    8.696832079848568095e-06    1.000000000000000036e-10
2.338538538538538492e-01    8.390759035945630906e-06    1.000000000000000036e-10
2.341491491491491383e-01    8.086053609394203341e-06    1.000000000000000036e-10
2.344444444444444275e-01    7.783272084757107313e-06    1.000000000000000036e-10
2.347397397397397167e-01    7.482953690010993336e-06    1.000000000000000036e-10
2.350350350350350059e-01    7.185618781330378971e-06    1.000000000000000036e-10
2.353303303303303229e-01    6.891767146066529211e-06    1.000000000000000036e-10
2.356256256256256121e-01    6.601876430702340768e-06    1.000000000000000036e-10
2.359209209209209013e-01    6.316400699824350558e-06    1.000000000000000036e-10
2.362162162162161905e-01    6.035769131288718617e-06    1.000000000000000036e-10
2.365115115115115074e-01    5.760384848854919703e-06    1.000000000000000036e-10
2.368068068068067966e-01    5.490623900770605462e-06    1.000000000000000036e-10
2.371021021021020858e-01    5.226834390997715981e-06    1.000000000000000036e-10
2.373973973973973750e-01    4.969335757089858352e-06    1.000000000000000036e-10
2.376926926926926642e-01    4.718418198622966213e-06    1.000000000000000036e-10
2.379879879879879812e-01    4.474342256852858476e-06    1.000000000000000036e-10
2.382832832832832703e-01    4.237338545243740957e-06    1.000000000000000036e-10
2.385785785785785595e-01    4.007607629725011081e-06    1.000000000000000036e-10
2.388738738738738487e-01    3.785320056758750417e-06    1.000000000000000036e-10
2.391691691691691379e-01    3.570616526548424800e-06    1.000000000000000036e-10
2.394644644644644549e-01    3.363608207993523579e-06    1.000000000000000036e-10
2.397597597597597441e-01    3.164377191293203940e-06    1.000000000000000036e-10
2.400550550550550333e-01    2.972977073434983507e-06    1.000000000000000036e-10
2.403503503503503225e-01    2.789433671173158720e-06    1.000000000000000036e-10
2.406456456456456394e-01    2.613745854168501704e-06    1.000000000000000036e-10
2.409409409409409286e-01    2.445886486161307742e-06    1.000000000000000036e-10
2.412362362362362178e-01    2.285803489124882777e-06    1.000000000000000036e-10
2.415315315315315070e-01    2.133421006669837412e-06    1.000000000000000036e-10
2.418268268268267962e-01    1.988640655258877507e-06    1.000000000000000036e-10
2.421221221221221132e-01    1.851342859460215977e-06    1.000000000000000036e-10
2.424174174174174023e-01    1.721388262592772006e-06    1.000000000000000036e-10
2.427127127127126915e-01    1.598619203822160590e-06    1.000000000000000036e-10
2.430080080080079807e-01    1.482861252550264651e-06    1.000000000000000036e-10
2.433033033033032977e-01    1.373924790774402223e-06    1.000000000000000036e-10
2.435985985985985869e-01    1.271606633979598955e-06    1.000000000000000036e-10
2.438938938938938761e-01    1.175691681069063067e-06    1.000000000000000036e-10
2.441891891891891653e-01    1.085954583153361411e-06    1.000000000000000036e-10
2.444844844844844545e-01    1.002161420973854252e-06    1.000000000000000036e-10
2.447797797797797714e-01    9.240713927290534958e-07    1.000000000000000036e-10
2.450750750750750606e-01    8.514384893338018981e-07    1.000000000000000036e-10
2.453703703703703498e-01    7.840131489471976389e-07    1.000000000000000036e-10
2.456656656656656390e-01    7.215438848613196882e-07    1.000000000000000036e-10
2.459609609609609282e-01    6.637788782275708977e-07    1.000000000000000036e-10
2.462562562562562452e-01    6.104675274177905993e-07    1.000000000000000036e-10
2.465515515515515343e-01    5.613619461867874511e-07    1.000000000000000036e-10
2.468468468468468235e-01    5.162184032088345736e-07    1.000000000000000036e-10
2.471421421421421127e-01    4.747986961285055632e-07    1.000000000000000036e-10
2.474374374374374297e-01    4.368714596226105279e-07    1.000000000000000036e-10
2.477327327327327189e-01    4.022133961265657643e-07    1.000000000000000036e-10
2.480280280280280081e-01    3.706104111409811332e-07    1.000000000000000036e-10
2.483233233233232973e-01    3.418586628360775114e-07    1.000000000000000036e-10
2.486186186186185865e-01    3.157655187120461986e-07    1.000000000000000036e-10
2.489139139139139034e-01    2.921504151276041392e-07    1.000000000000000036e-10
2.492092092092091926e-01    2.708456165196068546e-07    1.000000000000000036e-10
2.495045045045044818e-01    2.516968717445677843e-07    1.000000000000000036e-10
2.497997997997997710e-01    2.345639655851371501e-07    1.000000000000000036e-10
2.500950950950950880e-01    2.193211697511580158e-07    1.000000000000000036e-10
2.503903903903903494e-01    2.058575996519178663e-07    1.000000000000000036e-10
2.506856856856856663e-01    1.940774295241863849e-07    1.000000000000000036e-10
2.509809809809809278e-01    1.839000088488292674e-07    1.000000000000000036e-10
2.512762762762762447e-01    1.752598782961038486e-07    1.000000000000000036e-10
2.515715715715715617e-01    1.681066816180646871e-07    1.000000000000000036e-10
2.518668668668668231e-01    1.624049757388957376e-07    1.000000000000000036e-10
2.521621621621621401e-01    1.581339418285582085e-07    1.000000000000000036e-10
2.524574574574574015e-01    1.552870009975595225e-07    1.000000000000000036e-10
2.527527527527527185e-01    1.538713521299715362e-07    1.000000000000000036e-10
2.530480480480480354e-01    1.539074090971281871e-07    1.000000000000000036e-10
2.533433433433432969e-01    1.554281286529141136e-07    1.000000000000000036e-10
2.536386386386386138e-01    1.584782798323830932e-07    1.000000000000000036e-10
2.539339339339338752e-01    1.631136426354025188e-07    1.000000000000000036e-10
2.542292292292291922e-01    1.694001402161674401e-07    1.000000000000000036e-10
2.545245245245245092e-01    1.774129107007006665e-07    1.000000000000000036e-10
2.548198198198197706e-01    1.872353251557824448e-07    1.000000000000000036e-10
2.551151151151150875e-01    1.989579645552575219e-07    1.000000000000000036e-10
2.554104104104104045e-01    2.126775429664873038e-07    1.000000000000000036e-10
2.557057057057056659e-01    2.284957838481652355e-07    1.000000000000000036e-10
2.560010010010009829e-01    2.465182856515540343e-07    1.000000000000000036e-10
2.562962962962962998e-01    2.668533695747815522e-07    1.000000000000000036e-10
2.565915915915915613e-01    2.896109153381504230e-07    1.000000000000000036e-10
2.568868868868868782e-01    3.149011920497628451e-07    1.000000000000000036e-10
2.571821821821821397e-01    3.428336899077015710e-07    1.000000000000000036e-10
2.574774774774774566e-01    3.735159479219662337e-07    1.000000000000000036e-10
2.577727727727727736e-01    4.070524011319516492e-07    1.000000000000000036e-10
2.580680680680680350e-01    4.435432615282698692e-07    1.000000000000000036e-10
2.583633633633633520e-01    4.830834280159925142e-07    1.000000000000000036e-10
2.586586586586586134e-01    5.257614322069866595e-07    1.000000000000000036e-10
2.589539539539539303e-01    5.716584259067566341e-07    1.000000000000000036e-10
2.592492492492492473e-01    6.208472133992144688e-07    1.000000000000000036e-10
2.595445445445445087e-01    6.733913051509074883e-07    1.000000000000000036e-10
2.598398398398398257e-01    7.293440582394918901e-07    1.000000000000000036e-10
2.601351351351350871e-01    7.887479029257922726e-07    1.000000000000000036e-10
2.604304304304304041e-01    8.516336202843269499e-07    1.000000000000000036e-10
2.607257257257257210e-01    9.180196900894433950e-07    1.000000000000000036e-10
2.610210210210209825e-01    9.879117125489262923e-07    1.000000000000000036e-10
2.613163163163162994e-01    1.061301898297900015e-06    1.000000000000000036e-10
2.616116116116116164e-01    1.138168591902207248e-06    1.000000000000000036e-10
2.619069069069068778e-01    1.218475958273628585e-06    1.000000000000000036e-10
2.622022022022021948e-01    1.302173753488688434e-06    1.000000000000000036e-10
2.624974974974974562e-01    1.389197156735823694e-06    1.000000000000000036e-10
2.627927927927927731e-01    1.479466686512767960e-06    1.000000000000000036e-10
2.630880880880880901e-01    1.572888200709494682e-06    1.000000000000000036e-10
2.633833833833833515e-01    1.669352945364920579e-06    1.000000000000000036e-10
2.636786786786786685e-01    1.768737696537092635e-06    1.000000000000000036e-10
2.639739739739739299e-01    1.870905075895976672e-06    1.000000000000000036e-10
2.642692692692692469e-01    1.975703895611039229e-06    1.000000000000000036e-10
2.645645645645645638e-01    2.082969574074050757e-06    1.000000000000000036e-10
2.648598598598598253e-01    2.192524626591096377e-06    1.000000000000000036e-10
2.651551551551551422e-01    2.304179212647079680e-06    1.000000000000000036e-10
2.654504504504504037e-01    2.417731728462272949e-06    1.000000000000000036e-10
2.657457457457457206e-01    2.532969571059155069e-06    1.000000000000000036e-10
2.660410410410410376e-01    2.649669923083088924e-06    1.000000000000000036e-10
2.663363363363362990e-01    2.767600575540094096e-06    1.000000000000000036e-10
2.666316316316316160e-01    2.886520802075173843e-06    1.000000000000000036e-10
2.669269269269269329e-01    3.006182272977637989e-06    1.000000000000000036e-10
2.672222222222221943e-01    3.126330003924700496e-06    1.000000000000000036e-10
2.675175175175175113e-01    3.246703412168105829e-06    1.000000000000000036e-10
2.678128128128127727e-01    3.367037370264425841e-06    1.000000000000000036e-10
2.681081081081080897e-01    3.487063268952562864e-06    1.000000000000000036e-10
2.684034034034034066e-01    3.606510099434499534e-06    1.000000000000000036e-10
2.686986986986986681e-01    3.725105552279636434e-06    1.000000000000000036e-10
2.689939939939939850e-01    3.842577151129308979e-06    1.000000000000000036e-10
2.692892892892892465e-01    3.958653390450005321e-06    1.000000000000000036e-10
2.695845845845845634e-01    4.073064845273770654e-06    1.000000000000000036e-10
2.698798798798798804e-01    4.185545269063451859e-06    1.000000000000000036e-10
2.701751751751751418e-01    4.295832677531487204e-06    1.000000000000000036e-10
2.704704704704704588e-01    4.403670449811767292e-06    1.000000000000000036e-10
2.707657657657657202e-01    4.508808419225646270e-06    1.000000000000000036e-10
2.710610610610610371e-01    4.611003859413489409e-06    1.000000000000000036e-10
2.713563563563563541e-01    4.710022452398367569e-06    1.000000000000000036e-10
2.716516516516516155e-01    4.805639219338519533e-06    1.000000000000000036e-10
2.719469469469469325e-01    4.897639422790511691e-06    1.000000000000000036e-10
2.722422422422421939e-01    4.985819512139661575e-06    1.000000000000000036e-10
2.725375375375375109e-01    5.069987881858008941e-06    1.000000000000000036e-10
2.728328328328328278e-01    5.149965558272125882e-06    1.000000000000000036e-10
2.731281281281280893e-01    5.225586863557247609e-06    1.000000000000000036e-10
2.734234234234234062e-01    5.296700021499727851e-06    1.000000000000000036e-10
2.737187187187187232e-01    5.363167798777611854e-06    1.000000000000000036e-10
2.740140140140139846e-01    5.424868019588692628e-06    1.000000000000000036e-10
2.743093093093093016e-01    5.481693858806265170e-06    1.000000000000000036e-10
2.746046046046045630e-01    5.533554157823689871e-06    1.000000000000000036e-10
2.748998998998998800e-01    5.580373677470149116e-06    1.000000000000000036e-10
2.751951951951951969e-01    5.622093353726451725e-06    1.000000000000000036e-10
2.754904904904904583e-01    5.658670517251381819e-06    1.000000000000000036e-10
2.757857857857857753e-01    5.690078778328187834e-06    1.000000000000000036e-10
2.760810810810810367e-01    5.716307954910228873e-06    1.000000000000000036e-10
2.763763763763763537e-01    5.737363957301912955e-06    1.000000000000000036e-10
2.766716716716716706e-01    5.753268657935431587e-06    1.000000000000000036e-10
2.769669669669669321e-01    5.764059770367402207e-06    1.000000000000000036e-10
2.772622622622622490e-01    5.769790365912796478e-06    1.000000000000000036e-10
2.775575575575575105e-01    5.770528435515747328e-06    1.000000000000000036e-10
2.778528528528528274e-01    5.766356436466474930e-06    1.000000000000000036e-10
2.781481481481481444e-01    5.757370826999386198e-06    1.000000000000000036e-10
2.784434434434434058e-01    5.743681609437622376e-06    1.000000000000000036e-10
2.787387387387387228e-01    5.725411544571542903e-06    1.000000000000000036e-10
2.790340340340340397e-01    5.702695428672112580e-06    1.000000000000000036e-10
2.793293293293293011e-01    5.675679373930314246e-06    1.000000000000000036e-10
2.796246246246246181e-01    5.644520091634581892e-06    1.000000000000000036e-10
2.799199199199198795e-01    5.609384149043485000e-06    1.000000000000000036e-10
2.802152152152151965e-01    5.570446985970109941e-06    1.000000000000000036e-10
2.805105105105105134e-01    5.527892022084573817e-06    1.000000000000000036e-10
2.808058058058057749e-01    5.481909773009191751e-06    1.000000000000000036e-10
2.811011011011010918e-01    5.432696979177964840e-06    1.000000000000000036e-10
2.813963963963963533e-01    5.380455663218197576e-06    1.000000000000000036e-10
2.816916916916916702e-01    5.325392095963799502e-06    1.000000000000000036e-10
2.819869869869869872e-01    5.267715852694189125e-06    1.000000000000000036e-10
2.822822822822822486e-01    5.207638880809894282e-06    1.000000000000000036e-10
2.825775775775775656e-01    5.145374557517741937e-06    1.000000000000000036e-10
2.828728728728728270e-01    5.081136696413106083e-06    1.000000000000000036e-10
2.831681681681681439e-01    5.015138608822270714e-06    1.000000000000000036e-10
2.834634634634634609e-01    4.947592215991552116e-06    1.000000000000000036e-10
2.837587587587587223e-01    4.878707169966049166e-06    1.000000000000000036e-10
2.840540540540540393e-01    4.808689916741743008e-06    1.000000000000000036e-10
2.843493493493493007e-01    4.737742864405423881e-06    1.000000000000000036e-10
2.846446446446446177e-01    4.666063623270446570e-06    1.000000000000000036e-10
2.849399399399399346e-01    4.593844267989736532e-06    1.000000000000000036e-10
2.852352352352351961e-01    4.521270554244318114e-06    1.000000000000000036e-10
2.855305305305305130e-01    4.448521158615822326e-06    1.000000000000000036e-10
2.858258258258258300e-01    4.375767149642392164e-06    1.000000000000000036e-10
2.861211211211210914e-01    4.303171441994365644e-06    1.000000000000000036e-10
2.864164164164164084e-01    4.230888258265858214e-06    1.000000000000000036e-10
2.867117117117116698e-01    4.159062481617281481e-06    1.000000000000000036e-10
2.870070070070069868e-01    4.087829323965092211e-06    1.000000000000000036e-10
2.873023023023023037e-01    4.017314057097884945e-06    1.000000000000000036e-10
2.875975975975975651e-01    3.947631720527099271e-06    1.000000000000000036e-10
2.878928928928928821e-01    3.878886731899242021e-06    1.000000000000000036e-10
2.881881881881881435e-01    3.811172644045361059e-06    1.000000000000000036e-10
2.884834834834834605e-01    3.744572202336933897e-06    1.000000000000000036e-10
2.887787787787787774e-01    3.679157299339193147e-06    1.000000000000000036e-10
2.890740740740740389e-01    3.614988890818624147e-06    1.000000000000000036e-10
2.893693693693693558e-01    3.552116859882044744e-06    1.000000000000000036e-10
2.896646646646646173e-01    3.490580330525849587e-06    1.000000000000000036e-10
2.899599599599599342e-01    3.430407885683631743e-06    1.000000000000000036e-10
2.902552552552552512e-01    3.371617746001870501e-06    1.000000000000000036e-10
2.905505505505505126e-01    3.314217829761629315e-06    1.000000000000000036e-10
2.908458458458458296e-01    3.258206203761019869e-06    1.000000000000000036e-10
2.911411411411410910e-01    3.203571558975010810e-06    1.000000000000000036e-10
2.914364364364364079e-01    3.150293592792116183e-06    1.000000000000000036e-10
2.917317317317317249e-01    3.098343292302839656e-06    1.000000000000000036e-10
2.920270270270269863e-01    3.047683466473153462e-06    1.000000000000000036e-10
2.923223223223223033e-01    2.998269414629073541e-06    1.000000000000000036e-10
2.926176176176176202e-01    2.950049457730355289e-06    1.000000000000000036e-10
2.929129129129128817e-01    2.902965406814329077e-06    1.000000000000000036e-10
2.932082082082081986e-01    2.856953166975747723e-06    1.000000000000000036e-10
2.935035035035034601e-01    2.811943502939654481e-06    1.000000000000000036e-10
2.937987987987987770e-01    2.767862661198478218e-06    1.000000000000000036e-10
2.940940940940940940e-01    2.724632957091510627e-06    1.000000000000000036e-10
2.943893893893893554e-01    2.682173442140666266e-06    1.000000000000000036e-10
2.946846846846846724e-01    2.640400673152539158e-06    1.000000000000000036e-10
2.949799799799799338e-01    2.599229360156871583e-06    1.000000000000000036e-10
2.952752752752752508e-01    2.558573002407637628e-06    1.000000000000000036e-10
2.955705705705705677e-01    2.518344592202465933e-06    1.000000000000000036e-10
2.958658658658658291e-01    2.478457308074673368e-06    1.000000000000000036e-10
2.961611611611611461e-01    2.438825123030669818e-06    1.000000000000000036e-10
2.964564564564564075e-01    2.399363429225136762e-06    1.000000000000000036e-10
2.967517517517517245e-01    2.359989732520373294e-06    1.000000000000000036e-10
2.970470470470470414e-01    2.320624204556185537e-06    1.000000000000000036e-10
2.973423423423423029e-01    2.281190195677714423e-06    1.000000000000000036e-10
2.976376376376376198e-01    2.241614803083768460e-06    1.000000000000000036e-10
2.979329329329328813e-01    2.201829496430868390e-06    1.000000000000000036e-10
2.982282282282281982e-01    2.161770478833369936e-06    1.000000000000000036e-10
2.985235235235235152e-01    2.121379066801301011e-06    1.000000000000000036e-10
2.988188188188187766e-01    2.080602173471823799e-06    1.000000000000000036e-10
2.991141141141140936e-01    2.039392794746491218e-06    1.000000000000000036e-10
2.994094094094094105e-01    1.997710152612304376e-06    1.000000000000000036e-10
2.997047047047046719e-01    1.955519925036791216e-06    1.000000000000000036e-10
2.999999999999999889e-01    1.912794629218199102e-06    1.000000000000000036e-10
