5.000000000000000104e-03    9.999564168597360192e-01    1.000000000000000036e-10
5.295295295295295371e-03    9.999564168597356861e-01    1.000000000000000036e-10
5.590590590590590638e-03    9.999564168597355751e-01    1.000000000000000036e-10
5.885885885885885904e-03    9.999564168597362412e-01    1.000000000000000036e-10
6.181181181181181171e-03    9.999564168597359082e-01    1.000000000000000036e-10
6.476476476476476438e-03    9.999564168597359082e-01    1.000000000000000036e-10
6.771771771771771704e-03    9.999564168597363523e-01    1.000000000000000036e-10
7.067067067067066971e-03    9.999564168597355751e-01    1.000000000000000036e-10
7.362362362362362238e-03    9.999564168597356861e-01    1.000000000000000036e-10
7.657657657657657505e-03    9.999564168597362412e-01    1.000000000000000036e-10
7.952952952952951904e-03    9.999564168597355751e-01    1.000000000000000036e-10
8.248248248248248038e-03    9.999564168597357972e-01    1.000000000000000036e-10
8.543543543543544172e-03    9.999564168597363523e-01    1.000000000000000036e-10
8.838838838838838571e-03    9.999564168597359082e-01    1.000000000000000036e-10
9.134134134134132971e-03    9.999564168597361302e-01    1.000000000000000036e-10
9.429429429429429105e-03    9.999564168597356861e-01    1.000000000000000036e-10
9.724724724724725239e-03    9.999564168003158837e-01    1.000000000000000036e-10
1.002002002002001964e-02    9.681662732869451560e-01    1.000000000000000036e-10
1.031531531531531404e-02    3.345002845147709847e-01    1.000000000000000036e-10
1.061061061061061017e-02    2.700545911887417549e-01    1.000000000000000036e-10
1.090590590590590631e-02    2.871613194945595859e-01    1.000000000000000036e-10
1.120120120120120071e-02    3.067080827630606632e-01    1.000000000000000036e-10
1.149649649649649510e-02    3.231876562693401511e-01    1.000000000000000036e-10
1.179179179179179124e-02    3.362901551383669640e-01    1.000000000000000036e-10
1.208708708708708737e-02    3.464617470228579243e-01    1.000000000000000036e-10
1.238238238238238177e-02    3.541987919100363924e-01    1.000000000000000036e-10
1.267767767767767617e-02    3.599223002504015612e-01    1.000000000000000036e-10
1.297297297297297231e-02    3.639686591346725786e-01    1.000000000000000036e-10
1.326826826826826844e-02    3.666033693515912684e-01    1.000000000000000036e-10
1.356356356356356457e-02    3.680366605886082887e-01    1.000000000000000036e-10
1.385885885885885724e-02    3.684365035565069779e-01    1.000000000000000036e-10
1.415415415415415337e-02    3.679386195567027618e-01    1.000000000000000036e-10
1.444944944944944951e-02    3.666539976355091546e-01    1.000000000000000036e-10
1.474474474474474564e-02    3.646745171398859120e-01    1.000000000000000036e-10
1.504004004004003830e-02    3.620771709177319497e-01    1.000000000000000036e-10
1.533533533533533444e-02    3.589272620931275304e-01    1.000000000000000036e-10
1.563063063063063057e-02    3.552808460475196384e-01    1.000000000000000036e-10
1.592592592592592671e-02    3.511866134738250156e-01    1.000000000000000036e-10
1.622122122122121937e-02    3.466873557285911067e-01    1.000000000000000036e-10
1.651651651651651551e-02    3.418211148529562426e-01    1.000000000000000036e-10
1.681181181181181164e-02    3.366220929871678869e-01    1.000000000000000036e-10
1.710710710710710777e-02    3.311213762023574869e-01    1.000000000000000036e-10
1.740240240240240044e-02    3.253475136267857115e-01    1.000000000000000036e-10
1.769769769769769657e-02    3.193269825095516046e-01    1.000000000000000036e-10
1.799299299299299271e-02    3.130845624062588706e-01    1.000000000000000036e-10
1.828828828828828884e-02    3.066436361836802349e-01    1.000000000000000036e-10
1.858358358358358151e-02    3.000264314869240945e-01    1.000000000000000036e-10
1.887887887887887764e-02    2.932542132816749469e-01    1.000000000000000036e-10
1.917417417417417377e-02    2.863474358209220361e-01    1.000000000000000036e-10
1.946946946946946991e-02    2.793258606741813033e-01    1.000000000000000036e-10
1.976476476476476257e-02    2.722086461682426961e-01    1.000000000000000036e-10
2.006006006006005871e-02    2.650144126063236349e-01    1.000000000000000036e-10
2.035535535535535484e-02    2.577612868947019020e-01    1.000000000000000036e-10
2.065065065065065097e-02    2.504669296359940955e-01    1.000000000000000036e-10
2.094594594594594364e-02    2.431485473221756122e-01    1.000000000000000036e-10
2.124124124124123977e-02    2.358228919319531602e-01    1.000000000000000036e-10
2.153653653653653591e-02    2.285062499861027219e-01    1.000000000000000036e-10
2.183183183183183204e-02    2.212144229234318249e-01    1.000000000000000036e-10
2.212712712712712818e-02    2.139627005025707129e-01    1.000000000000000036e-10
2.242242242242242084e-02    2.067658288160876268e-01    1.000000000000000036e-10
2.271771771771771697e-02    1.996379743965390197e-01    1.000000000000000036e-10
2.301301301301301311e-02    1.925926858002273978e-01    1.000000000000000036e-10
2.330830830830830577e-02    1.856428539665039568e-01    1.000000000000000036e-10
2.360360360360360191e-02    1.788006725662223961e-01    1.000000000000000036e-10
2.389889889889889804e-02    1.720775994553231658e-01    1.000000000000000036e-10
2.419419419419419418e-02    1.654843202647902078e-01    1.000000000000000036e-10
2.448948948948949031e-02    1.590307150451358842e-01    1.000000000000000036e-10
2.478478478478478297e-02    1.527258287893225874e-01    1.000000000000000036e-10
2.508008008008007911e-02    1.465778465319764468e-01    1.000000000000000036e-10
2.537537537537537524e-02    1.405940736114412448e-01    1.000000000000000036e-10
2.567067067067066791e-02    1.347809215564957364e-01    1.000000000000000036e-10
2.596596596596596404e-02    1.291438999318973435e-01    1.000000000000000036e-10
2.626126126126126017e-02    1.236876143585032839e-01    1.000000000000000036e-10
2.655655655655655631e-02    1.184157707986572827e-01    1.000000000000000036e-10
2.685185185185185244e-02    1.133311860710478070e-01    1.000000000000000036e-10
2.714714714714714511e-02    1.084358044692745882e-01    1.000000000000000036e-10
2.744244244244244124e-02    1.037307202347794305e-01    1.000000000000000036e-10
2.773773773773773738e-02    9.921620555287254117e-02    1.000000000000000036e-10
2.803303303303303004e-02    9.489174366262947968e-02    1.000000000000000036e-10
2.832832832832832617e-02    9.075606659946675037e-02    1.000000000000000036e-10
2.862362362362362231e-02    8.680719703677246268e-02    1.000000000000000036e-10
2.891891891891891844e-02    8.304249365412055828e-02    1.000000000000000036e-10
2.921421421421421458e-02    7.945869943392323831e-02    1.000000000000000036e-10
2.950950950950950724e-02    7.605199227293474307e-02    1.000000000000000036e-10
2.980480480480480338e-02    7.281803729107519385e-02    1.000000000000000036e-10
3.010010010010009951e-02    6.975204024844823547e-02    1.000000000000000036e-10
3.039539539539539217e-02    6.684880146931736211e-02    1.000000000000000036e-10
3.069069069069068831e-02    6.410276974126141725e-02    1.000000000000000036e-10
3.098598598598598444e-02    6.150809565885475422e-02    1.000000000000000036e-10
3.128128128128127711e-02    5.905868394777350622e-02    1.000000000000000036e-10
3.157657657657657324e-02    5.674824434318995192e-02    1.000000000000000036e-10
3.187187187187186937e-02    5.457034064551598979e-02    1.000000000000000036e-10
3.216716716716716551e-02    5.251843763126329973e-02    1.000000000000000036e-10
3.246246246246246164e-02    5.058594554724533260e-02    1.000000000000000036e-10
3.275775775775775084e-02    4.876626196747791547e-02    1.000000000000000036e-10
3.305305305305304697e-02    4.705281084152892340e-02    1.000000000000000036e-10
3.334834834834834311e-02    4.543907861066905779e-02    1.000000000000000036e-10
3.364364364364363924e-02    4.391864731098308466e-02    1.000000000000000036e-10
3.393893893893893537e-02    4.248522462203776356e-02    1.000000000000000036e-10
3.423423423423423151e-02    4.113267086202242878e-02    1.000000000000000036e-10
3.452952952952952764e-02    3.985502295062964828e-02    1.000000000000000036e-10
3.482482482482482378e-02    3.864651540556043874e-02    1.000000000000000036e-10
3.512012012012011297e-02    3.750159844374856277e-02    1.000000000000000036e-10
3.541541541541540911e-02    3.641495330121344992e-02    1.000000000000000036e-10
3.571071071071070524e-02    3.538150487543367806e-02    1.000000000000000036e-10
3.600600600600600137e-02    3.439643183213397098e-02    1.000000000000000036e-10
3.630130130130129751e-02    3.345517431386310636e-02    1.000000000000000036e-10
3.659659659659659364e-02    3.255343939564786515e-02    1.000000000000000036e-10
3.689189189189188284e-02    3.168720444151735399e-02    1.000000000000000036e-10
3.718718718718717897e-02    3.085271851596901177e-02    1.000000000000000036e-10
3.748248248248247511e-02    3.004650200344066713e-02    1.000000000000000036e-10
3.777777777777777124e-02    2.926534458794389018e-02    1.000000000000000036e-10
3.807307307307306737e-02    2.850630174191170693e-02    1.000000000000000036e-10
3.836836836836836351e-02    2.776668986917742860e-02    1.000000000000000036e-10
3.866366366366365964e-02    2.704408024312248554e-02    1.000000000000000036e-10
3.895895895895895578e-02    2.633629187302667651e-02    1.000000000000000036e-10
3.925425425425425191e-02    2.564138342565535841e-02    1.000000000000000036e-10
3.954954954954954111e-02    2.495764432625317830e-02    1.000000000000000036e-10
3.984484484484483724e-02    2.428358515879558074e-02    1.000000000000000036e-10
4.014014014014013337e-02    2.361792746025294376e-02    1.000000000000000036e-10
4.043543543543542951e-02    2.295959302805785154e-02    1.000000000000000036e-10
4.073073073073072564e-02    2.230769282725742625e-02    1.000000000000000036e-10
4.102602602602602178e-02    2.166151558759740747e-02    1.000000000000000036e-10
4.132132132132131791e-02    2.102051617976774880e-02    1.000000000000000036e-10
4.161661661661660710e-02    2.038430384585073613e-02    1.000000000000000036e-10
4.191191191191190324e-02    1.975263035410319834e-02    1.000000000000000036e-10
4.220720720720719937e-02    1.912537815699056828e-02    1.000000000000000036e-10
4.250250250250249551e-02    1.850254860229311876e-02    1.000000000000000036e-10
4.279779779779779164e-02    1.788425026492588416e-02    1.000000000000000036e-10
4.309309309309308778e-02    1.727068745242217943e-02    1.000000000000000036e-10
4.338838838838838391e-02    1.666214893290680898e-02    1.000000000000000036e-10
4.368368368368368004e-02    1.605899693177972529e-02    1.000000000000000036e-10
4.397897897897897618e-02    1.546165644097758154e-02    1.000000000000000036e-10
4.427427427427426537e-02    1.487060487916360384e-02    1.000000000000000036e-10
4.456956956956956151e-02    1.428636213805823015e-02    1.000000000000000036e-10
4.486486486486485764e-02    1.370948104682020649e-02    1.000000000000000036e-10
4.516016016016015377e-02    1.314053828295027627e-02    1.000000000000000036e-10
4.545545545545544991e-02    1.258012575482743943e-02    1.000000000000000036e-10
4.575075075075074604e-02    1.202884247767769914e-02    1.000000000000000036e-10
4.604604604604604218e-02    1.148728696151048341e-02    1.000000000000000036e-10
4.634134134134133137e-02    1.095605012625880913e-02    1.000000000000000036e-10
4.663663663663662751e-02    1.043570875595534707e-02    1.000000000000000036e-10
4.693193193193192364e-02    9.926819501091442566e-03    1.000000000000000036e-10
4.722722722722721977e-02    9.429913434956780499e-03    1.000000000000000036e-10
4.752252252252251591e-02    8.945491166224056948e-03    1.000000000000000036e-10
4.781781781781781204e-02    8.474018505917836966e-03    1.000000000000000036e-10
4.811311311311310818e-02    8.015922688560897513e-03    1.000000000000000036e-10
4.840840840840840431e-02    7.571589138679430016e-03    1.000000000000000036e-10
4.870370370370370044e-02    7.141358770587699113e-03    1.000000000000000036e-10
4.899899899899898964e-02    6.725525818202163567e-03    1.000000000000000036e-10
4.929429429429428577e-02    6.324336168291718081e-03    1.000000000000000036e-10
4.958958958958958191e-02    5.937986191581121759e-03    1.000000000000000036e-10
4.988488488488487804e-02    5.566622043163170323e-03    1.000000000000000036e-10
5.018018018018017418e-02    5.210339418182760585e-03    1.000000000000000036e-10
5.047547547547547031e-02    4.869183731873895707e-03    1.000000000000000036e-10
5.077077077077076644e-02    4.543150708868208196e-03    1.000000000000000036e-10
5.106606606606605564e-02    4.232187341736542811e-03    1.000000000000000036e-10
5.136136136136135177e-02    3.936193206490851484e-03    1.000000000000000036e-10
5.165665665665664791e-02    3.655022093333395658e-03    1.000000000000000036e-10
5.195195195195194404e-02    3.388483928260190795e-03    1.000000000000000036e-10
5.224724724724724018e-02    3.136346958444724119e-03    1.000000000000000036e-10
5.254254254254253631e-02    2.898340164983974950e-03    1.000000000000000036e-10
5.283783783783783244e-02    2.674155874633015427e-03    1.000000000000000036e-10
5.313313313313312858e-02    2.463452542153990194e-03    1.000000000000000036e-10
5.342842842842842471e-02    2.265857670965252136e-03    1.000000000000000036e-10
5.372372372372371391e-02    2.080970842503901408e-03    1.000000000000000036e-10
5.401901901901901004e-02    1.908366825988496015e-03    1.000000000000000036e-10
5.431431431431430618e-02    1.747598740556169936e-03    1.000000000000000036e-10
5.460960960960960231e-02    1.598201242859868115e-03    1.000000000000000036e-10
5.490490490490489844e-02    1.459693714418895758e-03    1.000000000000000036e-10
5.520020020020019458e-02    1.331583424244866566e-03    1.000000000000000036e-10
5.549549549549549071e-02    1.213368643941170177e-03    1.000000000000000036e-10
5.579079079079077991e-02    1.104541693944605888e-03    1.000000000000000036e-10
5.608608608608607604e-02    1.004591901192941877e-03    1.000000000000000036e-10
5.638138138138137218e-02    9.130084501956827999e-04    1.000000000000000036e-10
5.667667667667666831e-02    8.292831112203216844e-04    1.000000000000000036e-10
5.697197197197196444e-02    7.529128310686255968e-04    1.000000000000000036e-10
5.726726726726726058e-02    6.834021737012610032e-04    1.000000000000000036e-10
5.756256256256255671e-02    6.202655998039291246e-04    1.000000000000000036e-10
5.785785785785785285e-02    5.630295760165092769e-04    1.000000000000000036e-10
5.815315315315314898e-02    5.112345063199189932e-04    1.000000000000000036e-10
5.844844844844843817e-02    4.644364797973991681e-04    1.000000000000000036e-10
5.874374374374373431e-02    4.222088306007252775e-04    1.000000000000000036e-10
5.903903903903903044e-02    3.841435076890104992e-04    1.000000000000000036e-10
5.933433433433432658e-02    3.498522539953790884e-04    1.000000000000000036e-10
5.962962962962962271e-02    3.189675937637083641e-04    1.000000000000000036e-10
5.992492492492491885e-02    2.911436304713503121e-04    1.000000000000000036e-10
6.022022022022021498e-02    2.660566593975124787e-04    1.000000000000000036e-10
6.051551551551550417e-02    2.434055999514937361e-04    1.000000000000000036e-10
6.081081081081080031e-02    2.229122483798839309e-04    1.000000000000000036e-10
6.110610610610609644e-02    2.043213616187523690e-04    1.000000000000000036e-10
6.140140140140139258e-02    1.874005817225957952e-04    1.000000000000000036e-10
6.169669669669668871e-02    1.719402002204665461e-04    1.000000000000000036e-10
6.199199199199198485e-02    1.577527801208923543e-04    1.000000000000000036e-10
6.228728728728728098e-02    1.446726431982293373e-04    1.000000000000000036e-10
6.258258258258257711e-02    1.325552250263395155e-04    1.000000000000000036e-10
6.287787787787788019e-02    1.212763227899516102e-04    1.000000000000000036e-10
6.317317317317316938e-02    1.107312293694419586e-04    1.000000000000000036e-10
6.346846846846845858e-02    1.008337813254842259e-04    1.000000000000000036e-10
6.376376376376376165e-02    9.151531806744329456e-05    1.000000000000000036e-10
6.405905905905905084e-02    8.272357492981117068e-05    1.000000000000000036e-10
6.435435435435435392e-02    7.442151179412813909e-05    1.000000000000000036e-10
6.464964964964964311e-02    6.658609794309507015e-05    1.000000000000000036e-10
6.494494494494494619e-02    5.920705427939990123e-05    1.000000000000000036e-10
6.524024024024023538e-02    5.228557500621561373e-05    1.000000000000000036e-10
6.553553553553552458e-02    4.583302778436229439e-05    1.000000000000000036e-10
6.583083083083082765e-02    3.986965348892455456e-05    1.000000000000000036e-10
6.612612612612611684e-02    3.442326763756860031e-05    1.000000000000000036e-10
6.642142142142141992e-02    2.952797669597936986e-05    1.000000000000000036e-10
6.671671671671670911e-02    2.522291886560709020e-05    1.000000000000000036e-10
6.701201201201201219e-02    2.155103479343325513e-05    1.000000000000000036e-10
6.730730730730730138e-02    1.855787922104909035e-05    1.000000000000000036e-10
6.760260260260260445e-02    1.629047949762834152e-05    1.000000000000000036e-10
6.789789789789789365e-02    1.479624747573785490e-05    1.000000000000000036e-10
6.819319319319319672e-02    1.412195166117712258e-05    1.000000000000000036e-10
6.848848848848848592e-02    1.431275425092327042e-05    1.000000000000000036e-10
6.878378378378377511e-02    1.541131802968473912e-05    1.000000000000000036e-10
6.907907907907907819e-02    1.745698741091973184e-05    1.000000000000000036e-10
6.937437437437436738e-02    2.048504647553192365e-05    1.000000000000000036e-10
6.966966966966967045e-02    2.452605653590599755e-05    1.000000000000000036e-10
6.996496496496495965e-02    2.960527529966913780e-05    1.000000000000000036e-10
7.026026026026026272e-02    3.574215921789279427e-05    1.000000000000000036e-10
7.055555555555555192e-02    4.294994898492970594e-05    1.000000000000000036e-10
7.085085085085085499e-02    5.123533823533404821e-05    1.000000000000000036e-10
7.114614614614614418e-02    6.059822473887884500e-05    1.000000000000000036e-10
7.144144144144143338e-02    7.103154274266202934e-05    1.000000000000000036e-10
7.173673673673673645e-02    8.252117457404175085e-05    1.000000000000000036e-10
7.203203203203202565e-02    9.504593919158494525e-05    1.000000000000000036e-10
7.232732732732732872e-02    1.085776545403955310e-04    1.000000000000000036e-10
7.262262262262261792e-02    1.230812703711194370e-04    1.000000000000000036e-10
7.291791791791792099e-02    1.385150677267911056e-04    1.000000000000000036e-10
7.321321321321321018e-02    1.548309209039533071e-04    1.000000000000000036e-10
7.350850850850851326e-02    1.719746173622815530e-04    1.000000000000000036e-10
7.380380380380380245e-02    1.898862307701252358e-04    1.000000000000000036e-10
7.409909909909909165e-02    2.085005421325913412e-04    1.000000000000000036e-10
7.439439439439439472e-02    2.277475037541841594e-04    1.000000000000000036e-10
7.468968968968968392e-02    2.475527406394326005e-04    1.000000000000000036e-10
7.498498498498498699e-02    2.678380838318661513e-04    1.000000000000000036e-10
7.528028028028027618e-02    2.885221301332797353e-04    1.000000000000000036e-10
7.557557557557557926e-02    3.095208226304844881e-04    1.000000000000000036e-10
7.587087087087086845e-02    3.307480464839956469e-04    1.000000000000000036e-10
7.616616616616615765e-02    3.521162345011152233e-04    1.000000000000000036e-10
7.646146146146146072e-02    3.735369771223071077e-04    1.000000000000000036e-10
7.675675675675674992e-02    3.949216315929637020e-04    1.000000000000000036e-10
7.705205205205205299e-02    4.161819252707508110e-04    1.000000000000000036e-10
7.734734734734734218e-02    4.372305482536792583e-04    1.000000000000000036e-10
7.764264264264264526e-02    4.579817307376619949e-04    1.000000000000000036e-10
7.793793793793793445e-02    4.783518007131486323e-04    1.000000000000000036e-10
7.823323323323322365e-02    4.982597179756408827e-04    1.000000000000000036e-10
7.852852852852852672e-02    5.176275807099562460e-04    1.000000000000000036e-10
7.882382382382381592e-02    5.363811012357802294e-04    1.000000000000000036e-10
7.911911911911911899e-02    5.544500478960711753e-04    1.000000000000000036e-10
7.941441441441440818e-02    5.717686506684151486e-04    1.000000000000000036e-10
7.970970970970971126e-02    5.882759674761098333e-04    1.000000000000000036e-10
8.000500500500500045e-02    6.039162094474407510e-04    1.000000000000000036e-10
8.030030030030030352e-02    6.186390237040706452e-04    1.000000000000000036e-10
8.059559559559559272e-02    6.323997326559247130e-04    1.000000000000000036e-10
8.089089089089088191e-02    6.451595292175279486e-04    1.000000000000000036e-10
8.118618618618618499e-02    6.568856255372843619e-04    1.000000000000000036e-10
8.148148148148147418e-02    6.675513567119762065e-04    1.000000000000000036e-10
8.177677677677677726e-02    6.771362401992076950e-04    1.000000000000000036e-10
8.207207207207206645e-02    6.856259912765224913e-04    1.000000000000000036e-10
8.236736736736736952e-02    6.930124924999346179e-04    1.000000000000000036e-10
8.266266266266265872e-02    6.992937216716165914e-04    1.000000000000000036e-10
8.295795795795796179e-02    7.044736407120989925e-04    1.000000000000000036e-10
8.325325325325325099e-02    7.085620425995074008e-04    1.000000000000000036e-10
8.354854854854854018e-02    7.115743606999621685e-04    1.000000000000000036e-10
8.384384384384384326e-02    7.135314460077940612e-04    1.000000000000000036e-10
8.413913913913913245e-02    7.144593089213335801e-04    1.000000000000000036e-10
8.443443443443443552e-02    7.143888302536369368e-04    1.000000000000000036e-10
8.472972972972972472e-02    7.133554484627723869e-04    1.000000000000000036e-10
8.502502502502502779e-02    7.113988183730505545e-04    1.000000000000000036e-10
8.532032032032031699e-02    7.085624498276710259e-04    1.000000000000000036e-10
8.561561561561560618e-02    7.048933297073293113e-04    1.000000000000000036e-10
8.591091091091090926e-02    7.004415247169262651e-04    1.000000000000000036e-10
8.620620620620619845e-02    6.952597759942286647e-04    1.000000000000000036e-10
8.650150150150150152e-02    6.894030821746814468e-04    1.000000000000000036e-10
8.679679679679679072e-02    6.829282774872395302e-04    1.000000000000000036e-10
8.709209209209209379e-02    6.758936078821816589e-04    1.000000000000000036e-10
8.738738738738738299e-02    6.683583062505088664e-04    1.000000000000000036e-10
8.768268268268267218e-02    6.603821725725435429e-04    1.000000000000000036e-10
8.797797797797797525e-02    6.520251594742457451e-04    1.000000000000000036e-10
8.827327327327326445e-02    6.433469674132420062e-04    1.000000000000000036e-10
8.856856856856856752e-02    6.344066519914586628e-04    1.000000000000000036e-10
8.886386386386385672e-02    6.252622449425874985e-04    1.000000000000000036e-10
8.915915915915915979e-02    6.159703931243640891e-04    1.000000000000000036e-10
8.945445445445444899e-02    6.065860148458726824e-04    1.000000000000000036e-10
8.974974974974975206e-02    5.971619793120989950e-04    1.000000000000000036e-10
9.004504504504504125e-02    5.877488060664714077e-04    1.000000000000000036e-10
9.034034034034033045e-02    5.783943923946825889e-04    1.000000000000000036e-10
9.063563563563563352e-02    5.691437618804407166e-04    1.000000000000000036e-10
9.093093093093092272e-02    5.600388455008802535e-04    1.000000000000000036e-10
9.122622622622622579e-02    5.511182840289263188e-04    1.000000000000000036e-10
9.152152152152151499e-02    5.424172658602697877e-04    1.000000000000000036e-10
9.181681681681681806e-02    5.339673875462242706e-04    1.000000000000000036e-10
9.211211211211210725e-02    5.257965482390018633e-04    1.000000000000000036e-10
9.240740740740741033e-02    5.179288717181135650e-04    1.000000000000000036e-10
9.270270270270269952e-02    5.103846557954783711e-04    1.000000000000000036e-10
9.299799799799798872e-02    5.031803556060081718e-04    1.000000000000000036e-10
9.329329329329329179e-02    4.963285882175768422e-04    1.000000000000000036e-10
9.358858858858858099e-02    4.898381709220610454e-04    1.000000000000000036e-10
9.388388388388388406e-02    4.837141831389651448e-04    1.000000000000000036e-10
9.417917917917917325e-02    4.779580520344383428e-04    1.000000000000000036e-10
9.447447447447447633e-02    4.725676672175206715e-04    1.000000000000000036e-10
9.476976976976976552e-02    4.675375131499178685e-04    1.000000000000000036e-10
9.506506506506505472e-02    4.628588246195511021e-04    1.000000000000000036e-10
9.536036036036035779e-02    4.585197636407844016e-04    1.000000000000000036e-10
9.565565565565564699e-02    4.545056103918413597e-04    1.000000000000000036e-10
9.595095095095095006e-02    4.507989722153978441e-04    1.000000000000000036e-10
9.624624624624623925e-02    4.473800073839879414e-04    1.000000000000000036e-10
9.654154154154154233e-02    4.442266585298177382e-04    1.000000000000000036e-10
9.683683683683683152e-02    4.413148971746327595e-04    1.000000000000000036e-10
9.713213213213212072e-02    4.386189771045472777e-04    1.000000000000000036e-10
9.742742742742742379e-02    4.361116922829544719e-04    1.000000000000000036e-10
9.772272272272271298e-02    4.337646386994974275e-04    1.000000000000000036e-10
9.801801801801801606e-02    4.315484790562896145e-04    1.000000000000000036e-10
9.831331331331330525e-02    4.294332066227887637e-04    1.000000000000000036e-10
9.860860860860860833e-02    4.273884069607613765e-04    1.000000000000000036e-10
9.890390390390389752e-02    4.253835160904817546e-04    1.000000000000000036e-10
9.919919919919920059e-02    4.233880728662886518e-04    1.000000000000000036e-10
9.949449449449448979e-02    4.213719637830571881e-04    1.000000000000000036e-10
9.978978978978977898e-02    4.193056590197565968e-04    1.000000000000000036e-10
1.000850850850850821e-01    4.171604381137363404e-04    1.000000000000000036e-10
1.003803803803803713e-01    4.149086033874559588e-04    1.000000000000000036e-10
1.006756756756756743e-01    4.125236803673899572e-04    1.000000000000000036e-10
1.009709709709709635e-01    4.099806040452742503e-04    1.000000000000000036e-10
1.012662662662662666e-01    4.072558902190105711e-04    1.000000000000000036e-10
1.015615615615615558e-01    4.043277902500257972e-04    1.000000000000000036e-10
1.018568568568568589e-01    4.011764289181871503e-04    1.000000000000000036e-10
1.021521521521521481e-01    3.977839250418183960e-04    1.000000000000000036e-10
1.024474474474474373e-01    3.941344942575842193e-04    1.000000000000000036e-10
1.027427427427427403e-01    3.902145338264016499e-04    1.000000000000000036e-10
1.030380380380380295e-01    3.860126889863010934e-04    1.000000000000000036e-10
1.033333333333333326e-01    3.815199006359597765e-04    1.000000000000000036e-10
1.036286286286286218e-01    3.767294350286856186e-04    1.000000000000000036e-10
1.039239239239239249e-01    3.716368955027872165e-04    1.000000000000000036e-10
1.042192192192192141e-01    3.662402165929304300e-04    1.000000000000000036e-10
1.045145145145145033e-01    3.605396410157128391e-04    1.000000000000000036e-10
1.048098098098098063e-01    3.545376802077798966e-04    1.000000000000000036e-10
1.051051051051050955e-01    3.482390588623520290e-04    1.000000000000000036e-10
1.054004004004003986e-01    3.416506444152983958e-04    1.000000000000000036e-10
1.056956956956956878e-01    3.347813625016297120e-04    1.000000000000000036e-10
1.059909909909909909e-01    3.276420992601607510e-04    1.000000000000000036e-10
1.062862862862862801e-01    3.202455915310158281e-04    1.000000000000000036e-10
1.065815815815815693e-01    3.126063060558730228e-04    1.000000000000000036e-10
1.068768768768768723e-01    3.047403088441599491e-04    1.000000000000000036e-10
1.071721721721721615e-01    2.966651259118062022e-04    1.000000000000000036e-10
1.074674674674674646e-01    2.883995966327665222e-04    1.000000000000000036e-10
1.077627627627627538e-01    2.799637209708186799e-04    1.000000000000000036e-10
1.080580580580580569e-01    2.713785018578722245e-04    1.000000000000000036e-10
1.083533533533533461e-01    2.626657840016171871e-04    1.000000000000000036e-10
1.086486486486486491e-01    2.538480904178392174e-04    1.000000000000000036e-10
1.089439439439439383e-01    2.449484579353088001e-04    1.000000000000000036e-10
1.092392392392392275e-01    2.359902729092225055e-04    1.000000000000000036e-10
1.095345345345345306e-01    2.269971083482992676e-04    1.000000000000000036e-10
1.098298298298298198e-01    2.179925636202220229e-04    1.000000000000000036e-10
1.101251251251251229e-01    2.090001078521681801e-04    1.000000000000000036e-10
1.104204204204204121e-01    2.000429280881109949e-04    1.000000000000000036e-10
1.107157157157157151e-01    1.911437832028509175e-04    1.000000000000000036e-10
1.110110110110110043e-01    1.823248645052685715e-04    1.000000000000000036e-10
1.113063063063063074e-01    1.736076638902989025e-04    1.000000000000000036e-10
1.116016016016015966e-01    1.650128503216981974e-04    1.000000000000000036e-10
1.118968968968968858e-01    1.565601553461039329e-04    1.000000000000000036e-10
1.121921921921921889e-01    1.482682682541330019e-04    1.000000000000000036e-10
1.124874874874874781e-01    1.401547414169494277e-04    1.000000000000000036e-10
1.127827827827827811e-01    1.322359062374434829e-04    1.000000000000000036e-10
1.130780780780780703e-01    1.245268000648495151e-04    1.000000000000000036e-10
1.133733733733733734e-01    1.170411043307086974e-04    1.000000000000000036e-10
1.136686686686686626e-01    1.097910940735153957e-04    1.000000000000000036e-10
1.139639639639639518e-01    1.027875989295730819e-04    1.000000000000000036e-10
1.142592592592592549e-01    9.603997557942397384e-05    1.000000000000000036e-10
1.145545545545545441e-01    8.955609155315894215e-05    1.000000000000000036e-10
1.148498498498498471e-01    8.334232021307810183e-05    1.000000000000000036e-10
1.151451451451451363e-01    7.740354663849760065e-05    1.000000000000000036e-10
1.154404404404404394e-01    7.174318411081675540e-05    1.000000000000000036e-10
1.157357357357357286e-01    6.636320078483166061e-05    1.000000000000000036e-10
1.160310310310310178e-01    6.126415605420913453e-05    1.000000000000000036e-10
1.163263263263263209e-01    5.644524608290958938e-05    1.000000000000000036e-10
1.166216216216216101e-01    5.190435791014688969e-05    1.000000000000000036e-10
1.169169169169169131e-01    4.763813148588079085e-05    1.000000000000000036e-10
1.172122122122122023e-01    4.364202894946753148e-05    1.000000000000000036e-10
1.175075075075075054e-01    3.991041042605214192e-05    1.000000000000000036e-10
1.178028028028027946e-01    3.643661558367182728e-05    1.000000000000000036e-10
1.180980980980980977e-01    3.321305016358985031e-05    1.000000000000000036e-10
1.183933933933933869e-01    3.023127664706517603e-05    1.000000000000000036e-10
1.186886886886886761e-01    2.748210838363211896e-05    1.000000000000000036e-10
1.189839839839839791e-01    2.495570627908289424e-05    1.000000000000000036e-10
1.192792792792792683e-01    2.264167717750840622e-05    1.000000000000000036e-10
1.195745745745745714e-01    2.052917316527613090e-05    1.000000000000000036e-10
1.198698698698698606e-01    1.860699100096534510e-05    1.000000000000000036e-10
1.201651651651651637e-01    1.686367089401454491e-05    1.000000000000000036e-10
1.204604604604604529e-01    1.528759388439389680e-05    1.000000000000000036e-10
1.207557557557557559e-01    1.386707715908524245e-05    1.000000000000000036e-10
1.210510510510510451e-01    1.259046655902507675e-05    1.000000000000000036e-10
1.213463463463463343e-01    1.144622557519220947e-05    1.000000000000000036e-10
1.216416416416416374e-01    1.042302027083283502e-05    1.000000000000000036e-10
1.219369369369369266e-01    9.509799575952363859e-06    1.000000000000000036e-10
1.222322322322322297e-01    8.695870526621342773e-06    1.000000000000000036e-10
1.225275275275275189e-01    7.970968016379165427e-06    1.000000000000000036e-10
1.228228228228228219e-01    7.325318327363101079e-06    1.000000000000000036e-10
1.231181181181181111e-01    6.749696359806407517e-06    1.000000000000000036e-10
1.234134134134134003e-01    6.235476256340851252e-06    1.000000000000000036e-10
1.237087087087087034e-01    5.774675270568879430e-06    1.000000000000000036e-10
1.240040040040039926e-01    5.359990906275378219e-06    1.000000000000000036e-10
1.242992992992992957e-01    4.984830399609924663e-06    1.000000000000000036e-10
1.245945945945945849e-01    4.643333096798097170e-06    1.000000000000000036e-10
1.248898898898898879e-01    4.330385777543456809e-06    1.000000000000000036e-10
1.251851851851851771e-01    4.041631165355239535e-06    1.000000000000000036e-10
1.254804804804804663e-01    3.773469526198948718e-06    1.000000000000000036e-10
1.257757757757757555e-01    3.523052712836147915e-06    1.000000000000000036e-10
1.260710710710710447e-01    3.288271999028370199e-06    1.000000000000000036e-10
1.263663663663663617e-01    3.067739825900395408e-06    1.000000000000000036e-10
1.266616616616616509e-01    2.860765974294782521e-06    1.000000000000000036e-10
1.269569569569569401e-01    2.667327101066907359e-06    1.000000000000000036e-10
1.272522522522522292e-01    2.488031287549026674e-06    1.000000000000000036e-10
1.275475475475475462e-01    2.324078147570291128e-06    1.000000000000000036e-10
1.278428428428428354e-01    2.177214935953171847e-06    1.000000000000000036e-10
1.281381381381381246e-01    2.049687780020304835e-06    1.000000000000000036e-10
1.284334334334334138e-01    1.944189849280479584e-06    1.000000000000000036e-10
1.287287287287287030e-01    1.863807108500565558e-06    1.000000000000000036e-10
1.290240240240240199e-01    1.811961723768051503e-06    1.000000000000000036e-10
1.293193193193193091e-01    1.792352953303310955e-06    1.000000000000000036e-10
1.296146146146145983e-01    1.808897332940914282e-06    1.000000000000000036e-10
1.299099099099098875e-01    1.865668320001038936e-06    1.000000000000000036e-10
1.302052052052052045e-01    1.966835315674711136e-06    1.000000000000000036e-10
1.305005005005004937e-01    2.116603170483778684e-06    1.000000000000000036e-10
1.307957957957957829e-01    2.319152778543062234e-06    1.000000000000000036e-10
1.310910910910910721e-01    2.578582597325738004e-06    1.000000000000000036e-10
1.313863863863863890e-01    2.898852305835079186e-06    1.000000000000000036e-10
1.316816816816816782e-01    3.283728904405733260e-06    1.000000000000000036e-10
1.319769769769769674e-01    3.736734748636144185e-06    1.000000000000000036e-10
1.322722722722722566e-01    4.261099335093583988e-06    1.000000000000000036e-10
1.325675675675675458e-01    4.859714838003305194e-06    1.000000000000000036e-10
1.328628628628628627e-01    5.535094164421064484e-06    1.000000000000000036e-10
1.331581581581581519e-01    6.289333954693512673e-06    1.000000000000000036e-10
1.334534534534534411e-01    7.124082545329232182e-06    1.000000000000000036e-10
1.337487487487487303e-01    8.040510587544864006e-06    1.000000000000000036e-10
1.340440440440440473e-01    9.039287588339723188e-06    1.000000000000000036e-10
1.343393393393393365e-01    1.012056408870478763e-05    1.000000000000000036e-10
1.346346346346346257e-01    1.128395628519781482e-05    1.000000000000000036e-10
1.349299299299299149e-01    1.252853756876581890e-05    1.000000000000000036e-10
1.352252252252252041e-01    1.385283539504427221e-05    1.000000000000000036e-10
1.355205205205205210e-01    1.525483035760658056e-05    1.000000000000000036e-10
1.358158158158158102e-01    1.673196311231510904e-05    1.000000000000000036e-10
1.361111111111110994e-01    1.828114507907840976e-05    1.000000000000000036e-10
1.364064064064063886e-01    1.989877178087365401e-05    1.000000000000000036e-10
1.367017017017017055e-01    2.158074407611419287e-05    1.000000000000000036e-10
1.369969969969969947e-01    2.332249085515050957e-05    1.000000000000000036e-10
1.372922922922922839e-01    2.511899599043923787e-05    1.000000000000000036e-10
1.375875875875875731e-01    2.696483099500397728e-05    1.000000000000000036e-10
1.378828828828828623e-01    2.885418792537197531e-05    1.000000000000000036e-10
1.381781781781781793e-01    3.078091787715937674e-05    1.000000000000000036e-10
1.384734734734734685e-01    3.273857130030313691e-05    1.000000000000000036e-10
1.387687687687687577e-01    3.472043973916102511e-05    1.000000000000000036e-10
1.390640640640640469e-01    3.671960151374710826e-05    1.000000000000000036e-10
1.393593593593593638e-01    3.872896699049260176e-05    1.000000000000000036e-10
1.396546546546546530e-01    4.074132642144275419e-05    1.000000000000000036e-10
1.399499499499499422e-01    4.274939798729765901e-05    1.000000000000000036e-10
1.402452452452452314e-01    4.474587639042705258e-05    1.000000000000000036e-10
1.405405405405405206e-01    4.672348143398879816e-05    1.000000000000000036e-10
1.408358358358358375e-01    4.867500643082560945e-05    1.000000000000000036e-10
1.411311311311311267e-01    5.059336563228194659e-05    1.000000000000000036e-10
1.414264264264264159e-01    5.247164051750919593e-05    1.000000000000000036e-10
1.417217217217217051e-01    5.430312538136789082e-05    1.000000000000000036e-10
1.420170170170170221e-01    5.608136936792078509e-05    1.000000000000000036e-10
1.423123123123123113e-01    5.780021923316410240e-05    1.000000000000000036e-10
1.426076076076076005e-01    5.945385608262091816e-05    1.000000000000000036e-10
1.429029029029028897e-01    6.103683328703975544e-05    1.000000000000000036e-10
1.431981981981981789e-01    6.254410804568363608e-05    1.000000000000000036e-10
1.434934934934934958e-01    6.397107217306242249e-05    1.000000000000000036e-10
1.437887887887887850e-01    6.531357868930177599e-05    1.000000000000000036e-10
1.440840840840840742e-01    6.656796395366214628e-05    1.000000000000000036e-10
1.443793793793793634e-01    6.773106893892801776e-05    1.000000000000000036e-10
1.446746746746746526e-01    6.880025222131667289e-05    1.000000000000000036e-10
1.449699699699699695e-01    6.977340510671557240e-05    1.000000000000000036e-10
1.452652652652652587e-01    7.064895581460949937e-05    1.000000000000000036e-10
1.455605605605605479e-01    7.142587746056726047e-05    1.000000000000000036e-10
1.458558558558558371e-01    7.210368421214035208e-05    1.000000000000000036e-10
1.461511511511511541e-01    7.268243139301966090e-05    1.000000000000000036e-10
1.464464464464464433e-01    7.316270441617369507e-05    1.000000000000000036e-10
1.467417417417417325e-01    7.354561085376083176e-05    1.000000000000000036e-10
1.470370370370370217e-01    7.383276278942414771e-05    1.000000000000000036e-10
1.473323323323323109e-01    7.402626126665845334e-05    1.000000000000000036e-10
1.476276276276276278e-01    7.412867263049972551e-05    1.000000000000000036e-10
1.479229229229229170e-01    7.414300616707795478e-05    1.000000000000000036e-10
1.482182182182182062e-01    7.407268505522662143e-05    1.000000000000000036e-10
1.485135135135134954e-01    7.392151825087736540e-05    1.000000000000000036e-10
1.488088088088088123e-01    7.369366680451436920e-05    1.000000000000000036e-10
1.491041041041041015e-01    7.339361115770362131e-05    1.000000000000000036e-10
1.493993993993993907e-01    7.302611376471957046e-05    1.000000000000000036e-10
1.496946946946946799e-01    7.259618298312303262e-05    1.000000000000000036e-10
1.499899899899899691e-01    7.210903313545295582e-05    1.000000000000000036e-10
1.502852852852852861e-01    7.157004611818077442e-05    1.000000000000000036e-10
1.505805805805805753e-01    7.098473021871349567e-05    1.000000000000000036e-10
1.508758758758758645e-01    7.035868047519850711e-05    1.000000000000000036e-10
1.511711711711711537e-01    6.969753767445054256e-05    1.000000000000000036e-10
1.514664664664664429e-01    6.900694843534998764e-05    1.000000000000000036e-10
1.517617617617617598e-01    6.829252577005546598e-05    1.000000000000000036e-10
1.520570570570570490e-01    6.755980993738897511e-05    1.000000000000000036e-10
1.523523523523523382e-01    6.681423165988849809e-05    1.000000000000000036e-10
1.526476476476476274e-01    6.606107505890702327e-05    1.000000000000000036e-10
1.529429429429429443e-01    6.530544411529369336e-05    1.000000000000000036e-10
1.532382382382382335e-01    6.455222931706555483e-05    1.000000000000000036e-10
1.535335335335335227e-01    6.380607746730095780e-05    1.000000000000000036e-10
1.538288288288288119e-01    6.307136376791866667e-05    1.000000000000000036e-10
1.541241241241241011e-01    6.235216493377436313e-05    1.000000000000000036e-10
1.544194194194194181e-01    6.165223797658591850e-05    1.000000000000000036e-10
1.547147147147147073e-01    6.097499710451657776e-05    1.000000000000000036e-10
1.550100100100099965e-01    6.032349920466278747e-05    1.000000000000000036e-10
1.553053053053052857e-01    5.970042623145190833e-05    1.000000000000000036e-10
1.556006006006006026e-01    5.910807587480359571e-05    1.000000000000000036e-10
1.558958958958958918e-01    5.854835178272008964e-05    1.000000000000000036e-10
1.561911911911911810e-01    5.802275770196282587e-05    1.000000000000000036e-10
1.564864864864864702e-01    5.753239675737350758e-05    1.000000000000000036e-10
1.567817817817817594e-01    5.707796898392964358e-05    1.000000000000000036e-10
1.570770770770770763e-01    5.665977822399814989e-05    1.000000000000000036e-10
1.573723723723723655e-01    5.627773547434201544e-05    1.000000000000000036e-10
1.576676676676676547e-01    5.593136984991394319e-05    1.000000000000000036e-10
1.579629629629629439e-01    5.561984031495210669e-05    1.000000000000000036e-10
1.582582582582582609e-01    5.534194855612935873e-05    1.000000000000000036e-10
1.585535535535535501e-01    5.509615838161961644e-05    1.000000000000000036e-10
1.588488488488488393e-01    5.488061204821328189e-05    1.000000000000000036e-10
1.591441441441441285e-01    5.469315332844295268e-05    1.000000000000000036e-10
1.594394394394394177e-01    5.453135000437668795e-05    1.000000000000000036e-10
1.597347347347347346e-01    5.439251766927338431e-05    1.000000000000000036e-10
1.600300300300300238e-01    5.427374757943930519e-05    1.000000000000000036e-10
1.603253253253253130e-01    5.417193238414281424e-05    1.000000000000000036e-10
1.606206206206206022e-01    5.408379555387903036e-05    1.000000000000000036e-10
1.609159159159159191e-01    5.400592057357955338e-05    1.000000000000000036e-10
1.612112112112112083e-01    5.393478012040421149e-05    1.000000000000000036e-10
1.615065065065064975e-01    5.386676696562592618e-05    1.000000000000000036e-10
1.618018018018017867e-01    5.379822377411375676e-05    1.000000000000000036e-10
1.620970970970970759e-01    5.372547339444445837e-05    1.000000000000000036e-10
1.623923923923923929e-01    5.364484858840526350e-05    1.000000000000000036e-10
1.626876876876876821e-01    5.355272149007121724e-05    1.000000000000000036e-10
1.629829829829829713e-01    5.344553189788190712e-05    1.000000000000000036e-10
1.632782782782782605e-01    5.331981464540286867e-05    1.000000000000000036e-10
1.635735735735735497e-01    5.317222671122233066e-05    1.000000000000000036e-10
1.638688688688688666e-01    5.299957134355365697e-05    1.000000000000000036e-10
1.641641641641641558e-01    5.279882205066846761e-05    1.000000000000000036e-10
1.644594594594594450e-01    5.256714514643386668e-05    1.000000000000000036e-10
1.647547547547547342e-01    5.230191855132055608e-05    1.000000000000000036e-10
1.650500500500500511e-01    5.200075115275000286e-05    1.000000000000000036e-10
1.653453453453453403e-01    5.166149921527554847e-05    1.000000000000000036e-10
1.656406406406406295e-01    5.128227914897479729e-05    1.000000000000000036e-10
1.659359359359359187e-01    5.086148109426684102e-05    1.000000000000000036e-10
1.662312312312312079e-01    5.039777843195715051e-05    1.000000000000000036e-10
1.665265265265265249e-01    4.989013405103321155e-05    1.000000000000000036e-10
1.668218218218218141e-01    4.933780740853257562e-05    1.000000000000000036e-10
1.671171171171171033e-01    4.874035705444588275e-05    1.000000000000000036e-10
1.674124124124123925e-01    4.809764021870439605e-05    1.000000000000000036e-10
1.677077077077077094e-01    4.740981309706062812e-05    1.000000000000000036e-10
1.680030030030029986e-01    4.667732683012541637e-05    1.000000000000000036e-10
1.682982982982982878e-01    4.590092062104033629e-05    1.000000000000000036e-10
1.685935935935935770e-01    4.508161547208501064e-05    1.000000000000000036e-10
1.688888888888888662e-01    4.422070445022819896e-05    1.000000000000000036e-10
1.691841841841841831e-01    4.331973999932669763e-05    1.000000000000000036e-10
1.694794794794794723e-01    4.238052177795252065e-05    1.000000000000000036e-10
1.697747747747747615e-01    4.140508227825419086e-05    1.000000000000000036e-10
1.700700700700700507e-01    4.039566944487905660e-05    1.000000000000000036e-10
1.703653653653653399e-01    3.935472968769532692e-05    1.000000000000000036e-10
1.706606606606606569e-01    3.828488994769696502e-05    1.000000000000000036e-10
1.709559559559559461e-01    3.718893712031575842e-05    1.000000000000000036e-10
1.712512512512512353e-01    3.606979772691290439e-05    1.000000000000000036e-10
1.715465465465465245e-01    3.493051743273581085e-05    1.000000000000000036e-10
1.718418418418418414e-01    3.377423899739917447e-05    1.000000000000000036e-10
1.721371371371371306e-01    3.260418027114319559e-05    1.000000000000000036e-10
1.724324324324324198e-01    3.142361243408710731e-05    1.000000000000000036e-10
1.727277277277277090e-01    3.023583788406712910e-05    1.000000000000000036e-10
1.730230230230229982e-01    2.904416829223231092e-05    1.000000000000000036e-10
1.733183183183183151e-01    2.785190324415712335e-05    1.000000000000000036e-10
1.736136136136136043e-01    2.666230905408881871e-05    1.000000000000000036e-10
1.739089089089088935e-01    2.547859846006541150e-05    1.000000000000000036e-10
1.742042042042041827e-01    2.430391125169117781e-05    1.000000000000000036e-10
1.744994994994994997e-01    2.314129541546903500e-05    1.000000000000000036e-10
1.747947947947947889e-01    2.199368923192907192e-05    1.000000000000000036e-10
1.750900900900900781e-01    2.086390525247533651e-05    1.000000000000000036e-10
1.753853853853853673e-01    1.975461517423430447e-05    1.000000000000000036e-10
1.756806806806806565e-01    1.866833536244951594e-05    1.000000000000000036e-10
1.759759759759759734e-01    1.760741449370510509e-05    1.000000000000000036e-10
1.762712712712712626e-01    1.657402306703464531e-05    1.000000000000000036e-10
1.765665665665665518e-01    1.557014388113708175e-05    1.000000000000000036e-10
1.768618618618618410e-01    1.459756339864044860e-05    1.000000000000000036e-10
1.771571571571571579e-01    1.365786594615783110e-05    1.000000000000000036e-10
1.774524524524524471e-01    1.275242943562163433e-05    1.000000000000000036e-10
1.777477477477477363e-01    1.188242216026924198e-05    1.000000000000000036e-10
1.780430430430430255e-01    1.104880062410184950e-05    1.000000000000000036e-10
1.783383383383383147e-01    1.025231028729735411e-05    1.000000000000000036e-10
1.786336336336336317e-01    9.493487557971111735e-06    1.000000000000000036e-10
1.789289289289289209e-01    8.772662847339540249e-06    1.000000000000000036e-10
1.792242242242242101e-01    8.089964574325862122e-06    1.000000000000000036e-10
1.795195195195194993e-01    7.445325692500614387e-06    1.000000000000000036e-10
1.798148148148148162e-01    6.838491306415796885e-06    1.000000000000000036e-10
1.801101101101101054e-01    6.269027136470115780e-06    1.000000000000000036e-10
1.804054054054053946e-01    5.736328724456165404e-06    1.000000000000000036e-10
1.807007007007006838e-01    5.239632360856188797e-06    1.000000000000000036e-10
1.809959959959959730e-01    4.778027041026612905e-06    1.000000000000000036e-10
1.812912912912912899e-01    4.350466848064145083e-06    1.000000000000000036e-10
1.815865865865865791e-01    3.955783862864029937e-06    1.000000000000000036e-10
1.818818818818818683e-01    3.592701791459184781e-06    1.000000000000000036e-10
1.821771771771771575e-01    3.259850448110177117e-06    1.000000000000000036e-10
1.824724724724724467e-01    2.955780228252536939e-06    1.000000000000000036e-10
1.827677677677677637e-01    2.678976742074782645e-06    1.000000000000000036e-10
1.830630630630630529e-01    2.427875508338303017e-06    1.000000000000000036e-10
1.833583583583583421e-01    2.200876845677355878e-06    1.000000000000000036e-10
1.836536536536536313e-01    1.996360518284479606e-06    1.000000000000000036e-10
1.839489489489489482e-01    1.812700029267614579e-06    1.000000000000000036e-10
1.842442442442442374e-01    1.648276567332734845e-06    1.000000000000000036e-10
1.845395395395395266e-01    1.501492581279267635e-06    1.000000000000000036e-10
1.848348348348348158e-01    1.370784682004680056e-06    1.000000000000000036e-10
1.851301301301301050e-01    1.254635829066035192e-06    1.000000000000000036e-10
1.854254254254254219e-01    1.151586774859499156e-06    1.000000000000000036e-10
1.857207207207207111e-01    1.060246741386680140e-06    1.000000000000000036e-10
1.860160160160160003e-01    9.793033226784988757e-07    1.000000000000000036e-10
1.863113113113112895e-01    9.075311186544907182e-07    1.000000000000000036e-10
1.866066066066066065e-01    8.437994171606345853e-07    1.000000000000000036e-10
1.869019019019018957e-01    7.870788600824876930e-07    1.000000000000000036e-10
1.871971971971971849e-01    7.364470572923845222e-07    1.000000000000000036e-10
1.874924924924924741e-01    6.910932578821916295e-07    1.000000000000000036e-10
1.877877877877877633e-01    6.503215375191602903e-07    1.000000000000000036e-10
1.880830830830830802e-01    6.135528767100969309e-07    1.000000000000000036e-10
1.883783783783783694e-01    5.803262010853009220e-07    1.000000000000000036e-10
1.886736736736736586e-01    5.502983055572358080e-07    1.000000000000000036e-10
1.889689689689689478e-01    5.232427972071654658e-07    1.000000000000000036e-10
1.892642642642642370e-01    4.990478853593391855e-07    1.000000000000000036e-10
1.895595595595595539e-01    4.777129078657646749e-07    1.000000000000000036e-10
1.898548548548548431e-01    4.593440423610390394e-07    1.000000000000000036e-10
1.901501501501501323e-01    4.441491052271298195e-07    1.000000000000000036e-10
1.904454454454454215e-01    4.324314871254684585e-07    1.000000000000000036e-10
1.907407407407407385e-01    4.245833651230342204e-07    1.000000000000000036e-10
1.910360360360360277e-01    4.210780467934033888e-07    1.000000000000000036e-10
1.913313313313313169e-01    4.224616000171196141e-07    1.000000000000000036e-10
1.916266266266266061e-01    4.293440171192215468e-07    1.000000000000000036e-10
1.919219219219218953e-01    4.423898974907311616e-07    1.000000000000000036e-10
1.922172172172172122e-01    4.623087320670472847e-07    1.000000000000000036e-10
1.925125125125125014e-01    4.898448894225961170e-07    1.000000000000000036e-10
1.928078078078077906e-01    5.257673426684891177e-07    1.000000000000000036e-10
1.931031031031030798e-01    5.708592481214508559e-07    1.000000000000000036e-10
1.933983983983983967e-01    6.259075400747742101e-07    1.000000000000000036e-10
1.936936936936936859e-01    6.916925856006397204e-07    1.000000000000000036e-10
1.939889889889889751e-01    7.689779836942528039e-07    1.000000000000000036e-10
1.942842842842842643e-01    8.585005919889056101e-07    1.000000000000000036e-10
1.945795795795795535e-01    9.609608225000547554e-07    1.000000000000000036e-10
1.948748748748748705e-01    1.077013361275843158e-06    1.000000000000000036e-10
1.951701701701701597e-01    1.207258403015695153e-06    1.000000000000000036e-10
1.954654654654654489e-01    1.352233407223913692e-06    1.000000000000000036e-10
1.957607607607607381e-01    1.512405459199470667e-06    1.000000000000000036e-10
1.960560560560560550e-01    1.688164296065562961e-06    1.000000000000000036e-10
1.963513513513513442e-01    1.879816050622107556e-06    1.000000000000000036e-10
1.966466466466466334e-01    2.087577714969371585e-06    1.000000000000000036e-10
1.969419419419419226e-01    2.311572423302013879e-06    1.000000000000000036e-10
1.972372372372372118e-01    2.551825678611341417e-06    1.000000000000000036e-10
1.975325325325325287e-01    2.808262388965392469e-06    1.000000000000000036e-10
1.978278278278278179e-01    3.080704780474212639e-06    1.000000000000000036e-10
1.981231231231231071e-01    3.368871204762756759e-06    1.000000000000000036e-10
1.984184184184183963e-01    3.672375844788989404e-06    1.000000000000000036e-10
1.987137137137137133e-01    3.990729315223924493e-06    1.000000000000000036e-10
1.990090090090090025e-01    4.323340115870913883e-06    1.000000000000000036e-10
1.993043043043042917e-01    4.669516964259980728e-06    1.000000000000000036e-10
1.995995995995995809e-01    5.028472054941778520e-06    1.000000000000000036e-10
1.998948948948948701e-01    5.399325074943309491e-06    1.000000000000000036e-10
2.001901901901901870e-01    5.781107984190747335e-06    1.000000000000000036e-10
2.004854854854854762e-01    6.172770524826713281e-06    1.000000000000000036e-10
2.007807807807807654e-01    6.573186410660986878e-06    1.000000000000000036e-10
2.010760760760760546e-01    6.981160142984291048e-06    1.000000000000000036e-10
2.013713713713713438e-01    7.395434394412066699e-06    1.000000000000000036e-10
2.016666666666666607e-01    7.814697891541281142e-06    1.000000000000000036e-10
2.019619619619619499e-01    8.237593744397544627e-06    1.000000000000000036e-10
2.022572572572572391e-01    8.662728174552799967e-06    1.000000000000000036e-10
2.025525525525525283e-01    9.088679518401156007e-06    1.000000000000000036e-10
2.028478478478478453e-01    9.514007452831509606e-06    1.000000000000000036e-10
2.031431431431431345e-01    9.937262373176158618e-06    1.000000000000000036e-10
2.034384384384384237e-01    1.035699484885137913e-05    1.000000000000000036e-10
2.037337337337337129e-01    1.077176508210966631e-05    1.000000000000000036e-10
2.040290290290290021e-01    1.118015229593207206e-05    1.000000000000000036e-10
2.043243243243243190e-01    1.158076397825369031e-05    1.000000000000000036e-10
2.046196196196196082e-01    1.197224491200737489e-05    1.000000000000000036e-10
2.049149149149148974e-01    1.235328593390911163e-05    1.000000000000000036e-10
2.052102102102101866e-01    1.272263233603866827e-05    1.000000000000000036e-10
2.055055055055055035e-01    1.307909183921024416e-05    1.000000000000000036e-10
2.058008008008007927e-01    1.342154210233102788e-05    1.000000000000000036e-10
2.060960960960960819e-01    1.374893770606299804e-05    1.000000000000000036e-10
2.063913913913913711e-01    1.406031656018463859e-05    1.000000000000000036e-10
2.066866866866866603e-01    1.435480568932904686e-05    1.000000000000000036e-10
2.069819819819819773e-01    1.463162635696978763e-05    1.000000000000000036e-10
2.072772772772772665e-01    1.489009849297429456e-05    1.000000000000000036e-10
2.075725725725725557e-01    1.512964439571128931e-05    1.000000000000000036e-10
2.078678678678678449e-01    1.534979168553646174e-05    1.000000000000000036e-10
2.081631631631631341e-01    1.555017549243441549e-05    1.000000000000000036e-10
2.084584584584584510e-01    1.573053986667261698e-05    1.000000000000000036e-10
2.087537537537537402e-01    1.589073841391469189e-05    1.000000000000000036e-10
2.090490490490490294e-01    1.603073414788356885e-05    1.000000000000000036e-10
2.093443443443443186e-01    1.615059854844533798e-05    1.000000000000000036e-10
2.096396396396396355e-01    1.625050987008767056e-05    1.000000000000000036e-10
2.099349349349349247e-01    1.633075070932373283e-05    1.000000000000000036e-10
2.102302302302302139e-01    1.639170485308966843e-05    1.000000000000000036e-10
2.105255255255255031e-01    1.643385343731465736e-05    1.000000000000000036e-10
2.108208208208207923e-01    1.645777044982134758e-05    1.000000000000000036e-10
2.111161161161161093e-01    1.646411761637747007e-05    1.000000000000000036e-10
2.114114114114113985e-01    1.645363871303813388e-05    1.000000000000000036e-10
2.117067067067066877e-01    1.642715335186349578e-05    1.000000000000000036e-10
2.120020020020019769e-01    1.638555029063899760e-05    1.000000000000000036e-10
2.122972972972972938e-01    1.632978032034519016e-05    1.000000000000000036e-10
2.125925925925925830e-01    1.626084878680055621e-05    1.000000000000000036e-10
2.128878878878878722e-01    1.617980780511816863e-05    1.000000000000000036e-10
2.131831831831831614e-01    1.608774822736371750e-05    1.000000000000000036e-10
2.134784784784784506e-01    1.598579142507014283e-05    1.000000000000000036e-10
2.137737737737737675e-01    1.587508094904847917e-05    1.000000000000000036e-10
2.140690690690690567e-01    1.575677412923426996e-05    1.000000000000000036e-10
2.143643643643643459e-01    1.563203367712499462e-05    1.000000000000000036e-10
2.146596596596596351e-01    1.550201935243473953e-05    1.000000000000000036e-10
2.149549549549549521e-01    1.536787975472261725e-05    1.000000000000000036e-10
2.152502502502502413e-01    1.523074430031681224e-05    1.000000000000000036e-10
2.155455455455455305e-01    1.509171544111203903e-05    1.000000000000000036e-10
2.158408408408408197e-01    1.495186117983939932e-05    1.000000000000000036e-10
2.161361361361361089e-01    1.481220793380414355e-05    1.000000000000000036e-10
2.164314314314314258e-01    1.467373379591419894e-05    1.000000000000000036e-10
2.167267267267267150e-01    1.453736223832530508e-05    1.000000000000000036e-10
2.170220220220220042e-01    1.440395630022095103e-05    1.000000000000000036e-10
2.173173173173172934e-01    1.427431329717034608e-05    1.000000000000000036e-10
2.176126126126126104e-01    1.414916008519243311e-05    1.000000000000000036e-10
2.179079079079078995e-01    1.402914890813625968e-05    1.000000000000000036e-10
2.182032032032031887e-01    1.391485385230556233e-05    1.000000000000000036e-10
2.184984984984984779e-01    1.380676792744629902e-05    1.000000000000000036e-10
2.187937937937937671e-01    1.370530078831349006e-05    1.000000000000000036e-10
2.190890890890890841e-01    1.361077710608371814e-05    1.000000000000000036e-10
2.193843843843843733e-01    1.352343559391518842e-05    1.000000000000000036e-10
2.196796796796796625e-01    1.344342868601620966e-05    1.000000000000000036e-10
2.199749749749749517e-01    1.337082286470696661e-05    1.000000000000000036e-10
2.202702702702702409e-01    1.330559962518007576e-05    1.000000000000000036e-10
2.205655655655655578e-01    1.324765706301990783e-05    1.000000000000000036e-10
2.208608608608608470e-01    1.319681206506416322e-05    1.000000000000000036e-10
2.211561561561561362e-01    1.315280307991224129e-05    1.000000000000000036e-10
2.214514514514514254e-01    1.311529344033725586e-05    1.000000000000000036e-10
2.217467467467467424e-01    1.308387520606824741e-05    1.000000000000000036e-10
2.220420420420420315e-01    1.305807349190139472e-05    1.000000000000000036e-10
2.223373373373373207e-01    1.303735124289928710e-05    1.000000000000000036e-10
2.226326326326326099e-01    1.302111441556394355e-05    1.000000000000000036e-10
2.229279279279278991e-01    1.300871752134105188e-05    1.000000000000000036e-10
2.232232232232232161e-01    1.299946948664536993e-05    1.000000000000000036e-10
2.235185185185185053e-01    1.299263978180107645e-05    1.000000000000000036e-10
2.238138138138137945e-01    1.298746476987653696e-05    1.000000000000000036e-10
2.241091091091090837e-01    1.298315422536574536e-05    1.000000000000000036e-10
2.244044044044044006e-01    1.297889797203161572e-05    1.000000000000000036e-10
2.246996996996996898e-01    1.297387258897980587e-05    1.000000000000000036e-10
2.249949949949949790e-01    1.296724813417249702e-05    1.000000000000000036e-10
2.252902902902902682e-01    1.295819483511359546e-05    1.000000000000000036e-10
2.255855855855855574e-01    1.294588969733174660e-05    1.000000000000000036e-10
2.258808808808808744e-01    1.292952298254392663e-05    1.000000000000000036e-10
2.261761761761761635e-01    1.290830450998521609e-05    1.000000000000000036e-10
2.264714714714714527e-01    1.288146973632444385e-05    1.000000000000000036e-10
2.267667667667667419e-01    1.284828557183133716e-05    1.000000000000000036e-10
2.270620620620620311e-01    1.280805589299629785e-05    1.000000000000000036e-10
2.273573573573573481e-01    1.276012671460875088e-05    1.000000000000000036e-10
2.276526526526526373e-01    1.270389098734638063e-05    1.000000000000000036e-10
2.279479479479479265e-01    1.263879299019126957e-05    1.000000000000000036e-10
2.282432432432432157e-01    1.256433229044213273e-05    1.000000000000000036e-10
2.285385385385385326e-01    1.248006724770382047e-05    1.000000000000000036e-10
2.288338338338338218e-01    1.238561804197994190e-05    1.000000000000000036e-10
2.291291291291291110e-01    1.228066920983810735e-05    1.000000000000000036e-10
2.294244244244244002e-01    1.216497167653182886e-05    1.000000000000000036e-10
2.297197197197196894e-01    1.203834427591554118e-05    1.000000000000000036e-10
2.300150150150150063e-01    1.190067475407629728e-05    1.000000000000000036e-10
2.303103103103102955e-01    1.175192025797718230e-05    1.000000000000000036e-10
2.306056056056055847e-01    1.159210730916343721e-05    1.000000000000000036e-10
2.309009009009008739e-01    1.142133127052055464e-05    1.000000000000000036e-10
2.311961961961961909e-01    1.123975531960922312e-05    1.000000000000000036e-10
2.314914914914914801e-01    1.104760894217594097e-05    1.000000000000000036e-10
2.317867867867867693e-01    1.084518596391192494e-05    1.000000000000000036e-10
2.320820820820820585e-01    1.063284214178687704e-05    1.000000000000000036e-10
2.323773773773773477e-01    1.041099233929932894e-05    1.000000000000000036e-10
2.326726726726726646e-01    1.018010731277192188e-05    1.000000000000000036e-10
2.329679679679679538e-01    9.940710138360097950e-06    1.000000000000000036e-10
2.332632632632632430e-01    9.693372311723829731e-06    1.000000000000000036e-10
2.335585585585585322e-01    9.438709554315759988e-06    1.000000000000000036e-10
2.338538538538538492e-01    9.177377361952552013e-06    1.000000000000000036e-10
2.341491491491491383e-01    8.910066332758140108e-06    1.000000000000000036e-10
2.344444444444444275e-01    8.637497312682026148e-06    1.000000000000000036e-10
2.347397397397397167e-01    8.360416397601438824e-06    1.000000000000000036e-10
2.350350350350350059e-01    8.079589831514424038e-06    1.000000000000000036e-10
2.353303303303303229e-01    7.795798840518017392e-06    1.000000000000000036e-10
2.356256256256256121e-01    7.509834442143274644e-06    1.000000000000000036e-10
2.359209209209209013e-01    7.222492269200824420e-06    1.000000000000000036e-10
2.362162162162161905e-01    6.934567446534354470e-06    1.000000000000000036e-10
2.365115115115115074e-01    6.646849556211639886e-06    1.000000000000000036e-10
2.368068068068067966e-01    6.360117727205058131e-06    1.000000000000000036e-10
2.371021021021020858e-01    6.075135889724485629e-06    1.000000000000000036e-10
2.373973973973973750e-01    5.792648224154679064e-06    1.000000000000000036e-10
2.376926926926926642e-01    5.513374835157041495e-06    1.000000000000000036e-10
2.379879879879879812e-01    5.238007679647202716e-06    1.000000000000000036e-10
2.382832832832832703e-01    4.967206774905096915e-06    1.000000000000000036e-10
2.385785785785785595e-01    4.701596710503689138e-06    1.000000000000000036e-10
2.388738738738738487e-01    4.441763485021410425e-06    1.000000000000000036e-10
2.391691691691691379e-01    4.188251685663887652e-06    1.000000000000000036e-10
2.394644644644644549e-01    3.941562025985312219e-06    1.000000000000000036e-10
2.397597597597597441e-01    3.702149253887112784e-06    1.000000000000000036e-10
2.400550550550550333e-01    3.470420439014043780e-06    1.000000000000000036e-10
2.403503503503503225e-01    3.246733645587742342e-06    1.000000000000000036e-10
2.406456456456456394e-01    3.031396990911375039e-06    1.000000000000000036e-10
2.409409409409409286e-01    2.824668076608554272e-06    1.000000000000000036e-10
2.412362362362362178e-01    2.626753833780373274e-06    1.000000000000000036e-10
2.415315315315315070e-01    2.437810748340983916e-06    1.000000000000000036e-10
2.418268268268267962e-01    2.257945448376715915e-06    1.000000000000000036e-10
2.421221221221221132e-01    2.087215650239266394e-06    1.000000000000000036e-10
2.424174174174174023e-01    1.925631449089153481e-06    1.000000000000000036e-10
2.427127127127126915e-01    1.773156937106061638e-06    1.000000000000000036e-10
2.430080080080079807e-01    1.629712130301678828e-06    1.000000000000000036e-10
2.433033033033032977e-01    1.495175182771672920e-06    1.000000000000000036e-10
2.435985985985985869e-01    1.369384865326078902e-06    1.000000000000000036e-10
2.438938938938938761e-01    1.252143283753341401e-06    1.000000000000000036e-10
2.441891891891891653e-01    1.143218807793170601e-06    1.000000000000000036e-10
2.444844844844844545e-01    1.042349176238333514e-06    1.000000000000000036e-10
2.447797797797797714e-01    9.492447927915030694e-07    1.000000000000000036e-10
2.450750750750750606e-01    8.635921420783137616e-07    1.000000000000000036e-10
2.453703703703703498e-01    7.850572940250180655e-07    1.000000000000000036e-10
2.456656656656656390e-01    7.132894759480317312e-07    1.000000000000000036e-10
2.459609609609609282e-01    6.479246822233126508e-07    1.000000000000000036e-10
2.462562562562562452e-01    5.885892915904364662e-07    1.000000000000000036e-10
2.465515515515515343e-01    5.349036625990362071e-07    1.000000000000000036e-10
2.468468468468468235e-01    4.864856783832798173e-07    1.000000000000000036e-10
2.471421421421421127e-01    4.429542129665563489e-07    1.000000000000000036e-10
2.474374374374374297e-01    4.039324996417343992e-07    1.000000000000000036e-10
2.477327327327327189e-01    3.690513758899370164e-07    1.000000000000000036e-10
2.480280280280280081e-01    3.379523574570650720e-07    1.000000000000000036e-10
2.483233233233232973e-01    3.102905325799103394e-07    1.000000000000000036e-10
2.486186186186185865e-01    2.857372570879656078e-07    1.000000000000000036e-10
2.489139139139139034e-01    2.639826314823453738e-07    1.000000000000000036e-10
2.492092092092091926e-01    2.447377434217070243e-07    1.000000000000000036e-10
2.495045045045044818e-01    2.277366612172050929e-07    1.000000000000000036e-10
2.497997997997997710e-01    2.127381661873641665e-07    1.000000000000000036e-10
2.500950950950950880e-01    1.995272247068645612e-07    1.000000000000000036e-10
2.503903903903903494e-01    1.879162068913520994e-07    1.000000000000000036e-10
2.506856856856856663e-01    1.777457564548029827e-07    1.000000000000000036e-10
2.509809809809809278e-01    1.688853857528952012e-07    1.000000000000000036e-10
2.512762762762762447e-01    1.612337928329259704e-07    1.000000000000000036e-10
2.515715715715715617e-01    1.547188931665421155e-07    1.000000000000000036e-10
2.518668668668668231e-01    1.492975705408909076e-07    1.000000000000000036e-10
2.521621621621621401e-01    1.449551537927867230e-07    1.000000000000000036e-10
2.524574574574574015e-01    1.417046288438536202e-07    1.000000000000000036e-10
2.527527527527527185e-01    1.395856227907676144e-07    1.000000000000000036e-10
2.530480480480480354e-01    1.386631189785536127e-07    1.000000000000000036e-10
2.533433433433432969e-01    1.390258938468894803e-07    1.000000000000000036e-10
2.536386386386386138e-01    1.407847809381124106e-07    1.000000000000000036e-10
2.539339339339338752e-01    1.440707454424623722e-07    1.000000000000000036e-10
2.542292292292291922e-01    1.490327853953574947e-07    1.000000000000000036e-10
2.545245245245245092e-01    1.558356798856177268e-07    1.000000000000000036e-10
2.548198198198197706e-01    1.646576057766415324e-07    1.000000000000000036e-10
2.551151151151150875e-01    1.756876513695632369e-07    1.000000000000000036e-10
2.554104104104104045e-01    1.891232155775970387e-07    1.000000000000000036e-10
2.557057057057056659e-01    2.051673299372520700e-07    1.000000000000000036e-10
2.560010010010009829e-01    2.240259688208004826e-07    1.000000000000000036e-10
2.562962962962962998e-01    2.459053467357953017e-07    1.000000000000000036e-10
2.565915915915915613e-01    2.710092240930806427e-07    1.000000000000000036e-10
2.568868868868868782e-01    2.995362443156182152e-07    1.000000000000000036e-10
2.571821821821821397e-01    3.316773195697474791e-07    1.000000000000000036e-10
2.574774774774774566e-01    3.676130510911364015e-07    1.000000000000000036e-10
2.577727727727727736e-01    4.075112804117922260e-07    1.000000000000000036e-10
2.580680680680680350e-01    4.515247822048165817e-07    1.000000000000000036e-10
2.583633633633633520e-01    4.997890856446953779e-07    1.000000000000000036e-10
2.586586586586586134e-01    5.524204504150659011e-07    1.000000000000000036e-10
2.589539539539539303e-01    6.095140131304747931e-07    1.000000000000000036e-10
2.592492492492492473e-01    6.711421122000746859e-07    1.000000000000000036e-10
2.595445445445445087e-01    7.373527364611342593e-07    1.000000000000000036e-10
2.598398398398398257e-01    8.081682687104595059e-07    1.000000000000000036e-10
2.601351351351350871e-01    8.835845008049031100e-07    1.000000000000000036e-10
2.604304304304304041e-01    9.635698313907914757e-07    1.000000000000000036e-10
2.607257257257257210e-01    1.048064694637172921e-06    1.000000000000000036e-10
2.610210210210209825e-01    1.136981224216112569e-06    1.000000000000000036e-10
2.613163163163162994e-01    1.230203137553709608e-06    1.000000000000000036e-10
2.616116116116116164e-01    1.327585776128892866e-06    1.000000000000000036e-10
2.619069069069068778e-01    1.428956556735256950e-06    1.000000000000000036e-10
2.622022022022021948e-01    1.534115644174051351e-06    1.000000000000000036e-10
2.624974974974974562e-01    1.642836799524357170e-06    1.000000000000000036e-10
2.627927927927927731e-01    1.754868444730226479e-06    1.000000000000000036e-10
2.630880880880880901e-01    1.869934933690463635e-06    1.000000000000000036e-10
2.633833833833833515e-01    1.987737973475218983e-06    1.000000000000000036e-10
2.636786786786786685e-01    2.107958271062121726e-06    1.000000000000000036e-10
2.639739739739739299e-01    2.230257477263208574e-06    1.000000000000000036e-10
2.642692692692692469e-01    2.354280195265752248e-06    1.000000000000000036e-10
2.645645645645645638e-01    2.479656116029949182e-06    1.000000000000000036e-10
2.648598598598598253e-01    2.606002274321888302e-06    1.000000000000000036e-10
2.651551551551551422e-01    2.732925401136804127e-06    1.000000000000000036e-10
2.654504504504504037e-01    2.860024382411929351e-06    1.000000000000000036e-10
2.657457457457457206e-01    2.986892858845026616e-06    1.000000000000000036e-10
2.660410410410410376e-01    3.113121808833739414e-06    1.000000000000000036e-10
2.663363363363362990e-01    3.238302139341055073e-06    1.000000000000000036e-10
2.666316316316316160e-01    3.362027281342151256e-06    1.000000000000000036e-10
2.669269269269269329e-01    3.483895785064121736e-06    1.000000000000000036e-10
2.672222222222221943e-01    3.603513961682039003e-06    1.000000000000000036e-10
2.675175175175175113e-01    3.720498404667781642e-06    1.000000000000000036e-10
2.678128128128127727e-01    3.834478401594576668e-06    1.000000000000000036e-10
2.681081081081080897e-01    3.945098263572164702e-06    1.000000000000000036e-10
2.684034034034034066e-01    4.052019547374150746e-06    1.000000000000000036e-10
2.686986986986986681e-01    4.154923206984330557e-06    1.000000000000000036e-10
2.689939939939939850e-01    4.253511719227562037e-06    1.000000000000000036e-10
2.692892892892892465e-01    4.347510807205716576e-06    1.000000000000000036e-10
2.695845845845845634e-01    4.436671038205596485e-06    1.000000000000000036e-10
2.698798798798798804e-01    4.520769274830194053e-06    1.000000000000000036e-10
2.701751751751751418e-01    4.599609944304070898e-06    1.000000000000000036e-10
2.704704704704704588e-01    4.673026259264954075e-06    1.000000000000000036e-10
2.707657657657657202e-01    4.740881184258711959e-06    1.000000000000000036e-10
2.710610610610610371e-01    4.803067905854420509e-06    1.000000000000000036e-10
2.713563563563563541e-01    4.859510244950822556e-06    1.000000000000000036e-10
2.716516516516516155e-01    4.910162875328687876e-06    1.000000000000000036e-10
2.719469469469469325e-01    4.955011372436366127e-06    1.000000000000000036e-10
2.722422422422421939e-01    4.994072239105089638e-06    1.000000000000000036e-10
2.725375375375375109e-01    5.027392315454109293e-06    1.000000000000000036e-10
2.728328328328328278e-01    5.055048019731109400e-06    1.000000000000000036e-10
2.731281281281280893e-01    5.077144508623014062e-06    1.000000000000000036e-10
2.734234234234234062e-01    5.093814657739884506e-06    1.000000000000000036e-10
2.737187187187187232e-01    5.105218008930059908e-06    1.000000000000000036e-10
2.740140140140139846e-01    5.111539363045582928e-06    1.000000000000000036e-10
2.743093093093093016e-01    5.112987002265189999e-06    1.000000000000000036e-10
2.746046046046045630e-01    5.109790968585999451e-06    1.000000000000000036e-10
2.748998998998998800e-01    5.102201226857460811e-06    1.000000000000000036e-10
2.751951951951951969e-01    5.090485770790491439e-06    1.000000000000000036e-10
2.754904904904904583e-01    5.074928572995951706e-06    1.000000000000000036e-10
2.757857857857857753e-01    5.055827210034052598e-06    1.000000000000000036e-10
2.760810810810810367e-01    5.033490596929531780e-06    1.000000000000000036e-10
2.763763763763763537e-01    5.008236700648594626e-06    1.000000000000000036e-10
2.766716716716716706e-01    4.980390222538840957e-06    1.000000000000000036e-10
2.769669669669669321e-01    4.950280188616035609e-06    1.000000000000000036e-10
2.772622622622622490e-01    4.918237458528103778e-06    1.000000000000000036e-10
2.775575575575575105e-01    4.884592366766249131e-06    1.000000000000000036e-10
2.778528528528528274e-01    4.849672416711621408e-06    1.000000000000000036e-10
2.781481481481481444e-01    4.813799985522207483e-06    1.000000000000000036e-10
2.784434434434434058e-01    4.777289947329227351e-06    1.000000000000000036e-10
2.787387387387387228e-01    4.740447530750368496e-06    1.000000000000000036e-10
2.790340340340340397e-01    4.703566316232657452e-06    1.000000000000000036e-10
2.793293293293293011e-01    4.666926323514564929e-06    1.000000000000000036e-10
2.796246246246246181e-01    4.630792122233776645e-06    1.000000000000000036e-10
2.799199199199198795e-01    4.595410904668302044e-06    1.000000000000000036e-10
2.802152152152151965e-01    4.561011096070471925e-06    1.000000000000000036e-10
2.805105105105105134e-01    4.527801043497756957e-06    1.000000000000000036e-10
2.808058058058057749e-01    4.495967814863197038e-06    1.000000000000000036e-10
2.811011011011010918e-01    4.465675968750734130e-06    1.000000000000000036e-10
2.813963963963963533e-01    4.437066473973030875e-06    1.000000000000000036e-10
2.816916916916916702e-01    4.410256304042628455e-06    1.000000000000000036e-10
2.819869869869869872e-01    4.385337988892689207e-06    1.000000000000000036e-10
2.822822822822822486e-01    4.362379285453055131e-06    1.000000000000000036e-10
2.825775775775775656e-01    4.341422731265883676e-06    1.000000000000000036e-10
2.828728728728728270e-01    4.322485720989441620e-06    1.000000000000000036e-10
2.831681681681681439e-01    4.305561039600039548e-06    1.000000000000000036e-10
2.834634634634634609e-01    4.290617294601116730e-06    1.000000000000000036e-10
2.837587587587587223e-01    4.277599421845276035e-06    1.000000000000000036e-10
2.840540540540540393e-01    4.266429126398697053e-06    1.000000000000000036e-10
2.843493493493493007e-01    4.257006118135385962e-06    1.000000000000000036e-10
2.846446446446446177e-01    4.249209332188738723e-06    1.000000000000000036e-10
2.849399399399399346e-01    4.242898121593843711e-06    1.000000000000000036e-10
2.852352352352351961e-01    4.237913413257819850e-06    1.000000000000000036e-10
2.855305305305305130e-01    4.234079155230346082e-06    1.000000000000000036e-10
2.858258258258258300e-01    4.231204203644310365e-06    1.000000000000000036e-10
2.861211211211210914e-01    4.229083994140025608e-06    1.000000000000000036e-10
2.864164164164164084e-01    4.227502228576387080e-06    1.000000000000000036e-10
2.867117117117116698e-01    4.226232592151969508e-06    1.000000000000000036e-10
2.870070070070069868e-01    4.225040858561096623e-06    1.000000000000000036e-10
2.873023023023023037e-01    4.223686864795788828e-06    1.000000000000000036e-10
2.875975975975975651e-01    4.221926398324226865e-06    1.000000000000000036e-10
2.878928928928928821e-01    4.219513130773941615e-06    1.000000000000000036e-10
2.881881881881881435e-01    4.216200705801354880e-06    1.000000000000000036e-10
2.884834834834834605e-01    4.211744704720333981e-06    1.000000000000000036e-10
2.887787787787787774e-01    4.205904480533323271e-06    1.000000000000000036e-10
2.890740740740740389e-01    4.198445012832179929e-06    1.000000000000000036e-10
2.893693693693693558e-01    4.189138924247747400e-06    1.000000000000000036e-10
2.896646646646646173e-01    4.177768135732772622e-06    1.000000000000000036e-10
2.899599599599599342e-01    4.164125401415671888e-06    1.000000000000000036e-10
2.902552552552552512e-01    4.148015827925142784e-06    1.000000000000000036e-10
2.905505505505505126e-01    4.129258642065054786e-06    1.000000000000000036e-10
2.908458458458458296e-01    4.107688435161795309e-06    1.000000000000000036e-10
2.911411411411410910e-01    4.083156147056662681e-06    1.000000000000000036e-10
2.914364364364364079e-01    4.055530091745729883e-06    1.000000000000000036e-10
2.917317317317317249e-01    4.024697246239465686e-06    1.000000000000000036e-10
2.920270270270269863e-01    3.990564071910714755e-06    1.000000000000000036e-10
2.923223223223223033e-01    3.953056788814676981e-06    1.000000000000000036e-10
2.926176176176176202e-01    3.912121816105729760e-06    1.000000000000000036e-10
2.929129129129128817e-01    3.867726439835964051e-06    1.000000000000000036e-10
2.932082082082081986e-01    3.819859171910147772e-06    1.000000000000000036e-10
2.935035035035034601e-01    3.768529301164927362e-06    1.000000000000000036e-10
2.937987987987987770e-01    3.713766721855684335e-06    1.000000000000000036e-10
2.940940940940940940e-01    3.655621954605480758e-06    1.000000000000000036e-10
2.943893893893893554e-01    3.594165991954072307e-06    1.000000000000000036e-10
2.946846846846846724e-01    3.529489225805834141e-06    1.000000000000000036e-10
2.949799799799799338e-01    3.461700715080895439e-06    1.000000000000000036e-10
2.952752752752752508e-01    3.390927627182942558e-06    1.000000000000000036e-10
2.955705705705705677e-01    3.317314556315493786e-06    1.000000000000000036e-10
2.958658658658658291e-01    3.241021995009552656e-06    1.000000000000000036e-10
2.961611611611611461e-01    3.162225168351688724e-06    1.000000000000000036e-10
2.964564564564564075e-01    3.081113021487363845e-06    1.000000000000000036e-10
2.967517517517517245e-01    2.997887062447855114e-06    1.000000000000000036e-10
2.970470470470470414e-01    2.912759587515071340e-06    1.000000000000000036e-10
2.973423423423423029e-01    2.825952261403180555e-06    1.000000000000000036e-10
2.976376376376376198e-01    2.737694801772767796e-06    1.000000000000000036e-10
2.979329329329328813e-01    2.648223468550462479e-06    1.000000000000000036e-10
2.982282282282281982e-01    2.557779279717165224e-06    1.000000000000000036e-10
2.985235235235235152e-01    2.466606530797348954e-06    1.000000000000000036e-10
2.988188188188187766e-01    2.374951323385859350e-06    1.000000000000000036e-10
2.991141141141140936e-01    2.283059892894351161e-06    1.000000000000000036e-10
2.994094094094094105e-01    2.191177049847457681e-06    1.000000000000000036e-10
2.997047047047046719e-01    2.099544809641096573e-06    1.000000000000000036e-10
2.999999999999999889e-01    2.008400887059548586e-06    1.000000000000000036e-10
