5.000000000000000104e-03    9.998659415764824532e-01    1.000000000000000036e-10
6.482412060301507607e-03    9.998815954904440861e-01    1.000000000000000036e-10
7.964824120603015978e-03    1.000172083889868446e+00    1.000000000000000036e-10
9.447236180904521746e-03    1.000197715796342202e+00    1.000000000000000036e-10
1.092964824120603098e-02    9.542439521338320629e-01    1.000000000000000036e-10
1.241206030150753675e-02    9.016627641443208940e-01    1.000000000000000036e-10
1.389447236180904599e-02    8.416729911701357203e-01    1.000000000000000036e-10
1.537688442211055176e-02    7.681864960743697290e-01    1.000000000000000036e-10
1.685929648241206100e-02    6.790113290267321133e-01    1.000000000000000036e-10
1.834170854271356677e-02    5.750900073868889795e-01    1.000000000000000036e-10
1.982412060301507600e-02    4.605921611434010132e-01    1.000000000000000036e-10
2.130653266331658177e-02    3.439528860974170876e-01    1.000000000000000036e-10
2.278894472361809101e-02    2.357634521739790934e-01    1.000000000000000036e-10
2.427135678391960025e-02    1.461055641324439103e-01    1.000000000000000036e-10
2.575376884422110602e-02    8.002686458781645140e-02    1.000000000000000036e-10
2.723618090452261178e-02    3.730133860833652337e-02    1.000000000000000036e-10
2.871859296482412102e-02    1.376787679260707380e-02    1.000000000000000036e-10
3.020100502512563026e-02    3.693097237462102719e-03    1.000000000000000036e-10
3.168341708542713603e-02    1.710713598011275255e-03    1.000000000000000036e-10
3.316582914572863833e-02    3.705141330132737023e-03    1.000000000000000036e-10
3.464824120603014757e-02    6.940040841803333388e-03    1.000000000000000036e-10
3.613065326633165680e-02    9.828729712844907693e-03    1.000000000000000036e-10
3.761306532663315910e-02    1.162667234043739811e-02    1.000000000000000036e-10
3.909547738693466834e-02    1.215359460404999252e-02    1.000000000000000036e-10
4.057788944723617758e-02    1.153621800199492592e-02    1.000000000000000036e-10
4.206030150753768682e-02    1.007762669426377766e-02    1.000000000000000036e-10
4.354271356783919605e-02    8.144050777631643007e-03    1.000000000000000036e-10
4.502512562814069835e-02    6.080185740885393937e-03    1.000000000000000036e-10
4.650753768844220759e-02    4.148279386748563238e-03    1.000000000000000036e-10
4.798994974874371683e-02    2.536758667249160507e-03    1.000000000000000036e-10
4.947236180904521913e-02    1.337844650969975983e-03    1.000000000000000036e-10
5.095477386934672837e-02    5.697847937447611533e-04    1.000000000000000036e-10
5.243718592964823760e-02    1.883369915770872517e-04    1.000000000000000036e-10
5.391959798994974684e-02    1.162605197824465372e-04    1.000000000000000036e-10
5.540201005025125608e-02    2.580677692614316348e-04    1.000000000000000036e-10
5.688442211055275838e-02    5.187566123422511152e-04    1.000000000000000036e-10
5.836683417085426762e-02    8.149980038281634184e-04    1.000000000000000036e-10
5.984924623115577685e-02    1.084501943091952490e-03    1.000000000000000036e-10
6.133165829145727915e-02    1.281839943606225170e-03    1.000000000000000036e-10
6.281407035175878839e-02    1.384179583974012515e-03    1.000000000000000036e-10
6.429648241206030457e-02    1.389858936640263939e-03    1.000000000000000036e-10
6.577889447236180687e-02    1.301748175116371848e-03    1.000000000000000036e-10
6.726130653266332304e-02    1.144673611680764114e-03    1.000000000000000036e-10
6.874371859296482534e-02    9.402337592929359885e-04    1.000000000000000036e-10
7.022613065326632764e-02    7.148428625418630587e-04    1.000000000000000036e-10
7.170854271356784382e-02    4.976189125035422557e-04    1.000000000000000036e-10
7.319095477386934612e-02    3.082799978714626595e-04    1.000000000000000036e-10
7.467336683417086229e-02    1.627641981446845002e-04    1.000000000000000036e-10
7.615577889447236459e-02    7.063017090804271593e-05    1.000000000000000036e-10
7.763819095477386689e-02    3.430027881265557371e-05    1.000000000000000036e-10
7.912060301507538307e-02    4.533157183818061148e-05    1.000000000000000036e-10
8.060301507537688537e-02    9.578371223072971682e-05    1.000000000000000036e-10
8.208542713567840154e-02    1.698328638704768578e-04    1.000000000000000036e-10
8.356783919597990384e-02    2.513346481372946239e-04    1.000000000000000036e-10
8.505025125628140614e-02    3.267472085990378444e-04    1.000000000000000036e-10
8.653266331658292232e-02    3.823491765543337965e-04    1.000000000000000036e-10
8.801507537688442462e-02    4.119499082932381439e-04    1.000000000000000036e-10
8.949748743718592692e-02    4.105217629206741269e-04    1.000000000000000036e-10
9.097989949748744309e-02    3.820113277214495047e-04    1.000000000000000036e-10
9.246231155778894539e-02    3.306345066310524376e-04    1.000000000000000036e-10
9.394472361809044769e-02    2.653490959772885727e-04    1.000000000000000036e-10
9.542713567839196387e-02    1.941042554502128595e-04    1.000000000000000036e-10
9.690954773869346617e-02    1.284425251896174501e-04    1.000000000000000036e-10
9.839195979899498234e-02    7.470390211315699515e-05    1.000000000000000036e-10
9.987437185929648464e-02    3.702137524136155306e-05    1.000000000000000036e-10
1.013567839195979869e-01    1.814044427844330136e-05    1.000000000000000036e-10
1.028391959798995031e-01    1.583108660059701891e-05    1.000000000000000036e-10
1.043216080402010054e-01    2.874648790922363538e-05    1.000000000000000036e-10
1.058040201005025216e-01    5.063833324315422749e-05    1.000000000000000036e-10
1.072864321608040239e-01    7.688125075866007730e-05    1.000000000000000036e-10
1.087688442211055262e-01    1.030192486609406990e-04    1.000000000000000036e-10
1.102512562814070424e-01    1.231830798102789533e-04    1.000000000000000036e-10
1.117336683417085447e-01    1.345243820493099280e-04    1.000000000000000036e-10
1.132160804020100470e-01    1.386352306594735261e-04    1.000000000000000036e-10
1.146984924623115631e-01    1.328168841490061348e-04    1.000000000000000036e-10
1.161809045226130654e-01    1.179892919155312963e-04    1.000000000000000036e-10
1.176633165829145677e-01    9.952239193775662331e-05    1.000000000000000036e-10
1.191457286432160839e-01    7.814552872557164380e-05    1.000000000000000036e-10
1.206281407035175862e-01    5.563576772169581837e-05    1.000000000000000036e-10
1.221105527638191024e-01    3.606849649939677948e-05    1.000000000000000036e-10
1.235929648241206047e-01    1.986461405640166185e-05    1.000000000000000036e-10
1.250753768844221070e-01    1.006689316411559914e-05    1.000000000000000036e-10
1.265577889447236093e-01    4.409461616450397466e-06    1.000000000000000036e-10
1.280402010050251116e-01    4.763862128218565079e-06    1.000000000000000036e-10
1.295226130653266416e-01    1.019823344393209910e-05    1.000000000000000036e-10
1.310050251256281439e-01    1.858071207489321255e-05    1.000000000000000036e-10
1.324874371859296462e-01    2.975545511488824574e-05    1.000000000000000036e-10
1.339698492462311485e-01    4.018062941580854714e-05    1.000000000000000036e-10
1.354522613065326508e-01    4.893732665524904259e-05    1.000000000000000036e-10
1.369346733668341809e-01    5.524993033184139615e-05    1.000000000000000036e-10
1.384170854271356832e-01    6.027106520718426288e-05    1.000000000000000036e-10
1.398994974874371855e-01    6.149416953509446364e-05    1.000000000000000036e-10
1.413819095477386878e-01    5.482554708897596004e-05    1.000000000000000036e-10
1.428643216080401901e-01    4.815584044434700607e-05    1.000000000000000036e-10
1.443467336683417201e-01    3.980635329907680710e-05    1.000000000000000036e-10
1.458291457286432224e-01    2.903015951597208476e-05    1.000000000000000036e-10
1.473115577889447247e-01    1.938559792565849055e-05    1.000000000000000036e-10
1.487939698492462270e-01    1.201940573273998545e-05    1.000000000000000036e-10
1.502763819095477293e-01    6.540809905835842745e-06    1.000000000000000036e-10
1.517587939698492594e-01    4.618718739025470102e-06    1.000000000000000036e-10
1.532412060301507617e-01    5.544245525435966241e-06    1.000000000000000036e-10
1.547236180904522640e-01    7.989237589959529483e-06    1.000000000000000036e-10
1.562060301507537663e-01    1.356193326309864522e-05    1.000000000000000036e-10
1.576884422110552686e-01    1.904522759292312311e-05    1.000000000000000036e-10
1.591708542713567986e-01    2.463921709995822192e-05    1.000000000000000036e-10
1.606532663316583009e-01    3.160580750572419313e-05    1.000000000000000036e-10
1.621356783919598032e-01    3.278743403627750993e-05    1.000000000000000036e-10
1.636180904522613055e-01    3.236079030064786268e-05    1.000000000000000036e-10
1.651005025125628078e-01    2.889829257272916630e-05    1.000000000000000036e-10
1.665829145728643101e-01    2.967950761200227201e-05    1.000000000000000036e-10
1.680653266331658402e-01    2.402579060872289627e-05    1.000000000000000036e-10
1.695477386934673425e-01    1.892829815051325280e-05    1.000000000000000036e-10
1.710301507537688448e-01    1.065183135808765590e-05    1.000000000000000036e-10
1.725125628140703471e-01    7.676389256494142808e-06    1.000000000000000036e-10
1.739949748743718494e-01    5.183589603513355640e-06    1.000000000000000036e-10
1.754773869346733794e-01    2.639174541063328785e-06    1.000000000000000036e-10
1.769597989949748817e-01    1.800659359542188366e-06    1.000000000000000036e-10
1.784422110552763840e-01    2.688752264288078068e-06    1.000000000000000036e-10
1.799246231155778863e-01    3.874125707823358450e-06    1.000000000000000036e-10
1.814070351758793886e-01    6.802941317753379447e-06    1.000000000000000036e-10
1.828894472361808909e-01    1.099678124319698698e-05    1.000000000000000036e-10
1.843718592964824210e-01    1.330171407893917963e-05    1.000000000000000036e-10
1.858542713567839233e-01    1.653877800536168952e-05    1.000000000000000036e-10
1.873366834170854256e-01    1.172854300850705570e-05    1.000000000000000036e-10
1.888190954773869279e-01    1.516684574085108230e-05    1.000000000000000036e-10
1.903015075376884302e-01    1.383155370301048133e-05    1.000000000000000036e-10
1.917839195979899602e-01    9.894111874187707943e-06    1.000000000000000036e-10
1.932663316582914625e-01    9.714538396973538019e-06    1.000000000000000036e-10
1.947487437185929648e-01    1.001589143577755555e-05    1.000000000000000036e-10
1.962311557788944671e-01    6.493193148710978348e-06    1.000000000000000036e-10
1.977135678391959694e-01    5.235775233210410782e-06    1.000000000000000036e-10
1.991959798994974995e-01    3.565215088954282850e-06    1.000000000000000036e-10
2.006783919597990018e-01    2.019124929960737357e-06    1.000000000000000036e-10
2.021608040201005041e-01    2.173003074598766872e-06    1.000000000000000036e-10
2.036432160804020064e-01    1.452127583820788307e-06    1.000000000000000036e-10
2.051256281407035087e-01    2.857727149611370476e-06    1.000000000000000036e-10
2.066080402010050387e-01    5.700651771133942982e-06    1.000000000000000036e-10
2.080904522613065410e-01    6.776952219891708934e-06    1.000000000000000036e-10
2.095728643216080433e-01    7.738251401432536829e-06    1.000000000000000036e-10
2.110552763819095456e-01    1.171058853477194207e-05    1.000000000000000036e-10
2.125376884422110479e-01    1.258425106133482130e-05    1.000000000000000036e-10
2.140201005025125502e-01    1.308967087292987236e-05    1.000000000000000036e-10
2.155025125628140803e-01    8.542556248513652492e-06    1.000000000000000036e-10
2.169849246231155826e-01    1.142381072843552037e-05    1.000000000000000036e-10
2.184673366834170849e-01    8.745042509851939873e-06    1.000000000000000036e-10
2.199497487437185872e-01    9.762157614633152979e-06    1.000000000000000036e-10
2.214321608040200895e-01    3.645450691677656045e-06    1.000000000000000036e-10
2.229145728643216195e-01    3.995397454317690909e-06    1.000000000000000036e-10
2.243969849246231218e-01    8.139525305857782593e-07    1.000000000000000036e-10
2.258793969849246241e-01    1.018693830183170605e-06    1.000000000000000036e-10
2.273618090452261264e-01    1.509822652289220605e-06    1.000000000000000036e-10
2.288442211055276287e-01    1.076965590069744619e-06    1.000000000000000036e-10
2.303266331658291310e-01    2.594715978774936102e-06    1.000000000000000036e-10
2.318090452261306611e-01    2.943720630676045749e-06    1.000000000000000036e-10
2.332914572864321634e-01    2.726479454232040306e-06    1.000000000000000036e-10
2.347738693467336657e-01    2.881206127949603908e-07    1.000000000000000036e-10
2.362562814070351680e-01    9.387637961016089894e-06    1.000000000000000036e-10
2.377386934673366703e-01    5.182940852635860356e-06    1.000000000000000036e-10
2.392211055276382003e-01    9.926681059777241856e-06    1.000000000000000036e-10
2.407035175879397026e-01    8.701729850813269914e-06    1.000000000000000036e-10
2.421859296482412049e-01    1.695198414654964683e-06    1.000000000000000036e-10
2.436683417085427072e-01    3.799416213778771665e-06    1.000000000000000036e-10
2.451507537688442095e-01    6.194129300836188067e-06    1.000000000000000036e-10
2.466331658291457396e-01    2.726857224049424732e-06    1.000000000000000036e-10
2.481155778894472419e-01    2.882386792663372567e-06    1.000000000000000036e-10
2.495979899497487442e-01    2.361905609486230063e-06    1.000000000000000036e-10
2.510804020100502187e-01    8.877752961113929410e-07    1.000000000000000036e-10
2.525628140703517488e-01    3.144701252905700597e-07    1.000000000000000036e-10
2.540452261306532789e-01    7.321177620996037707e-07    1.000000000000000036e-10
2.555276381909547534e-01    4.762254505453115352e-07    1.000000000000000036e-10
2.570100502512562834e-01    1.722719574710091331e-06    1.000000000000000036e-10
2.584924623115578135e-01    3.076038596230875873e-06    1.000000000000000036e-10
2.599748743718592880e-01    2.518498427774512545e-06    1.000000000000000036e-10
2.614572864321608181e-01    2.912702585906887296e-06    1.000000000000000036e-10
2.629396984924622926e-01    9.172014133899879270e-06    1.000000000000000036e-10
2.644221105527638227e-01    -8.539718417315346927e-06    1.000000000000000036e-10
2.659045226130652972e-01    1.033898733330910956e-05    1.000000000000000036e-10
2.673869346733668273e-01    2.353717918557081288e-06    1.000000000000000036e-10
2.688693467336683574e-01    3.918333211369826989e-06    1.000000000000000036e-10
2.703517587939698319e-01    5.059504726830248142e-06    1.000000000000000036e-10
2.718341708542713620e-01    -3.589989777263952420e-06    1.000000000000000036e-10
2.733165829145728365e-01    2.852559219363445314e-06    1.000000000000000036e-10
2.747989949748743665e-01    1.352614657665853333e-07    1.000000000000000036e-10
2.762814070351758966e-01    -4.935707728800838418e-06    1.000000000000000036e-10
2.777638190954773711e-01    4.976133611646121543e-06    1.000000000000000036e-10
2.792462311557789012e-01    2.423794932165142650e-07    1.000000000000000036e-10
2.807286432160803757e-01    1.432319971185774606e-06    1.000000000000000036e-10
2.822110552763819058e-01    1.614159037612165722e-05    1.000000000000000036e-10
2.836934673366834359e-01    1.660814580530687866e-05    1.000000000000000036e-10
2.851758793969849104e-01    3.691804023451639495e-06    1.000000000000000036e-10
2.866582914572864405e-01    1.519973002340189902e-05    1.000000000000000036e-10
2.881407035175879150e-01    1.353606062415839196e-06    1.000000000000000036e-10
2.896231155778894450e-01    7.499747660267122899e-06    1.000000000000000036e-10
2.911055276381909751e-01    2.131976676863546968e-05    1.000000000000000036e-10
2.925879396984924496e-01    -1.711251765741648785e-06    1.000000000000000036e-10
2.940703517587939797e-01    1.575861810352255867e-05    1.000000000000000036e-10
2.955527638190954542e-01    -7.059344536538329346e-06    1.000000000000000036e-10
2.970351758793969843e-01    -1.063272165823533907e-05    1.000000000000000036e-10
2.985175879396985144e-01    7.447679206946402222e-07    1.000000000000000036e-10
2.999999999999999889e-01    5.089815994118053687e-06    1.000000000000000036e-10
