5.000000000000000104e-03    9.999564168597360192e-01    1.000000000000000036e-10
5.295295295295295371e-03    9.999564168597356861e-01    1.000000000000000036e-10
5.590590590590590638e-03    9.999564168597355751e-01    1.000000000000000036e-10
5.885885885885885904e-03    9.999564168597361302e-01    1.000000000000000036e-10
6.181181181181181171e-03    9.999564168597357972e-01    1.000000000000000036e-10
6.476476476476476438e-03    9.999564168597359082e-01    1.000000000000000036e-10
6.771771771771771704e-03    9.999564168597362412e-01    1.000000000000000036e-10
7.067067067067066971e-03    9.999564168597354641e-01    1.000000000000000036e-10
7.362362362362362238e-03    9.999564168597360192e-01    1.000000000000000036e-10
7.657657657657657505e-03    9.999564168597359082e-01    1.000000000000000036e-10
7.952952952952951904e-03    9.999564168597359082e-01    1.000000000000000036e-10
8.248248248248248038e-03    9.999564168597360192e-01    1.000000000000000036e-10
8.543543543543544172e-03    9.999564168597364633e-01    1.000000000000000036e-10
8.838838838838838571e-03    9.999564168597356861e-01    1.000000000000000036e-10
9.134134134134132971e-03    9.999564168597361302e-01    1.000000000000000036e-10
9.429429429429429105e-03    9.999564168597356861e-01    1.000000000000000036e-10
9.724724724724725239e-03    9.999564167887460275e-01    1.000000000000000036e-10
1.002002002002001964e-02    9.677173286061548918e-01    1.000000000000000036e-10
1.031531531531531404e-02    4.148858714685461080e-01    1.000000000000000036e-10
1.061061061061061017e-02    4.280867498264416815e-01    1.000000000000000036e-10
1.090590590590590631e-02    4.653581555514415546e-01    1.000000000000000036e-10
1.120120120120120071e-02    4.895305540864597349e-01    1.000000000000000036e-10
1.149649649649649510e-02    5.048198650012268862e-01    1.000000000000000036e-10
1.179179179179179124e-02    5.141000435967294502e-01    1.000000000000000036e-10
1.208708708708708737e-02    5.190967350475700348e-01    1.000000000000000036e-10
1.238238238238238177e-02    5.208856675153492599e-01    1.000000000000000036e-10
1.267767767767767617e-02    5.201705292449876339e-01    1.000000000000000036e-10
1.297297297297297231e-02    5.174323950077490686e-01    1.000000000000000036e-10
1.326826826826826844e-02    5.130133362822510978e-01    1.000000000000000036e-10
1.356356356356356457e-02    5.071655065744218316e-01    1.000000000000000036e-10
1.385885885885885724e-02    5.000812871389254122e-01    1.000000000000000036e-10
1.415415415415415337e-02    4.919125599107941338e-01    1.000000000000000036e-10
1.444944944944944951e-02    4.827834706571962897e-01    1.000000000000000036e-10
1.474474474474474564e-02    4.727991412853508324e-01    1.000000000000000036e-10
1.504004004004003830e-02    4.620517684855926510e-01    1.000000000000000036e-10
1.533533533533533444e-02    4.506249752687601084e-01    1.000000000000000036e-10
1.563063063063063057e-02    4.385969517462803280e-01    1.000000000000000036e-10
1.592592592592592671e-02    4.260427244494691124e-01    1.000000000000000036e-10
1.622122122122121937e-02    4.130357729174425341e-01    1.000000000000000036e-10
1.651651651651651551e-02    3.996491372595472047e-01    1.000000000000000036e-10
1.681181181181181164e-02    3.859561133963330115e-01    1.000000000000000036e-10
1.710710710710710777e-02    3.720306035510629883e-01    1.000000000000000036e-10
1.740240240240240044e-02    3.579471721462153533e-01    1.000000000000000036e-10
1.769769769769769657e-02    3.437808477017150199e-01    1.000000000000000036e-10
1.799299299299299271e-02    3.296067070704585267e-01    1.000000000000000036e-10
1.828828828828828884e-02    3.154992775607772248e-01    1.000000000000000036e-10
1.858358358358358151e-02    3.015317937935410031e-01    1.000000000000000036e-10
1.887887887887887764e-02    2.877753483936881240e-01    1.000000000000000036e-10
1.917417417417417377e-02    2.742979778938443025e-01    1.000000000000000036e-10
1.946946946946946991e-02    2.611637267459777645e-01    1.000000000000000036e-10
1.976476476476476257e-02    2.484317325238332985e-01    1.000000000000000036e-10
2.006006006006005871e-02    2.361553737941669284e-01    1.000000000000000036e-10
2.035535535535535484e-02    2.243815186813685192e-01    1.000000000000000036e-10
2.065065065065065097e-02    2.131499067026899341e-01    1.000000000000000036e-10
2.094594594594594364e-02    2.024926894438424940e-01    1.000000000000000036e-10
2.124124124124123977e-02    1.924341473775448008e-01    1.000000000000000036e-10
2.153653653653653591e-02    1.829905911996348167e-01    1.000000000000000036e-10
2.183183183183183204e-02    1.741704471305704771e-01    1.000000000000000036e-10
2.212712712712712818e-02    1.659745171237717587e-01    1.000000000000000036e-10
2.242242242242242084e-02    1.583963976635652526e-01    1.000000000000000036e-10
2.271771771771771697e-02    1.514230349337475912e-01    1.000000000000000036e-10
2.301301301301301311e-02    1.450353900161953369e-01    1.000000000000000036e-10
2.330830830830830577e-02    1.392091854973858123e-01    1.000000000000000036e-10
2.360360360360360191e-02    1.339157043471717878e-01    1.000000000000000036e-10
2.389889889889889804e-02    1.291226129286376090e-01    1.000000000000000036e-10
2.419419419419419418e-02    1.247947823902118836e-01    1.000000000000000036e-10
2.448948948948949031e-02    1.208950859143611140e-01    1.000000000000000036e-10
2.478478478478478297e-02    1.173851532287947252e-01    1.000000000000000036e-10
2.508008008008007911e-02    1.142260679017944452e-01    1.000000000000000036e-10
2.537537537537537524e-02    1.113789971035199639e-01    1.000000000000000036e-10
2.567067067067066791e-02    1.088057473935137437e-01    1.000000000000000036e-10
2.596596596596596404e-02    1.064692435747682936e-01    1.000000000000000036e-10
2.626126126126126017e-02    1.043339306027862290e-01    1.000000000000000036e-10
2.655655655655655631e-02    1.023661009216785545e-01    1.000000000000000036e-10
2.685185185185185244e-02    1.005341514436890599e-01    1.000000000000000036e-10
2.714714714714714511e-02    9.880877561765011308e-02    1.000000000000000036e-10
2.744244244244244124e-02    9.716309687863472488e-02    1.000000000000000036e-10
2.773773773773773738e-02    9.557275014192120888e-02    1.000000000000000036e-10
2.803303303303303004e-02    9.401591805113036771e-02    1.000000000000000036e-10
2.832832832832832617e-02    9.247332850353323641e-02    1.000000000000000036e-10
2.862362362362362231e-02    9.092821958574291707e-02    1.000000000000000036e-10
2.891891891891891844e-02    8.936627753770169658e-02    1.000000000000000036e-10
2.921421421421421458e-02    8.777555277713865178e-02    1.000000000000000036e-10
2.950950950950950724e-02    8.614635841434831187e-02    1.000000000000000036e-10
2.980480480480480338e-02    8.447115509866065519e-02    1.000000000000000036e-10
3.010010010010009951e-02    8.274442538536137814e-02    1.000000000000000036e-10
3.039539539539539217e-02    8.096254042848813337e-02    1.000000000000000036e-10
3.069069069069068831e-02    7.912362115941977414e-02    1.000000000000000036e-10
3.098598598598598444e-02    7.722739586940087497e-02    1.000000000000000036e-10
3.128128128128127711e-02    7.527505566614871302e-02    1.000000000000000036e-10
3.157657657657657324e-02    7.326910903767566707e-02    1.000000000000000036e-10
3.187187187187186937e-02    7.121323655018252374e-02    1.000000000000000036e-10
3.216716716716716551e-02    6.911214652691884119e-02    1.000000000000000036e-10
3.246246246246246164e-02    6.697143244781939009e-02    1.000000000000000036e-10
3.275775775775775084e-02    6.479743273517142577e-02    1.000000000000000036e-10
3.305305305305304697e-02    6.259709354840437001e-02    1.000000000000000036e-10
3.334834834834834311e-02    6.037783519449733266e-02    1.000000000000000036e-10
3.364364364364363924e-02    5.814742275320335108e-02    1.000000000000000036e-10
3.393893893893893537e-02    5.591384153442616189e-02    1.000000000000000036e-10
3.423423423423423151e-02    5.368517799408193542e-02    1.000000000000000036e-10
3.452952952952952764e-02    5.146950673832235285e-02    1.000000000000000036e-10
3.482482482482482378e-02    4.927478425662208672e-02    1.000000000000000036e-10
3.512012012012011297e-02    4.710875001436080900e-02    1.000000000000000036e-10
3.541541541541540911e-02    4.497883549821116850e-02    1.000000000000000036e-10
3.571071071071070524e-02    4.289208179400261223e-02    1.000000000000000036e-10
3.600600600600600137e-02    4.085506618978576587e-02    1.000000000000000036e-10
3.630130130130129751e-02    3.887383823682737105e-02    1.000000000000000036e-10
3.659659659659659364e-02    3.695386561321581387e-02    1.000000000000000036e-10
3.689189189189188284e-02    3.509999002015452146e-02    1.000000000000000036e-10
3.718718718718717897e-02    3.331639322586861518e-02    1.000000000000000036e-10
3.748248248248247511e-02    3.160657324907178295e-02    1.000000000000000036e-10
3.777777777777777124e-02    2.997333054212851511e-02    1.000000000000000036e-10
3.807307307307306737e-02    2.841876390312911629e-02    1.000000000000000036e-10
3.836836836836836351e-02    2.694427571824873149e-02    1.000000000000000036e-10
3.866366366366365964e-02    2.555058601191214501e-02    1.000000000000000036e-10
3.895895895895895578e-02    2.423775467841445680e-02    1.000000000000000036e-10
3.925425425425425191e-02    2.300521117122563894e-02    1.000000000000000036e-10
3.954954954954954111e-02    2.185179083541778644e-02    1.000000000000000036e-10
3.984484484484483724e-02    2.077577700146020570e-02    1.000000000000000036e-10
4.014014014014013337e-02    1.977494795889018012e-02    1.000000000000000036e-10
4.043543543543542951e-02    1.884662782596056504e-02    1.000000000000000036e-10
4.073073073073072564e-02    1.798774039162808272e-02    1.000000000000000036e-10
4.102602602602602178e-02    1.719486498922704124e-02    1.000000000000000036e-10
4.132132132132131791e-02    1.646429348288033084e-02    1.000000000000000036e-10
4.161661661661660710e-02    1.579208750727160646e-02    1.000000000000000036e-10
4.191191191191190324e-02    1.517413515106325224e-02    1.000000000000000036e-10
4.220720720720719937e-02    1.460620632656114970e-02    1.000000000000000036e-10
4.250250250250249551e-02    1.408400616912908014e-02    1.000000000000000036e-10
4.279779779779779164e-02    1.360322586311593987e-02    1.000000000000000036e-10
4.309309309309308778e-02    1.315959038987389584e-02    1.000000000000000036e-10
4.338838838838838391e-02    1.274890277432364633e-02    1.000000000000000036e-10
4.368368368368368004e-02    1.236708448719205447e-02    1.000000000000000036e-10
4.397897897897897618e-02    1.201021174494043380e-02    1.000000000000000036e-10
4.427427427427426537e-02    1.167454752670976821e-02    1.000000000000000036e-10
4.456956956956956151e-02    1.135656920027053145e-02    1.000000000000000036e-10
4.486486486486485764e-02    1.105299171694205766e-02    1.000000000000000036e-10
4.516016016016015377e-02    1.076078639719078162e-02    1.000000000000000036e-10
4.545545545545544991e-02    1.047719538392601936e-02    1.000000000000000036e-10
4.575075075075074604e-02    1.019974188930190991e-02    1.000000000000000036e-10
4.604604604604604218e-02    9.926236403201810221e-03    1.000000000000000036e-10
4.634134134134133137e-02    9.654779068704336109e-03    1.000000000000000036e-10
4.663663663663662751e-02    9.383758460414488509e-03    1.000000000000000036e-10
4.693193193193192364e-02    9.111847020081241533e-03    1.000000000000000036e-10
4.722722722722721977e-02    8.837993431084963450e-03    1.000000000000000036e-10
4.752252252252251591e-02    8.561412227905653566e-03    1.000000000000000036e-10
4.781781781781781204e-02    8.281570950196102607e-03    1.000000000000000036e-10
4.811311311311310818e-02    7.998175130154440773e-03    1.000000000000000036e-10
4.840840840840840431e-02    7.711151448075938622e-03    1.000000000000000036e-10
4.870370370370370044e-02    7.420629374498284581e-03    1.000000000000000036e-10
4.899899899899898964e-02    7.126921573307941522e-03    1.000000000000000036e-10
4.929429429429428577e-02    6.830503420058925065e-03    1.000000000000000036e-10
4.958958958958958191e-02    6.531991886857180588e-03    1.000000000000000036e-10
4.988488488488487804e-02    6.232124111863057356e-03    1.000000000000000036e-10
5.018018018018017418e-02    5.931735904965411248e-03    1.000000000000000036e-10
5.047547547547547031e-02    5.631740465262319653e-03    1.000000000000000036e-10
5.077077077077076644e-02    5.333107537046834212e-03    1.000000000000000036e-10
5.106606606606605564e-02    5.036843245549297091e-03    1.000000000000000036e-10
5.136136136136135177e-02    4.743970803587772844e-03    1.000000000000000036e-10
5.165665665665664791e-02    4.455512285091590974e-03    1.000000000000000036e-10
5.195195195195194404e-02    4.172471622238361176e-03    1.000000000000000036e-10
5.224724724724724018e-02    3.895818972292272413e-03    1.000000000000000036e-10
5.254254254254253631e-02    3.626476569488036594e-03    1.000000000000000036e-10
5.283783783783783244e-02    3.365306154317199410e-03    1.000000000000000036e-10
5.313313313313312858e-02    3.113098055326819422e-03    1.000000000000000036e-10
5.342842842842842471e-02    2.870561967831286674e-03    1.000000000000000036e-10
5.372372372372371391e-02    2.638319451369014728e-03    1.000000000000000036e-10
5.401901901901901004e-02    2.416898147094061547e-03    1.000000000000000036e-10
5.431431431431430618e-02    2.206727693356226074e-03    1.000000000000000036e-10
5.460960960960960231e-02    2.008137296961778201e-03    1.000000000000000036e-10
5.490490490490489844e-02    1.821354898239804006e-03    1.000000000000000036e-10
5.520020020020019458e-02    1.646507849121946546e-03    1.000000000000000036e-10
5.549549549549549071e-02    1.483625008537778258e-03    1.000000000000000036e-10
5.579079079079077991e-02    1.332640145144379324e-03    1.000000000000000036e-10
5.608608608608607604e-02    1.193396525399883753e-03    1.000000000000000036e-10
5.638138138138137218e-02    1.065652555285218246e-03    1.000000000000000036e-10
5.667667667667666831e-02    9.490883365404214570e-04    1.000000000000000036e-10
5.697197197197196444e-02    8.433129931254571216e-04    1.000000000000000036e-10
5.726726726726726058e-02    7.478726206754827011e-04    1.000000000000000036e-10
5.756256256256255671e-02    6.622587109421050871e-04    1.000000000000000036e-10
5.785785785785785285e-02    5.859169052543958776e-04    1.000000000000000036e-10
5.815315315315314898e-02    5.182559336631578726e-04    1.000000000000000036e-10
5.844844844844843817e-02    4.586566017567933690e-04    1.000000000000000036e-10
5.874374374374373431e-02    4.064806941024121274e-04    1.000000000000000036e-10
5.903903903903903044e-02    3.610796715722964069e-04    1.000000000000000036e-10
5.933433433433432658e-02    3.218030501865351122e-04    1.000000000000000036e-10
5.962962962962962271e-02    2.880063590178073385e-04    1.000000000000000036e-10
5.992492492492491885e-02    2.590585846765939225e-04    1.000000000000000036e-10
6.022022022022021498e-02    2.343490247828017758e-04    1.000000000000000036e-10
6.051551551551550417e-02    2.132934869097320490e-04    1.000000000000000036e-10
6.081081081081080031e-02    1.953397727381934687e-04    1.000000000000000036e-10
6.110610610610609644e-02    1.799724108355047804e-04    1.000000000000000036e-10
6.140140140140139258e-02    1.667166165107492114e-04    1.000000000000000036e-10
6.169669669669668871e-02    1.551414465862465503e-04    1.000000000000000036e-10
6.199199199199198485e-02    1.448621605972418274e-04    1.000000000000000036e-10
6.228728728728728098e-02    1.355417948989202145e-04    1.000000000000000036e-10
6.258258258258257711e-02    1.268919495290348691e-04    1.000000000000000036e-10
6.287787787787788019e-02    1.186728496797500394e-04    1.000000000000000036e-10
6.317317317317316938e-02    1.106926781575493391e-04    1.000000000000000036e-10
6.346846846846845858e-02    1.028062635783531450e-04    1.000000000000000036e-10
6.376376376376376165e-02    9.491314217506194306e-05    1.000000000000000036e-10
6.405905905905905084e-02    8.695507981607990310e-05    1.000000000000000036e-10
6.435435435435435392e-02    7.891309261527263710e-05    1.000000000000000036e-10
6.464964964964964311e-02    7.080405717813913083e-05    1.000000000000000036e-10
6.494494494494494619e-02    6.267695470956237706e-05    1.000000000000000036e-10
6.524024024024023538e-02    5.460884866865290700e-05    1.000000000000000036e-10
6.553553553553552458e-02    4.670063951013270562e-05    1.000000000000000036e-10
6.583083083083082765e-02    3.907269454751950829e-05    1.000000000000000036e-10
6.612612612612611684e-02    3.186040522425707982e-05    1.000000000000000036e-10
6.642142142142141992e-02    2.520974969221865611e-05    1.000000000000000036e-10
6.671671671671670911e-02    1.927292589469855894e-05    1.000000000000000036e-10
6.701201201201201219e-02    1.420411348607138379e-05    1.000000000000000036e-10
6.730730730730730138e-02    1.015542675553294547e-05    1.000000000000000036e-10
6.760260260260260445e-02    7.273107334293050113e-06    1.000000000000000036e-10
6.789789789789789365e-02    5.694007067850309634e-06    1.000000000000000036e-10
6.819319319319319672e-02    5.542400796835484924e-06    1.000000000000000036e-10
6.848848848848848592e-02    6.927161556185283611e-06    1.000000000000000036e-10
6.878378378378377511e-02    9.939329402802087260e-06    1.000000000000000036e-10
6.907907907907907819e-02    1.465009531024343374e-05    1.000000000000000036e-10
6.937437437437436738e-02    2.110921212002674440e-05    1.000000000000000036e-10
6.966966966966967045e-02    2.934384075112764985e-05    1.000000000000000036e-10
6.996496496496495965e-02    3.935783371841858509e-05    1.000000000000000036e-10
7.026026026026026272e-02    5.113145186195729093e-05    1.000000000000000036e-10
7.055555555555555192e-02    6.462150028056793869e-05    1.000000000000000036e-10
7.085085085085085499e-02    7.976186714945358576e-05    1.000000000000000036e-10
7.114614614614614418e-02    9.646444309641822982e-05    1.000000000000000036e-10
7.144144144144143338e-02    1.146203938270300122e-04    1.000000000000000036e-10
7.173673673673673645e-02    1.341017545773003788e-04    1.000000000000000036e-10
7.203203203203202565e-02    1.547633115206932563e-04    1.000000000000000036e-10
7.232732732732732872e-02    1.764447314259523503e-04    1.000000000000000036e-10
7.262262262262261792e-02    1.989728993094044027e-04    1.000000000000000036e-10
7.291791791791792099e-02    2.221644219749002898e-04    1.000000000000000036e-10
7.321321321321321018e-02    2.458282542377772796e-04    1.000000000000000036e-10
7.350850850850851326e-02    2.697684042458971558e-04    1.000000000000000036e-10
7.380380380380380245e-02    2.937866745597885430e-04    1.000000000000000036e-10
7.409909909909909165e-02    3.176853965083839115e-04    1.000000000000000036e-10
7.439439439439439472e-02    3.412701167623036192e-04    1.000000000000000036e-10
7.468968968968968392e-02    3.643521970222112871e-04    1.000000000000000036e-10
7.498498498498498699e-02    3.867512901588927464e-04    1.000000000000000036e-10
7.528028028028027618e-02    4.082976590132320169e-04    1.000000000000000036e-10
7.557557557557557926e-02    4.288343073135203421e-04    1.000000000000000036e-10
7.587087087087086845e-02    4.482188957366847596e-04    1.000000000000000036e-10
7.616616616616615765e-02    4.663254199701132290e-04    1.000000000000000036e-10
7.646146146146146072e-02    4.830456316609455891e-04    1.000000000000000036e-10
7.675675675675674992e-02    4.982901873098019747e-04    1.000000000000000036e-10
7.705205205205205299e-02    5.119895144239112583e-04    1.000000000000000036e-10
7.734734734734734218e-02    5.240943887444083141e-04    1.000000000000000036e-10
7.764264264264264526e-02    5.345762200626195341e-04    1.000000000000000036e-10
7.793793793793793445e-02    5.434270482507775864e-04    1.000000000000000036e-10
7.823323323323322365e-02    5.506592558980072123e-04    1.000000000000000036e-10
7.852852852852852672e-02    5.563050071692203979e-04    1.000000000000000036e-10
7.882382382382381592e-02    5.604154261969274478e-04    1.000000000000000036e-10
7.911911911911911899e-02    5.630595317816306433e-04    1.000000000000000036e-10
7.941441441441440818e-02    5.643229485589921178e-04    1.000000000000000036e-10
7.970970970970971126e-02    5.643064143573197104e-04    1.000000000000000036e-10
8.000500500500500045e-02    5.631241099954203489e-04    1.000000000000000036e-10
8.030030030030030352e-02    5.609018383405608597e-04    1.000000000000000036e-10
8.059559559559559272e-02    5.577750803687662670e-04    1.000000000000000036e-10
8.089089089089088191e-02    5.538869564809793420e-04    1.000000000000000036e-10
8.118618618618618499e-02    5.493861210167777769e-04    1.000000000000000036e-10
8.148148148148147418e-02    5.444246230054366857e-04    1.000000000000000036e-10
8.177677677677677726e-02    5.391557616970768692e-04    1.000000000000000036e-10
8.207207207207206645e-02    5.337319641262240231e-04    1.000000000000000036e-10
8.236736736736736952e-02    5.283027150282642703e-04    1.000000000000000036e-10
8.266266266266265872e-02    5.230125665077721159e-04    1.000000000000000036e-10
8.295795795795796179e-02    5.179992483404805568e-04    1.000000000000000036e-10
8.325325325325325099e-02    5.133919073422233597e-04    1.000000000000000036e-10
8.354854854854854018e-02    5.093094975158166289e-04    1.000000000000000036e-10
8.384384384384384326e-02    5.058593305512353597e-04    1.000000000000000036e-10
8.413913913913913245e-02    5.031358134776990881e-04    1.000000000000000036e-10
8.443443443443443552e-02    5.012193864843871504e-04    1.000000000000000036e-10
8.472972972972972472e-02    5.001756554758679746e-04    1.000000000000000036e-10
8.502502502502502779e-02    5.000547503246484350e-04    1.000000000000000036e-10
8.532032032032031699e-02    5.008908986682150764e-04    1.000000000000000036e-10
8.561561561561560618e-02    5.027022089867968883e-04    1.000000000000000036e-10
8.591091091091090926e-02    5.054906908418408057e-04    1.000000000000000036e-10
8.620620620620619845e-02    5.092424687875001660e-04    1.000000000000000036e-10
8.650150150150150152e-02    5.139282152625764032e-04    1.000000000000000036e-10
8.679679679679679072e-02    5.195037780137298734e-04    1.000000000000000036e-10
8.709209209209209379e-02    5.259109826458573545e-04    1.000000000000000036e-10
8.738738738738738299e-02    5.330786220533235455e-04    1.000000000000000036e-10
8.768268268268267218e-02    5.409235781585869894e-04    1.000000000000000036e-10
8.797797797797797525e-02    5.493521007295369294e-04    1.000000000000000036e-10
8.827327327327326445e-02    5.582611828030527518e-04    1.000000000000000036e-10
8.856856856856856752e-02    5.675400478752473362e-04    1.000000000000000036e-10
8.886386386386385672e-02    5.770716988384310981e-04    1.000000000000000036e-10
8.915915915915915979e-02    5.867345289561801775e-04    1.000000000000000036e-10
8.945445445445444899e-02    5.964039566680111011e-04    1.000000000000000036e-10
8.974974974974975206e-02    6.059540736343918977e-04    1.000000000000000036e-10
9.004504504504504125e-02    6.152592778189152787e-04    1.000000000000000036e-10
9.034034034034033045e-02    6.241958727199477643e-04    1.000000000000000036e-10
9.063563563563563352e-02    6.326436164534436375e-04    1.000000000000000036e-10
9.093093093093092272e-02    6.404871917725697434e-04    1.000000000000000036e-10
9.122622622622622579e-02    6.476175968528300343e-04    1.000000000000000036e-10
9.152152152152151499e-02    6.539334175597405702e-04    1.000000000000000036e-10
9.181681681681681806e-02    6.593419936887822200e-04    1.000000000000000036e-10
9.211211211211210725e-02    6.637604426732556916e-04    1.000000000000000036e-10
9.240740740740741033e-02    6.671165452260603050e-04    1.000000000000000036e-10
9.270270270270269952e-02    6.693494863708513267e-04    1.000000000000000036e-10
9.299799799799798872e-02    6.704104245701229554e-04    1.000000000000000036e-10
9.329329329329329179e-02    6.702629220980205801e-04    1.000000000000000036e-10
9.358858858858858099e-02    6.688831934840577679e-04    1.000000000000000036e-10
9.388388388388388406e-02    6.662602013214976747e-04    1.000000000000000036e-10
9.417917917917917325e-02    6.623955987485226349e-04    1.000000000000000036e-10
9.447447447447447633e-02    6.573034994991948593e-04    1.000000000000000036e-10
9.476976976976976552e-02    6.510101165346646656e-04    1.000000000000000036e-10
9.506506506506505472e-02    6.435532530937549886e-04    1.000000000000000036e-10
9.536036036036035779e-02    6.349816554650010263e-04    1.000000000000000036e-10
9.565565565565564699e-02    6.253542585617346888e-04    1.000000000000000036e-10
9.595095095095095006e-02    6.147393155696353074e-04    1.000000000000000036e-10
9.624624624624623925e-02    6.032134303049471779e-04    1.000000000000000036e-10
9.654154154154154233e-02    5.908605170838761690e-04    1.000000000000000036e-10
9.683683683683683152e-02    5.777706909752351652e-04    1.000000000000000036e-10
9.713213213213212072e-02    5.640391054589755484e-04    1.000000000000000036e-10
9.742742742742742379e-02    5.497647600656730554e-04    1.000000000000000036e-10
9.772272272272271298e-02    5.350492884152549013e-04    1.000000000000000036e-10
9.801801801801801606e-02    5.199957411509100510e-04    1.000000000000000036e-10
9.831331331331330525e-02    5.047073833642498142e-04    1.000000000000000036e-10
9.860860860860860833e-02    4.892865183960244755e-04    1.000000000000000036e-10
9.890390390390389752e-02    4.738333518176673941e-04    1.000000000000000036e-10
9.919919919919920059e-02    4.584449112979215274e-04    1.000000000000000036e-10
9.949449449449448979e-02    4.432140327869636708e-04    1.000000000000000036e-10
9.978978978978977898e-02    4.282284227186992443e-04    1.000000000000000036e-10
1.000850850850850821e-01    4.135698074191036604e-04    1.000000000000000036e-10
1.003803803803803713e-01    3.993131807140999244e-04    1.000000000000000036e-10
1.006756756756756743e-01    3.855261529824948580e-04    1.000000000000000036e-10
1.009709709709709635e-01    3.722684078489470866e-04    1.000000000000000036e-10
1.012662662662662666e-01    3.595912694947544000e-04    1.000000000000000036e-10
1.015615615615615558e-01    3.475373871351326296e-04    1.000000000000000036e-10
1.018568568568568589e-01    3.361405350163655919e-04    1.000000000000000036e-10
1.021521521521521481e-01    3.254255262579275982e-04    1.000000000000000036e-10
1.024474474474474373e-01    3.154082394080664369e-04    1.000000000000000036e-10
1.027427427427427403e-01    3.060957536783961031e-04    1.000000000000000036e-10
1.030380380380380295e-01    2.974865894449544527e-04    1.000000000000000036e-10
1.033333333333333326e-01    2.895710484602430032e-04    1.000000000000000036e-10
1.036286286286286218e-01    2.823316445105635486e-04    1.000000000000000036e-10
1.039239239239239249e-01    2.757436173861496967e-04    1.000000000000000036e-10
1.042192192192192141e-01    2.697755213216078830e-04    1.000000000000000036e-10
1.045145145145145033e-01    2.643898782456114544e-04    1.000000000000000036e-10
1.048098098098098063e-01    2.595438854949407102e-04    1.000000000000000036e-10
1.051051051051050955e-01    2.551901679261935952e-04    1.000000000000000036e-10
1.054004004004003986e-01    2.512775629979069206e-04    1.000000000000000036e-10
1.056956956956956878e-01    2.477519275979443041e-04    1.000000000000000036e-10
1.059909909909909909e-01    2.445569558684584899e-04    1.000000000000000036e-10
1.062862862862862801e-01    2.416349972013803196e-04    1.000000000000000036e-10
1.065815815815815693e-01    2.389278638799936338e-04    1.000000000000000036e-10
1.068768768768768723e-01    2.363776182801288804e-04    1.000000000000000036e-10
1.071721721721721615e-01    2.339273301029577571e-04    1.000000000000000036e-10
1.074674674674674646e-01    2.315217947797800152e-04    1.000000000000000036e-10
1.077627627627627538e-01    2.291082049714366362e-04    1.000000000000000036e-10
1.080580580580580569e-01    2.266367678992268478e-04    1.000000000000000036e-10
1.083533533533533461e-01    2.240612621404893911e-04    1.000000000000000036e-10
1.086486486486486491e-01    2.213395286196500093e-04    1.000000000000000036e-10
1.089439439439439383e-01    2.184338914627609513e-04    1.000000000000000036e-10
1.092392392392392275e-01    2.153115054411782359e-04    1.000000000000000036e-10
1.095345345345345306e-01    2.119446277949620279e-04    1.000000000000000036e-10
1.098298298298298198e-01    2.083108132876850709e-04    1.000000000000000036e-10
1.101251251251251229e-01    2.043930323903590373e-04    1.000000000000000036e-10
1.104204204204204121e-01    2.001797135097108777e-04    1.000000000000000036e-10
1.107157157157157151e-01    1.956647111523826576e-04    1.000000000000000036e-10
1.110110110110110043e-01    1.908472028401571167e-04    1.000000000000000036e-10
1.113063063063063074e-01    1.857315184511272317e-04    1.000000000000000036e-10
1.116016016016015966e-01    1.803269064483906798e-04    1.000000000000000036e-10
1.118968968968968858e-01    1.746472421627903325e-04    1.000000000000000036e-10
1.121921921921921889e-01    1.687106839124387283e-04    1.000000000000000036e-10
1.124874874874874781e-01    1.625392832634710663e-04    1.000000000000000036e-10
1.127827827827827811e-01    1.561585561591860788e-04    1.000000000000000036e-10
1.130780780780780703e-01    1.495970219656438333e-04    1.000000000000000036e-10
1.133733733733733734e-01    1.428857176991369759e-04    1.000000000000000036e-10
1.136686686686686626e-01    1.360576948147559169e-04    1.000000000000000036e-10
1.139639639639639518e-01    1.291475059465280835e-04    1.000000000000000036e-10
1.142592592592592549e-01    1.221906889010373652e-04    1.000000000000000036e-10
1.145545545545545441e-01    1.152232550216671455e-04    1.000000000000000036e-10
1.148498498498498471e-01    1.082811887636704411e-04    1.000000000000000036e-10
1.151451451451451363e-01    1.013999649416763089e-04    1.000000000000000036e-10
1.154404404404404394e-01    9.461408969809056123e-05    1.000000000000000036e-10
1.157357357357357286e-01    8.795667075279934156e-05    1.000000000000000036e-10
1.160310310310310178e-01    8.145902188472398011e-05    1.000000000000000036e-10
1.163263263263263209e-01    7.515030598724534486e-05    1.000000000000000036e-10
1.166216216216216101e-01    6.905722037535391071e-05    1.000000000000000036e-10
1.169169169169169131e-01    6.320372732574554070e-05    1.000000000000000036e-10
1.172122122122122023e-01    5.761083211273087119e-05    1.000000000000000036e-10
1.175075075075075054e-01    5.229641007323627478e-05    1.000000000000000036e-10
1.178028028028027946e-01    4.727508350366262021e-05    1.000000000000000036e-10
1.180980980980980977e-01    4.255814844597778125e-05    1.000000000000000036e-10
1.183933933933933869e-01    3.815355053600253370e-05    1.000000000000000036e-10
1.186886886886886761e-01    3.406590918057272649e-05    1.000000000000000036e-10
1.189839839839839791e-01    3.029658794816190323e-05    1.000000000000000036e-10
1.192792792792792683e-01    2.684380839078752434e-05    1.000000000000000036e-10
1.195745745745745714e-01    2.370280436323357286e-05    1.000000000000000036e-10
1.198698698698698606e-01    2.086601329295077853e-05    1.000000000000000036e-10
1.201651651651651637e-01    1.832330043129277604e-05    1.000000000000000036e-10
1.204604604604604529e-01    1.606221159726363621e-05    1.000000000000000036e-10
1.207557557557557559e-01    1.406825016719222885e-05    1.000000000000000036e-10
1.210510510510510451e-01    1.232517387695277470e-05    1.000000000000000036e-10
1.213463463463463343e-01    1.081530558782107019e-05    1.000000000000000036e-10
1.216416416416416374e-01    9.519853314591273844e-06    1.000000000000000036e-10
1.219369369369369266e-01    8.419234570883223746e-06    1.000000000000000036e-10
1.222322322322322297e-01    7.493400161733200362e-06    1.000000000000000036e-10
1.225275275275275189e-01    6.722152987549413965e-06    1.000000000000000036e-10
1.228228228228228219e-01    6.085456958479190621e-06    1.000000000000000036e-10
1.231181181181181111e-01    5.563731452172947125e-06    1.000000000000000036e-10
1.234134134134134003e-01    5.138127627238400322e-06    1.000000000000000036e-10
1.237087087087087034e-01    4.790783234519978174e-06    1.000000000000000036e-10
1.240040040040039926e-01    4.505053325174771969e-06    1.000000000000000036e-10
1.242992992992992957e-01    4.265712453427122131e-06    1.000000000000000036e-10
1.245945945945945849e-01    4.059126967448520795e-06    1.000000000000000036e-10
1.248898898898898879e-01    3.873395963222623885e-06    1.000000000000000036e-10
1.251851851851851771e-01    3.698460261030993769e-06    1.000000000000000036e-10
1.254804804804804663e-01    3.526178230624269448e-06    1.000000000000000036e-10
1.257757757757757555e-01    3.350365950105193951e-06    1.000000000000000036e-10
1.260710710710710447e-01    3.166804861463399932e-06    1.000000000000000036e-10
1.263663663663663617e-01    2.973217509198639028e-06    1.000000000000000036e-10
1.266616616616616509e-01    2.769213146979450173e-06    1.000000000000000036e-10
1.269569569569569401e-01    2.556200967126657254e-06    1.000000000000000036e-10
1.272522522522522292e-01    2.337276521835680067e-06    1.000000000000000036e-10
1.275475475475475462e-01    2.117084161056030867e-06    1.000000000000000036e-10
1.278428428428428354e-01    1.901657977137325921e-06    1.000000000000000036e-10
1.281381381381381246e-01    1.698240865971639970e-06    1.000000000000000036e-10
1.284334334334334138e-01    1.515088637401927168e-06    1.000000000000000036e-10
1.287287287287287030e-01    1.361262635373131649e-06    1.000000000000000036e-10
1.290240240240240199e-01    1.246412812175054114e-06    1.000000000000000036e-10
1.293193193193193091e-01    1.180554170177833249e-06    1.000000000000000036e-10
1.296146146146145983e-01    1.173842876868939110e-06    1.000000000000000036e-10
1.299099099099098875e-01    1.236353734785279609e-06    1.000000000000000036e-10
1.302052052052052045e-01    1.377861987088465430e-06    1.000000000000000036e-10
1.305005005005004937e-01    1.607635056267909295e-06    1.000000000000000036e-10
1.307957957957957829e-01    1.934235556274834941e-06    1.000000000000000036e-10
1.310910910910910721e-01    2.365336850100479374e-06    1.000000000000000036e-10
1.313863863863863890e-01    2.907558834620347319e-06    1.000000000000000036e-10
1.316816816816816782e-01    3.566322710366679780e-06    1.000000000000000036e-10
1.319769769769769674e-01    4.345723632493157748e-06    1.000000000000000036e-10
1.322722722722722566e-01    5.248430568616922408e-06    1.000000000000000036e-10
1.325675675675675458e-01    6.275610900673289383e-06    1.000000000000000036e-10
1.328628628628628627e-01    7.426875135478686380e-06    1.000000000000000036e-10
1.331581581581581519e-01    8.700251674154952164e-06    1.000000000000000036e-10
1.334534534534534411e-01    1.009218888818659548e-05    1.000000000000000036e-10
1.337487487487487303e-01    1.159757639276369724e-05    1.000000000000000036e-10
1.340440440440440473e-01    1.320979603687511437e-05    1.000000000000000036e-10
1.343393393393393365e-01    1.492079804802109541e-05    1.000000000000000036e-10
1.346346346346346257e-01    1.672119317719267142e-05    1.000000000000000036e-10
1.349299299299299149e-01    1.860037143227961188e-05    1.000000000000000036e-10
1.352252252252252041e-01    2.054663900197653862e-05    1.000000000000000036e-10
1.355205205205205210e-01    2.254736716526372763e-05    1.000000000000000036e-10
1.358158158158158102e-01    2.458916113038951595e-05    1.000000000000000036e-10
1.361111111111110994e-01    2.665803728454749046e-05    1.000000000000000036e-10
1.364064064064063886e-01    2.873960867878680003e-05    1.000000000000000036e-10
1.367017017017017055e-01    3.081927897121097717e-05    1.000000000000000036e-10
1.369969969969969947e-01    3.288243677927858591e-05    1.000000000000000036e-10
1.372922922922922839e-01    3.491465248297204892e-05    1.000000000000000036e-10
1.375875875875875731e-01    3.690186966952731511e-05    1.000000000000000036e-10
1.378828828828828623e-01    3.883059404247975681e-05    1.000000000000000036e-10
1.381781781781781793e-01    4.068807207373893199e-05    1.000000000000000036e-10
1.384734734734734685e-01    4.246245762799858001e-05    1.000000000000000036e-10
1.387687687687687577e-01    4.414297136884623776e-05    1.000000000000000036e-10
1.390640640640640469e-01    4.572003530324593180e-05    1.000000000000000036e-10
1.393593593593593638e-01    4.718539996365649005e-05    1.000000000000000036e-10
1.396546546546546530e-01    4.853224679583615676e-05    1.000000000000000036e-10
1.399499499499499422e-01    4.975526916879943252e-05    1.000000000000000036e-10
1.402452452452452314e-01    5.085074127214511604e-05    1.000000000000000036e-10
1.405405405405405206e-01    5.181654999541458826e-05    1.000000000000000036e-10
1.408358358358358375e-01    5.265222096252227636e-05    1.000000000000000036e-10
1.411311311311311267e-01    5.335890843002541722e-05    1.000000000000000036e-10
1.414264264264264159e-01    5.393936982087879498e-05    1.000000000000000036e-10
1.417217217217217051e-01    5.439791962582699476e-05    1.000000000000000036e-10
1.420170170170170221e-01    5.474035351285902202e-05    1.000000000000000036e-10
1.423123123123123113e-01    5.497386668049191019e-05    1.000000000000000036e-10
1.426076076076076005e-01    5.510693724291180410e-05    1.000000000000000036e-10
1.429029029029028897e-01    5.514920826941444715e-05    1.000000000000000036e-10
1.431981981981981789e-01    5.511134229664956972e-05    1.000000000000000036e-10
1.434934934934934958e-01    5.500487104259225876e-05    1.000000000000000036e-10
1.437887887887887850e-01    5.484203009815226344e-05    1.000000000000000036e-10
1.440840840840840742e-01    5.463558599640993982e-05    1.000000000000000036e-10
1.443793793793793634e-01    5.439865810141771783e-05    1.000000000000000036e-10
1.446746746746746526e-01    5.414453537767225749e-05    1.000000000000000036e-10
1.449699699699699695e-01    5.388649269208324979e-05    1.000000000000000036e-10
1.452652652652652587e-01    5.363760940596366144e-05    1.000000000000000036e-10
1.455605605605605479e-01    5.341058862132079847e-05    1.000000000000000036e-10
1.458558558558558371e-01    5.321758798039338687e-05    1.000000000000000036e-10
1.461511511511511541e-01    5.307005144871124972e-05    1.000000000000000036e-10
1.464464464464464433e-01    5.297856075664843841e-05    1.000000000000000036e-10
1.467417417417417325e-01    5.295268911902951020e-05    1.000000000000000036e-10
1.470370370370370217e-01    5.300088025186152805e-05    1.000000000000000036e-10
1.473323323323323109e-01    5.313033196253362809e-05    1.000000000000000036e-10
1.476276276276276278e-01    5.334690840415722831e-05    1.000000000000000036e-10
1.479229229229229170e-01    5.365505926403558751e-05    1.000000000000000036e-10
1.482182182182182062e-01    5.405776952613072512e-05    1.000000000000000036e-10
1.485135135135134954e-01    5.455651751393111333e-05    1.000000000000000036e-10
1.488088088088088123e-01    5.515126474719977707e-05    1.000000000000000036e-10
1.491041041041041015e-01    5.584045367711228998e-05    1.000000000000000036e-10
1.493993993993993907e-01    5.662103821828180956e-05    1.000000000000000036e-10
1.496946946946946799e-01    5.748851986705967473e-05    1.000000000000000036e-10
1.499899899899899691e-01    5.843701721582914108e-05    1.000000000000000036e-10
1.502852852852852861e-01    5.945933742016680013e-05    1.000000000000000036e-10
1.505805805805805753e-01    6.054708056993147216e-05    1.000000000000000036e-10
1.508758758758758645e-01    6.169074223171176177e-05    1.000000000000000036e-10
1.511711711711711537e-01    6.287984616484486278e-05    1.000000000000000036e-10
1.514664664664664429e-01    6.410307281618231627e-05    1.000000000000000036e-10
1.517617617617617598e-01    6.534841191383115411e-05    1.000000000000000036e-10
1.520570570570570490e-01    6.660331096271918301e-05    1.000000000000000036e-10
1.523523523523523382e-01    6.785483840170978339e-05    1.000000000000000036e-10
1.526476476476476274e-01    6.908984468350531276e-05    1.000000000000000036e-10
1.529429429429429443e-01    7.029512750395984087e-05    1.000000000000000036e-10
1.532382382382382335e-01    7.145759593219020898e-05    1.000000000000000036e-10
1.535335335335335227e-01    7.256443119551294870e-05    1.000000000000000036e-10
1.538288288288288119e-01    7.360324262281310939e-05    1.000000000000000036e-10
1.541241241241241011e-01    7.456221914262975133e-05    1.000000000000000036e-10
1.544194194194194181e-01    7.543026614396105103e-05    1.000000000000000036e-10
1.547147147147147073e-01    7.619714245414577203e-05    1.000000000000000036e-10
1.550100100100099965e-01    7.685357119066120706e-05    1.000000000000000036e-10
1.553053053053052857e-01    7.739135355747252904e-05    1.000000000000000036e-10
1.556006006006006026e-01    7.780345319126199730e-05    1.000000000000000036e-10
1.558958958958958918e-01    7.808407545367394159e-05    1.000000000000000036e-10
1.561911911911911810e-01    7.822872801074993423e-05    1.000000000000000036e-10
1.564864864864864702e-01    7.823425775226068026e-05    1.000000000000000036e-10
1.567817817817817594e-01    7.809888665849262248e-05    1.000000000000000036e-10
1.570770770770770763e-01    7.782220872522323664e-05    1.000000000000000036e-10
1.573723723723723655e-01    7.740519209985629429e-05    1.000000000000000036e-10
1.576676676676676547e-01    7.685014778250336836e-05    1.000000000000000036e-10
1.579629629629629439e-01    7.616068891801474662e-05    1.000000000000000036e-10
1.582582582582582609e-01    7.534167966358403543e-05    1.000000000000000036e-10
1.585535535535535501e-01    7.439915528821985458e-05    1.000000000000000036e-10
1.588488488488488393e-01    7.334024731494694972e-05    1.000000000000000036e-10
1.591441441441441285e-01    7.217308063992818122e-05    1.000000000000000036e-10
1.594394394394394177e-01    7.090666834557922632e-05    1.000000000000000036e-10
1.597347347347347346e-01    6.955079826422055000e-05    1.000000000000000036e-10
1.600300300300300238e-01    6.811590433175877726e-05    1.000000000000000036e-10
1.603253253253253130e-01    6.661294172706697905e-05    1.000000000000000036e-10
1.606206206206206022e-01    6.505325058937863603e-05    1.000000000000000036e-10
1.609159159159159191e-01    6.344842037628740244e-05    1.000000000000000036e-10
1.612112112112112083e-01    6.181015385197044932e-05    1.000000000000000036e-10
1.615065065065064975e-01    6.015013114118388882e-05    1.000000000000000036e-10
1.618018018018017867e-01    5.847987682132422670e-05    1.000000000000000036e-10
1.620970970970970759e-01    5.681063120023497628e-05    1.000000000000000036e-10
1.623923923923923929e-01    5.515323001473579269e-05    1.000000000000000036e-10
1.626876876876876821e-01    5.351798584324394918e-05    1.000000000000000036e-10
1.629829829829829713e-01    5.191458466844435347e-05    1.000000000000000036e-10
1.632782782782782605e-01    5.035199013720626708e-05    1.000000000000000036e-10
1.635735735735735497e-01    4.883835329439579565e-05    1.000000000000000036e-10
1.638688688688688666e-01    4.738094491413335168e-05    1.000000000000000036e-10
1.641641641641641558e-01    4.598609152960759974e-05    1.000000000000000036e-10
1.644594594594594450e-01    4.465912429093512237e-05    1.000000000000000036e-10
1.647547547547547342e-01    4.340435085738015663e-05    1.000000000000000036e-10
1.650500500500500511e-01    4.222502876985498429e-05    1.000000000000000036e-10
1.653453453453453403e-01    4.112335738007022494e-05    1.000000000000000036e-10
1.656406406406406295e-01    4.010048911064928602e-05    1.000000000000000036e-10
1.659359359359359187e-01    3.915654182600968004e-05    1.000000000000000036e-10
1.662312312312312079e-01    3.829063135112818457e-05    1.000000000000000036e-10
1.665265265265265249e-01    3.750091852072717335e-05    1.000000000000000036e-10
1.668218218218218141e-01    3.678465740031039606e-05    1.000000000000000036e-10
1.671171171171171033e-01    3.613826113663926818e-05    1.000000000000000036e-10
1.674124124124123925e-01    3.555737785634107009e-05    1.000000000000000036e-10
1.677077077077077094e-01    3.503696727036290131e-05    1.000000000000000036e-10
1.680030030030029986e-01    3.457138956709307351e-05    1.000000000000000036e-10
1.682982982982982878e-01    3.415450026173773404e-05    1.000000000000000036e-10
1.685935935935935770e-01    3.377974462685862312e-05    1.000000000000000036e-10
1.688888888888888662e-01    3.344025795468581503e-05    1.000000000000000036e-10
1.691841841841841831e-01    3.312896754139076831e-05    1.000000000000000036e-10
1.694794794794794723e-01    3.283869267642315696e-05    1.000000000000000036e-10
1.697747747747747615e-01    3.256224477770717493e-05    1.000000000000000036e-10
1.700700700700700507e-01    3.229252430684428037e-05    1.000000000000000036e-10
1.703653653653653399e-01    3.202261376360651359e-05    1.000000000000000036e-10
1.706606606606606569e-01    3.174586746562722497e-05    1.000000000000000036e-10
1.709559559559559461e-01    3.145599262160015275e-05    1.000000000000000036e-10
1.712512512512512353e-01    3.114712425525497546e-05    1.000000000000000036e-10
1.715465465465465245e-01    3.081389558538009867e-05    1.000000000000000036e-10
1.718418418418418414e-01    3.045149606113395970e-05    1.000000000000000036e-10
1.721371371371371306e-01    3.005572012355375066e-05    1.000000000000000036e-10
1.724324324324324198e-01    2.962301038606402569e-05    1.000000000000000036e-10
1.727277277277277090e-01    2.915048979852158964e-05    1.000000000000000036e-10
1.730230230230229982e-01    2.863597995961519725e-05    1.000000000000000036e-10
1.733183183183183151e-01    2.807801302074790272e-05    1.000000000000000036e-10
1.736136136136136043e-01    2.747583645469465246e-05    1.000000000000000036e-10
1.739089089089088935e-01    2.682940234470866013e-05    1.000000000000000036e-10
1.742042042042041827e-01    2.613934899580358496e-05    1.000000000000000036e-10
1.744994994994994997e-01    2.540697688022301531e-05    1.000000000000000036e-10
1.747947947947947889e-01    2.463421527790357813e-05    1.000000000000000036e-10
1.750900900900900781e-01    2.382357790230675356e-05    1.000000000000000036e-10
1.753853853853853673e-01    2.297811466832101079e-05    1.000000000000000036e-10
1.756806806806806565e-01    2.210135912505411070e-05    1.000000000000000036e-10
1.759759759759759734e-01    2.119726809026843361e-05    1.000000000000000036e-10
1.762712712712712626e-01    2.027015706739947908e-05    1.000000000000000036e-10
1.765665665665665518e-01    1.932463419956498505e-05    1.000000000000000036e-10
1.768618618618618410e-01    1.836553227236666948e-05    1.000000000000000036e-10
1.771571571571571579e-01    1.739783799658726899e-05    1.000000000000000036e-10
1.774524524524524471e-01    1.642662203164632295e-05    1.000000000000000036e-10
1.777477477477477363e-01    1.545697026144291183e-05    1.000000000000000036e-10
1.780430430430430255e-01    1.449391615658983309e-05    1.000000000000000036e-10
1.783383383383383147e-01    1.354237605973548105e-05    1.000000000000000036e-10
1.786336336336336317e-01    1.260708846420848069e-05    1.000000000000000036e-10
1.789289289289289209e-01    1.169255727923461564e-05    1.000000000000000036e-10
1.792242242242242101e-01    1.080299887648689434e-05    1.000000000000000036e-10
1.795195195195194993e-01    9.942296199205908581e-06    1.000000000000000036e-10
1.798148148148148162e-01    9.113959065374494821e-06    1.000000000000000036e-10
1.801101101101101054e-01    8.321090322550239469e-06    1.000000000000000036e-10
1.804054054054053946e-01    7.566357436756713256e-06    1.000000000000000036e-10
1.807007007007006838e-01    6.851972613774754217e-06    1.000000000000000036e-10
1.809959959959959730e-01    6.179680647554064675e-06    1.000000000000000036e-10
1.812912912912912899e-01    5.550752841755553177e-06    1.000000000000000036e-10
1.815865865865865791e-01    4.965987030442402066e-06    1.000000000000000036e-10
1.818818818818818683e-01    4.425714548218445221e-06    1.000000000000000036e-10
1.821771771771771575e-01    3.929815552057563226e-06    1.000000000000000036e-10
1.824724724724724467e-01    3.477739171162557132e-06    1.000000000000000036e-10
1.827677677677677637e-01    3.068528948143160755e-06    1.000000000000000036e-10
1.830630630630630529e-01    2.700852706892774014e-06    1.000000000000000036e-10
1.833583583583583421e-01    2.373038455654378936e-06    1.000000000000000036e-10
1.836536536536536313e-01    2.083113961073829237e-06    1.000000000000000036e-10
1.839489489489489482e-01    1.828848867105741569e-06    1.000000000000000036e-10
1.842442442442442374e-01    1.607799171375320241e-06    1.000000000000000036e-10
1.845395395395395266e-01    1.417353479932176160e-06    1.000000000000000036e-10
1.848348348348348158e-01    1.254780953240236417e-06    1.000000000000000036e-10
1.851301301301301050e-01    1.117278995648633919e-06    1.000000000000000036e-10
1.854254254254254219e-01    1.002020338568542256e-06    1.000000000000000036e-10
1.857207207207207111e-01    9.061990429330270347e-07    1.000000000000000036e-10
1.860160160160160003e-01    8.270749661569311923e-07    1.000000000000000036e-10
1.863113113113112895e-01    7.620154797718238348e-07    1.000000000000000036e-10
1.866066066066066065e-01    7.085340249609925925e-07    1.000000000000000036e-10
1.869019019019018957e-01    6.643251487137007454e-07    1.000000000000000036e-10
1.871971971971971849e-01    6.272956362257216386e-07    1.000000000000000036e-10
1.874924924924924741e-01    5.955916948731214617e-07    1.000000000000000036e-10
1.877877877877877633e-01    5.676206769910541846e-07    1.000000000000000036e-10
1.880830830830830802e-01    5.420678387521107047e-07    1.000000000000000036e-10
1.883783783783783694e-01    5.179082074134310286e-07    1.000000000000000036e-10
1.886736736736736586e-01    4.944132971800598687e-07    1.000000000000000036e-10
1.889689689689689478e-01    4.711529662723512080e-07    1.000000000000000036e-10
1.892642642642642370e-01    4.479919639183880652e-07    1.000000000000000036e-10
1.895595595595595539e-01    4.250809186430211842e-07    1.000000000000000036e-10
1.898548548548548431e-01    4.028430502888395838e-07    1.000000000000000036e-10
1.901501501501501323e-01    3.819565197117760652e-07    1.000000000000000036e-10
1.904454454454454215e-01    3.633327388113019651e-07    1.000000000000000036e-10
1.907407407407407385e-01    3.480911974822501517e-07    1.000000000000000036e-10
1.910360360360360277e-01    3.375307465024712586e-07    1.000000000000000036e-10
1.913313313313313169e-01    3.330980937156981619e-07    1.000000000000000036e-10
1.916266266266266061e-01    3.363544173943863218e-07    1.000000000000000036e-10
1.919219219219218953e-01    3.489404075324308226e-07    1.000000000000000036e-10
1.922172172172172122e-01    3.725402979982485427e-07    1.000000000000000036e-10
1.925125125125125014e-01    4.088454270307610533e-07    1.000000000000000036e-10
1.928078078078077906e-01    4.595178439219830665e-07    1.000000000000000036e-10
1.931031031031030798e-01    5.261547611386511891e-07    1.000000000000000036e-10
1.933983983983983967e-01    6.102543525833905669e-07    1.000000000000000036e-10
1.936936936936936859e-01    7.131833651236940361e-07    1.000000000000000036e-10
1.939889889889889751e-01    8.361470355441475947e-07    1.000000000000000036e-10
1.942842842842842643e-01    9.801617508985705664e-07    1.000000000000000036e-10
1.945795795795795535e-01    1.146030672792124673e-06    1.000000000000000036e-10
1.948748748748748705e-01    1.334323116881128856e-06    1.000000000000000036e-10
1.951701701701701597e-01    1.545357926136753585e-06    1.000000000000000036e-10
1.954654654654654489e-01    1.779190771955946908e-06    1.000000000000000036e-10
1.957607607607607381e-01    2.035605684704299758e-06    1.000000000000000036e-10
1.960560560560560550e-01    2.314110927151354982e-06    1.000000000000000036e-10
1.963513513513513442e-01    2.613939252967493055e-06    1.000000000000000036e-10
1.966466466466466334e-01    2.934052413065094545e-06    1.000000000000000036e-10
1.969419419419419226e-01    3.273150033073274032e-06    1.000000000000000036e-10
1.972372372372372118e-01    3.629682891780233427e-06    1.000000000000000036e-10
1.975325325325325287e-01    4.001869924021663208e-06    1.000000000000000036e-10
1.978278278278278179e-01    4.387718849086794214e-06    1.000000000000000036e-10
1.981231231231231071e-01    4.785050125686469765e-06    1.000000000000000036e-10
1.984184184184183963e-01    5.191523867556727275e-06    1.000000000000000036e-10
1.987137137137137133e-01    5.604669312259695595e-06    1.000000000000000036e-10
1.990090090090090025e-01    6.021916389944236699e-06    1.000000000000000036e-10
1.993043043043042917e-01    6.440628993797102303e-06    1.000000000000000036e-10
1.995995995995995809e-01    6.858139426573854772e-06    1.000000000000000036e-10
1.998948948948948701e-01    7.271783404911160041e-06    1.000000000000000036e-10
2.001901901901901870e-01    7.678935178162388706e-06    1.000000000000000036e-10
2.004854854854854762e-01    8.077042256767318564e-06    1.000000000000000036e-10
2.007807807807807654e-01    8.463659246357536561e-06    1.000000000000000036e-10
2.010760760760760546e-01    8.836480298999202748e-06    1.000000000000000036e-10
2.013713713713713438e-01    9.193369715138419032e-06    1.000000000000000036e-10
2.016666666666666607e-01    9.532390302975490753e-06    1.000000000000000036e-10
2.019619619619619499e-01    9.851829085076103162e-06    1.000000000000000036e-10
2.022572572572572391e-01    1.015021977975853801e-05    1.000000000000000036e-10
2.025525525525525283e-01    1.042636195870754874e-05    1.000000000000000036e-10
2.028478478478478453e-01    1.067933657818676303e-05    1.000000000000000036e-10
2.031431431431431345e-01    1.090851765375099658e-05    1.000000000000000036e-10
2.034384384384384237e-01    1.111357991833728088e-05    1.000000000000000036e-10
2.037337337337337129e-01    1.129450236081964426e-05    1.000000000000000036e-10
2.040290290290290021e-01    1.145156760041235255e-05    1.000000000000000036e-10
2.043243243243243190e-01    1.158535711085289921e-05    1.000000000000000036e-10
2.046196196196196082e-01    1.169674236897493886e-05    1.000000000000000036e-10
2.049149149149148974e-01    1.178687209914840046e-05    1.000000000000000036e-10
2.052102102102101866e-01    1.185715567262384472e-05    1.000000000000000036e-10
2.055055055055055035e-01    1.190924293619007265e-05    1.000000000000000036e-10
2.058008008008007927e-01    1.194500085377850757e-05    1.000000000000000036e-10
2.060960960960960819e-01    1.196648723078652616e-05    1.000000000000000036e-10
2.063913913913913711e-01    1.197592188396400804e-05    1.000000000000000036e-10
2.066866866866866603e-01    1.197565565562786840e-05    1.000000000000000036e-10
2.069819819819819773e-01    1.196813769880349543e-05    1.000000000000000036e-10
2.072772772772772665e-01    1.195588148166988809e-05    1.000000000000000036e-10
2.075725725725725557e-01    1.194142997515403096e-05    1.000000000000000036e-10
2.078678678678678449e-01    1.192732049651757604e-05    1.000000000000000036e-10
2.081631631631631341e-01    1.191604968423091743e-05    1.000000000000000036e-10
2.084584584584584510e-01    1.191003907529959034e-05    1.000000000000000036e-10
2.087537537537537402e-01    1.191160173549361317e-05    1.000000000000000036e-10
2.090490490490490294e-01    1.192291038831770068e-05    1.000000000000000036e-10
2.093443443443443186e-01    1.194596750604959561e-05    1.000000000000000036e-10
2.096396396396396355e-01    1.198257771737651780e-05    1.000000000000000036e-10
2.099349349349349247e-01    1.203432289450396127e-05    1.000000000000000036e-10
2.102302302302302139e-01    1.210254024296924522e-05    1.000000000000000036e-10
2.105255255255255031e-01    1.218830367343716126e-05    1.000000000000000036e-10
2.108208208208207923e-01    1.229240868919820307e-05    1.000000000000000036e-10
2.111161161161161093e-01    1.241536097470879532e-05    1.000000000000000036e-10
2.114114114114113985e-01    1.255736881999025003e-05    1.000000000000000036e-10
2.117067067067066877e-01    1.271833946374627113e-05    1.000000000000000036e-10
2.120020020020019769e-01    1.289787938538024142e-05    1.000000000000000036e-10
2.122972972972972938e-01    1.309529852341850166e-05    1.000000000000000036e-10
2.125925925925925830e-01    1.330961834588633227e-05    1.000000000000000036e-10
2.128878878878878722e-01    1.353958364763214535e-05    1.000000000000000036e-10
2.131831831831831614e-01    1.378367790113048377e-05    1.000000000000000036e-10
2.134784784784784506e-01    1.404014194154239166e-05    1.000000000000000036e-10
2.137737737737737675e-01    1.430699572437037081e-05    1.000000000000000036e-10
2.140690690690690567e-01    1.458206285545488395e-05    1.000000000000000036e-10
2.143643643643643459e-01    1.486299755875976788e-05    1.000000000000000036e-10
2.146596596596596351e-01    1.514731371690911877e-05    1.000000000000000036e-10
2.149549549549549521e-01    1.543241560048249928e-05    1.000000000000000036e-10
2.152502502502502413e-01    1.571562987596919711e-05    1.000000000000000036e-10
2.155455455455455305e-01    1.599423846669209844e-05    1.000000000000000036e-10
2.158408408408408197e-01    1.626551184178683392e-05    1.000000000000000036e-10
2.161361361361361089e-01    1.652674230293591298e-05    1.000000000000000036e-10
2.164314314314314258e-01    1.677527684204098855e-05    1.000000000000000036e-10
2.167267267267267150e-01    1.700854915233166790e-05    1.000000000000000036e-10
2.170220220220220042e-01    1.722411039015910389e-05    1.000000000000000036e-10
2.173173173173172934e-01    1.741965830463194397e-05    1.000000000000000036e-10
2.176126126126126104e-01    1.759306437701223456e-05    1.000000000000000036e-10
2.179079079079078995e-01    1.774239864101733558e-05    1.000000000000000036e-10
2.182032032032031887e-01    1.786595188842636387e-05    1.000000000000000036e-10
2.184984984984984779e-01    1.796225500118303671e-05    1.000000000000000036e-10
2.187937937937937671e-01    1.803009519099687486e-05    1.000000000000000036e-10
2.190890890890890841e-01    1.806852896969786816e-05    1.000000000000000036e-10
2.193843843843843733e-01    1.807689171771644589e-05    1.000000000000000036e-10
2.196796796796796625e-01    1.805480376342910150e-05    1.000000000000000036e-10
2.199749749749749517e-01    1.800217293211303131e-05    1.000000000000000036e-10
2.202702702702702409e-01    1.791919356927540447e-05    1.000000000000000036e-10
2.205655655655655578e-01    1.780634208855096643e-05    1.000000000000000036e-10
2.208608608608608470e-01    1.766436913860220515e-05    1.000000000000000036e-10
2.211561561561561362e-01    1.749428852593550992e-05    1.000000000000000036e-10
2.214514514514514254e-01    1.729736307072373444e-05    1.000000000000000036e-10
2.217467467467467424e-01    1.707508761009750954e-05    1.000000000000000036e-10
2.220420420420420315e-01    1.682916939746978354e-05    1.000000000000000036e-10
2.223373373373373207e-01    1.656150617688494542e-05    1.000000000000000036e-10
2.226326326326326099e-01    1.627416223777718840e-05    1.000000000000000036e-10
2.229279279279278991e-01    1.596934277757805954e-05    1.000000000000000036e-10
2.232232232232232161e-01    1.564936691710702409e-05    1.000000000000000036e-10
2.235185185185185053e-01    1.531663972642540147e-05    1.000000000000000036e-10
2.238138138138137945e-01    1.497362362673259459e-05    1.000000000000000036e-10
2.241091091091090837e-01    1.462280953689941078e-05    1.000000000000000036e-10
2.244044044044044006e-01    1.426668813137434829e-05    1.000000000000000036e-10
2.246996996996996898e-01    1.390772156957636489e-05    1.000000000000000036e-10
2.249949949949949790e-01    1.354831604563925748e-05    1.000000000000000036e-10
2.252902902902902682e-01    1.319079549171292628e-05    1.000000000000000036e-10
2.255855855855855574e-01    1.283737674823051583e-05    1.000000000000000036e-10
2.258808808808808744e-01    1.249014649093341839e-05    1.000000000000000036e-10
2.261761761761761635e-01    1.215104017736948059e-05    1.000000000000000036e-10
2.264714714714714527e-01    1.182182324546359424e-05    1.000000000000000036e-10
2.267667667667667419e-01    1.150407476404122598e-05    1.000000000000000036e-10
2.270620620620620311e-01    1.119917370032892339e-05    1.000000000000000036e-10
2.273573573573573481e-01    1.090828793297184757e-05    1.000000000000000036e-10
2.276526526526526373e-01    1.063236610149107138e-05    1.000000000000000036e-10
2.279479479479479265e-01    1.037213234487389553e-05    1.000000000000000036e-10
2.282432432432432157e-01    1.012808394367435888e-05    1.000000000000000036e-10
2.285385385385385326e-01    9.900491842092390291e-06    1.000000000000000036e-10
2.288338338338338218e-01    9.689403989516898362e-06    1.000000000000000036e-10
2.291291291291291110e-01    9.494651405424746077e-06    1.000000000000000036e-10
2.294244244244244002e-01    9.315856837782927007e-06    1.000000000000000036e-10
2.297197197197196894e-01    9.152445853625230620e-06    1.000000000000000036e-10
2.300150150150150063e-01    9.003660171385358826e-06    1.000000000000000036e-10
2.303103103103102955e-01    8.868573016264102800e-06    1.000000000000000036e-10
2.306056056056055847e-01    8.746106269252751855e-06    1.000000000000000036e-10
2.309009009009008739e-01    8.635049148282197815e-06    1.000000000000000036e-10
2.311961961961961909e-01    8.534078143567341157e-06    1.000000000000000036e-10
2.314914914914914801e-01    8.441777925920701601e-06    1.000000000000000036e-10
2.317867867867867693e-01    8.356662936465647241e-06    1.000000000000000036e-10
2.320820820820820585e-01    8.277199362706582329e-06    1.000000000000000036e-10
2.323773773773773477e-01    8.201827206507583421e-06    1.000000000000000036e-10
2.326726726726726646e-01    8.128982154040722665e-06    1.000000000000000036e-10
2.329679679679679538e-01    8.057116966064178243e-06    1.000000000000000036e-10
2.332632632632632430e-01    7.984722118804414432e-06    1.000000000000000036e-10
2.335585585585585322e-01    7.910345441021497990e-06    1.000000000000000036e-10
2.338538538538538492e-01    7.832610511267898618e-06    1.000000000000000036e-10
2.341491491491491383e-01    7.750233600607684146e-06    1.000000000000000036e-10
2.344444444444444275e-01    7.662038969805547693e-06    1.000000000000000036e-10
2.347397397397397167e-01    7.566972355859235643e-06    1.000000000000000036e-10
2.350350350350350059e-01    7.464112510347739310e-06    1.000000000000000036e-10
2.353303303303303229e-01    7.352680680994089869e-06    1.000000000000000036e-10
2.356256256256256121e-01    7.232047957678680667e-06    1.000000000000000036e-10
2.359209209209209013e-01    7.101740434467486004e-06    1.000000000000000036e-10
2.362162162162161905e-01    6.961442170161147425e-06    1.000000000000000036e-10
2.365115115115115074e-01    6.810995976781728722e-06    1.000000000000000036e-10
2.368068068068067966e-01    6.650402044452255557e-06    1.000000000000000036e-10
2.371021021021020858e-01    6.479814456138958419e-06    1.000000000000000036e-10
2.373973973973973750e-01    6.299535737508251037e-06    1.000000000000000036e-10
2.376926926926926642e-01    6.110009545995751764e-06    1.000000000000000036e-10
2.379879879879879812e-01    5.911811641805569909e-06    1.000000000000000036e-10
2.382832832832832703e-01    5.705639305228488636e-06    1.000000000000000036e-10
2.385785785785785595e-01    5.492299382290928290e-06    1.000000000000000036e-10
2.388738738738738487e-01    5.272695155505965641e-06    1.000000000000000036e-10
2.391691691691691379e-01    5.047812248249590689e-06    1.000000000000000036e-10
2.394644644644644549e-01    4.818703779923811792e-06    1.000000000000000036e-10
2.397597597597597441e-01    4.586474994528638104e-06    1.000000000000000036e-10
2.400550550550550333e-01    4.352267587538960371e-06    1.000000000000000036e-10
2.403503503503503225e-01    4.117243955099621703e-06    1.000000000000000036e-10
2.406456456456456394e-01    3.882571584186439727e-06    1.000000000000000036e-10
2.409409409409409286e-01    3.649407780654715817e-06    1.000000000000000036e-10
2.412362362362362178e-01    3.418884956176287519e-06    1.000000000000000036e-10
2.415315315315315070e-01    3.192096686156038238e-06    1.000000000000000036e-10
2.418268268268267962e-01    2.970084698544076711e-06    1.000000000000000036e-10
2.421221221221221132e-01    2.753826951481451662e-06    1.000000000000000036e-10
2.424174174174174023e-01    2.544226939937405989e-06    1.000000000000000036e-10
2.427127127127126915e-01    2.342104350919283050e-06    1.000000000000000036e-10
2.430080080080079807e-01    2.148187165022404399e-06    1.000000000000000036e-10
2.433033033033032977e-01    1.963105279350440487e-06    1.000000000000000036e-10
2.435985985985985869e-01    1.787385703523464187e-06    1.000000000000000036e-10
2.438938938938938761e-01    1.621449356940835226e-06    1.000000000000000036e-10
2.441891891891891653e-01    1.465609461363293182e-06    1.000000000000000036e-10
2.444844844844844545e-01    1.320071469920704719e-06    1.000000000000000036e-10
2.447797797797797714e-01    1.184934658381955762e-06    1.000000000000000036e-10
2.450750750750750606e-01    1.060195198910354353e-06    1.000000000000000036e-10
2.453703703703703498e-01    9.457506060767628733e-07    1.000000000000000036e-10
2.456656656656656390e-01    8.414054834467995973e-07    1.000000000000000036e-10
2.459609609609609282e-01    7.468784526736044050e-07    1.000000000000000036e-10
2.462562562562562452e-01    6.618101323910524245e-07    1.000000000000000036e-10
2.465515515515515343e-01    5.857720218860794813e-07    1.000000000000000036e-10
2.468468468468468235e-01    5.182761345465190095e-07    1.000000000000000036e-10
2.471421421421421127e-01    4.587852180971390206e-07    1.000000000000000036e-10
2.474374374374374297e-01    4.067233859717389367e-07    1.000000000000000036e-10
2.477327327327327189e-01    3.614870468129209397e-07    1.000000000000000036e-10
2.480280280280280081e-01    3.224559211942607765e-07    1.000000000000000036e-10
2.483233233233232973e-01    2.890039203329548734e-07    1.000000000000000036e-10
2.486186186186185865e-01    2.605097618690477319e-07    1.000000000000000036e-10
2.489139139139139034e-01    2.363671687339483997e-07    1.000000000000000036e-10
2.492092092092091926e-01    2.159945041794124807e-07    1.000000000000000036e-10
2.495045045045044818e-01    1.988437074011833113e-07    1.000000000000000036e-10
2.497997997997997710e-01    1.844084072739103249e-07    1.000000000000000036e-10
2.500950950950950880e-01    1.722311291719900071e-07    1.000000000000000036e-10
2.503903903903903494e-01    1.619095423598678817e-07    1.000000000000000036e-10
2.506856856856856663e-01    1.531014701990032969e-07    1.000000000000000036e-10
2.509809809809809278e-01    1.455287480132586247e-07    1.000000000000000036e-10
2.512762762762762447e-01    1.389799002470045737e-07    1.000000000000000036e-10
2.515715715715715617e-01    1.333116005222028011e-07    1.000000000000000036e-10
2.518668668668668231e-01    1.284489143799469980e-07    1.000000000000000036e-10
2.521621621621621401e-01    1.243843426925573852e-07    1.000000000000000036e-10
2.524574574574574015e-01    1.211757028128816676e-07    1.000000000000000036e-10
2.527527527527527185e-01    1.189429562001536018e-07    1.000000000000000036e-10
2.530480480480480354e-01    1.178639149853899507e-07    1.000000000000000036e-10
2.533433433433432969e-01    1.181688699178714960e-07    1.000000000000000036e-10
2.536386386386386138e-01    1.201344497094116362e-07    1.000000000000000036e-10
2.539339339339338752e-01    1.240767390670254121e-07    1.000000000000000036e-10
2.542292292292291922e-01    1.303437673861300747e-07    1.000000000000000036e-10
2.545245245245245092e-01    1.393074949599496752e-07    1.000000000000000036e-10
2.548198198198197706e-01    1.513554291183635524e-07    1.000000000000000036e-10
2.551151151151150875e-01    1.668819879147545855e-07    1.000000000000000036e-10
2.554104104104104045e-01    1.862796982080576168e-07    1.000000000000000036e-10
2.557057057057056659e-01    2.099304830346792027e-07    1.000000000000000036e-10
2.560010010010009829e-01    2.381971824495153001e-07    1.000000000000000036e-10
2.562962962962962998e-01    2.714154010953614285e-07    1.000000000000000036e-10
2.565915915915915613e-01    3.098858063581982796e-07    1.000000000000000036e-10
2.568868868868868782e-01    3.538669941084890184e-07    1.000000000000000036e-10
2.571821821821821397e-01    4.035690064067472867e-07    1.000000000000000036e-10
2.574774774774774566e-01    4.591474703831021093e-07    1.000000000000000036e-10
2.577727727727727736e-01    5.206988219140493556e-07    1.000000000000000036e-10
2.580680680680680350e-01    5.882565240423108757e-07    1.000000000000000036e-10
2.583633633633633520e-01    6.617882215632288449e-07    1.000000000000000036e-10
2.586586586586586134e-01    7.411939304105878892e-07    1.000000000000000036e-10
2.589539539539539303e-01    8.263052863357099066e-07    1.000000000000000036e-10
2.592492492492492473e-01    9.168858465357565639e-07    1.000000000000000036e-10
2.595445445445445087e-01    1.012632300251172706e-06    1.000000000000000036e-10
2.598398398398398257e-01    1.113177019753184826e-06    1.000000000000000036e-10
2.601351351351350871e-01    1.218091705729321111e-06    1.000000000000000036e-10
2.604304304304304041e-01    1.326891845770417243e-06    1.000000000000000036e-10
2.607257257257257210e-01    1.439042052751245571e-06    1.000000000000000036e-10
2.610210210210209825e-01    1.553962207425132068e-06    1.000000000000000036e-10
2.613163163163162994e-01    1.671034304106977400e-06    1.000000000000000036e-10
2.616116116116116164e-01    1.789609915851480140e-06    1.000000000000000036e-10
2.619069069069068778e-01    1.909018407074150345e-06    1.000000000000000036e-10
2.622022022022021948e-01    2.028575423455075059e-06    1.000000000000000036e-10
2.624974974974974562e-01    2.147591571617777984e-06    1.000000000000000036e-10
2.627927927927927731e-01    2.265381234296055224e-06    1.000000000000000036e-10
2.630880880880880901e-01    2.381271399381624428e-06    1.000000000000000036e-10
2.633833833833833515e-01    2.494610481968339096e-06    1.000000000000000036e-10
2.636786786786786685e-01    2.604777040080394191e-06    1.000000000000000036e-10
2.639739739739739299e-01    2.711187870828786398e-06    1.000000000000000036e-10
2.642692692692692469e-01    2.813305624694775696e-06    1.000000000000000036e-10
2.645645645645645638e-01    2.910645840260429999e-06    1.000000000000000036e-10
2.648598598598598253e-01    3.002783296222668700e-06    1.000000000000000036e-10
2.651551551551551422e-01    3.089357701698734203e-06    1.000000000000000036e-10
2.654504504504504037e-01    3.170078815292643806e-06    1.000000000000000036e-10
2.657457457457457206e-01    3.244729991192365085e-06    1.000000000000000036e-10
2.660410410410410376e-01    3.313170834977431733e-06    1.000000000000000036e-10
2.663363363363362990e-01    3.375338943078593671e-06    1.000000000000000036e-10
2.666316316316316160e-01    3.431250612534208506e-06    1.000000000000000036e-10
2.669269269269269329e-01    3.481000610405869487e-06    1.000000000000000036e-10
2.672222222222221943e-01    3.524761162086571054e-06    1.000000000000000036e-10
2.675175175175175113e-01    3.562779092394179037e-06    1.000000000000000036e-10
2.678128128128127727e-01    3.595372157808952916e-06    1.000000000000000036e-10
2.681081081081080897e-01    3.622924605542403762e-06    1.000000000000000036e-10
2.684034034034034066e-01    3.645881860942279213e-06    1.000000000000000036e-10
2.686986986986986681e-01    3.664744496312197163e-06    1.000000000000000036e-10
2.689939939939939850e-01    3.680061435857697202e-06    1.000000000000000036e-10
2.692892892892892465e-01    3.692421948486990156e-06    1.000000000000000036e-10
2.695845845845845634e-01    3.702447447822025325e-06    1.000000000000000036e-10
2.698798798798798804e-01    3.710782969565751579e-06    1.000000000000000036e-10
2.701751751751751418e-01    3.718088344126602300e-06    1.000000000000000036e-10
2.704704704704704588e-01    3.725029092808936780e-06    1.000000000000000036e-10
2.707657657657657202e-01    3.732266981357961426e-06    1.000000000000000036e-10
2.710610610610610371e-01    3.740450794007776220e-06    1.000000000000000036e-10
2.713563563563563541e-01    3.750207429132337734e-06    1.000000000000000036e-10
2.716516516516516155e-01    3.762133286077903514e-06    1.000000000000000036e-10
2.719469469469469325e-01    3.776785967496788226e-06    1.000000000000000036e-10
2.722422422422421939e-01    3.794675993690706147e-06    1.000000000000000036e-10
2.725375375375375109e-01    3.816259675243695337e-06    1.000000000000000036e-10
2.728328328328328278e-01    3.841932888231042940e-06    1.000000000000000036e-10
2.731281281281280893e-01    3.872025486331860588e-06    1.000000000000000036e-10
2.734234234234234062e-01    3.906796523905180704e-06    1.000000000000000036e-10
2.737187187187187232e-01    3.946429842920196759e-06    1.000000000000000036e-10
2.740140140140139846e-01    3.991030947331803258e-06    1.000000000000000036e-10
2.743093093093093016e-01    4.040625720873311328e-06    1.000000000000000036e-10
2.746046046046045630e-01    4.095159668812817055e-06    1.000000000000000036e-10
2.748998998998998800e-01    4.154498107619781426e-06    1.000000000000000036e-10
2.751951951951951969e-01    4.218427003227015778e-06    1.000000000000000036e-10
2.754904904904904583e-01    4.286654767933063438e-06    1.000000000000000036e-10
2.757857857857857753e-01    4.358816293498568050e-06    1.000000000000000036e-10
2.760810810810810367e-01    4.434477258149469916e-06    1.000000000000000036e-10
2.763763763763763537e-01    4.513139124134724062e-06    1.000000000000000036e-10
2.766716716716716706e-01    4.594244743771320256e-06    1.000000000000000036e-10
2.769669669669669321e-01    4.677184672705526952e-06    1.000000000000000036e-10
2.772622622622622490e-01    4.761305129869071814e-06    1.000000000000000036e-10
2.775575575575575105e-01    4.845915897875165470e-06    1.000000000000000036e-10
2.778528528528528274e-01    4.930298454151676225e-06    1.000000000000000036e-10
2.781481481481481444e-01    5.013714410625167414e-06    1.000000000000000036e-10
2.784434434434434058e-01    5.095414489675373140e-06    1.000000000000000036e-10
2.787387387387387228e-01    5.174647846675808307e-06    1.000000000000000036e-10
2.790340340340340397e-01    5.250670931966671357e-06    1.000000000000000036e-10
2.793293293293293011e-01    5.322756152115312805e-06    1.000000000000000036e-10
2.796246246246246181e-01    5.390200522835551905e-06    1.000000000000000036e-10
2.799199199199198795e-01    5.452334566515061789e-06    1.000000000000000036e-10
2.802152152152151965e-01    5.508529968730867610e-06    1.000000000000000036e-10
2.805105105105105134e-01    5.558206630258897430e-06    1.000000000000000036e-10
2.808058058058057749e-01    5.600839201574548402e-06    1.000000000000000036e-10
2.811011011011010918e-01    5.635963535648247320e-06    1.000000000000000036e-10
2.813963963963963533e-01    5.663182593413752839e-06    1.000000000000000036e-10
2.816916916916916702e-01    5.682170023335800060e-06    1.000000000000000036e-10
2.819869869869869872e-01    5.692673419268472990e-06    1.000000000000000036e-10
2.822822822822822486e-01    5.694516894416497902e-06    1.000000000000000036e-10
2.825775775775775656e-01    5.687603731903841392e-06    1.000000000000000036e-10
2.828728728728728270e-01    5.671917039765316650e-06    1.000000000000000036e-10
2.831681681681681439e-01    5.647518523489186189e-06    1.000000000000000036e-10
2.834634634634634609e-01    5.614547222495455591e-06    1.000000000000000036e-10
2.837587587587587223e-01    5.573217694148090455e-06    1.000000000000000036e-10
2.840540540540540393e-01    5.523818033272051774e-06    1.000000000000000036e-10
2.843493493493493007e-01    5.466705005175056246e-06    1.000000000000000036e-10
2.846446446446446177e-01    5.402298991350327084e-06    1.000000000000000036e-10
2.849399399399399346e-01    5.331078812299285845e-06    1.000000000000000036e-10
2.852352352352351961e-01    5.253576374829497710e-06    1.000000000000000036e-10
2.855305305305305130e-01    5.170370112107549975e-06    1.000000000000000036e-10
2.858258258258258300e-01    5.082077125811919133e-06    1.000000000000000036e-10
2.861211211211210914e-01    4.989345951880047918e-06    1.000000000000000036e-10
2.864164164164164084e-01    4.892849211301605436e-06    1.000000000000000036e-10
2.867117117117116698e-01    4.793275861560580717e-06    1.000000000000000036e-10
2.870070070070069868e-01    4.691322712711736898e-06    1.000000000000000036e-10
2.873023023023023037e-01    4.587686611959334226e-06    1.000000000000000036e-10
2.875975975975975651e-01    4.483056976079706759e-06    1.000000000000000036e-10
2.878928928928928821e-01    4.378108058301431778e-06    1.000000000000000036e-10
2.881881881881881435e-01    4.273491161982727046e-06    1.000000000000000036e-10
2.884834834834834605e-01    4.169828140818921075e-06    1.000000000000000036e-10
2.887787787787787774e-01    4.067705345236768838e-06    1.000000000000000036e-10
2.890740740740740389e-01    3.967667649296498801e-06    1.000000000000000036e-10
2.893693693693693558e-01    3.870212178672583697e-06    1.000000000000000036e-10
2.896646646646646173e-01    3.775784497717154745e-06    1.000000000000000036e-10
2.899599599599599342e-01    3.684775238737672975e-06    1.000000000000000036e-10
2.902552552552552512e-01    3.597516977269551224e-06    1.000000000000000036e-10
2.905505505505505126e-01    3.514280572166276595e-06    1.000000000000000036e-10
2.908458458458458296e-01    3.435274279555103399e-06    1.000000000000000036e-10
2.911411411411410910e-01    3.360643865527848744e-06    1.000000000000000036e-10
2.914364364364364079e-01    3.290472642533599157e-06    1.000000000000000036e-10
2.917317317317317249e-01    3.224781095381207764e-06    1.000000000000000036e-10
2.920270270270269863e-01    3.163528687742919318e-06    1.000000000000000036e-10
2.923223223223223033e-01    3.106617336563711682e-06    1.000000000000000036e-10
2.926176176176176202e-01    3.053894315965612392e-06    1.000000000000000036e-10
2.929129129129128817e-01    3.005154962650094756e-06    1.000000000000000036e-10
2.932082082082081986e-01    2.960146795590233589e-06    1.000000000000000036e-10
2.935035035035034601e-01    2.918575354961995707e-06    1.000000000000000036e-10
2.937987987987987770e-01    2.880109156215220837e-06    1.000000000000000036e-10
2.940940940940940940e-01    2.844384564029442596e-06    1.000000000000000036e-10
2.943893893893893554e-01    2.811011566580871570e-06    1.000000000000000036e-10
2.946846846846846724e-01    2.779580526779694583e-06    1.000000000000000036e-10
2.949799799799799338e-01    2.749667992150065915e-06    1.000000000000000036e-10
2.952752752752752508e-01    2.720842486180038569e-06    1.000000000000000036e-10
2.955705705705705677e-01    2.692670943570368498e-06    1.000000000000000036e-10
2.958658658658658291e-01    2.664724868775922498e-06    1.000000000000000036e-10
2.961611611611611461e-01    2.636585704875366312e-06    1.000000000000000036e-10
2.964564564564564075e-01    2.607850295966673235e-06    1.000000000000000036e-10
2.967517517517517245e-01    2.578136795682081007e-06    1.000000000000000036e-10
2.970470470470470414e-01    2.547088968957533413e-06    1.000000000000000036e-10
2.973423423423423029e-01    2.514380042948367138e-06    1.000000000000000036e-10
2.976376376376376198e-01    2.479716854200872694e-06    1.000000000000000036e-10
2.979329329329328813e-01    2.442844084404575090e-06    1.000000000000000036e-10
2.982282282282281982e-01    2.403545918907486815e-06    1.000000000000000036e-10
2.985235235235235152e-01    2.361647763960813731e-06    1.000000000000000036e-10
2.988188188188187766e-01    2.317018491129503142e-06    1.000000000000000036e-10
2.991141141141140936e-01    2.269572129893641207e-06    1.000000000000000036e-10
2.994094094094094105e-01    2.219266761795505917e-06    1.000000000000000036e-10
2.997047047047046719e-01    2.166104028264644540e-06    1.000000000000000036e-10
2.999999999999999889e-01    2.110129284322429292e-06    1.000000000000000036e-10
