5.000000000000000104e-03    9.997552877770151669e-01    1.000000000000000036e-10
6.482412060301507607e-03    1.000029195090062606e+00    1.000000000000000036e-10
7.964824120603015978e-03    1.000042971799269154e+00    1.000000000000000036e-10
9.447236180904521746e-03    9.999589624418077083e-01    1.000000000000000036e-10
1.092964824120603098e-02    9.899297430458354752e-01    1.000000000000000036e-10
1.241206030150753675e-02    9.750175752517733496e-01    1.000000000000000036e-10
1.389447236180904599e-02    9.520846079423900266e-01    1.000000000000000036e-10
1.537688442211055176e-02    9.142286652742828146e-01    1.000000000000000036e-10
1.685929648241206100e-02    8.492142688998042255e-01    1.000000000000000036e-10
1.834170854271356677e-02    7.409242297835880731e-01    1.000000000000000036e-10
1.982412060301507600e-02    5.741454068612052986e-01    1.000000000000000036e-10
2.130653266331658177e-02    3.595136481679138130e-01    1.000000000000000036e-10
2.278894472361809101e-02    1.594093288396966346e-01    1.000000000000000036e-10
2.427135678391960025e-02    4.034981502613272514e-02    1.000000000000000036e-10
2.575376884422110602e-02    4.473112567391645394e-03    1.000000000000000036e-10
2.723618090452261178e-02    1.096658994191799380e-02    1.000000000000000036e-10
2.871859296482412102e-02    2.640009759060895148e-02    1.000000000000000036e-10
3.020100502512563026e-02    3.611045085333877691e-02    1.000000000000000036e-10
3.168341708542713603e-02    3.705375151913530007e-02    1.000000000000000036e-10
3.316582914572863833e-02    3.112976047275872737e-02    1.000000000000000036e-10
3.464824120603014757e-02    2.186010570521587301e-02    1.000000000000000036e-10
3.613065326633165680e-02    1.255954063844324196e-02    1.000000000000000036e-10
3.761306532663315910e-02    5.492872143444593215e-03    1.000000000000000036e-10
3.909547738693466834e-02    1.579318059217023123e-03    1.000000000000000036e-10
4.057788944723617758e-02    5.559616845947804942e-04    1.000000000000000036e-10
4.206030150753768682e-02    1.457767472938705997e-03    1.000000000000000036e-10
4.354271356783919605e-02    3.136154987519246869e-03    1.000000000000000036e-10
4.502512562814069835e-02    4.644560881693271179e-03    1.000000000000000036e-10
4.650753768844220759e-02    5.429053373868689136e-03    1.000000000000000036e-10
4.798994974874371683e-02    5.333523106954451108e-03    1.000000000000000036e-10
4.947236180904521913e-02    4.507859055054420569e-03    1.000000000000000036e-10
5.095477386934672837e-02    3.277339239284758447e-03    1.000000000000000036e-10
5.243718592964823760e-02    1.997019611384821293e-03    1.000000000000000036e-10
5.391959798994974684e-02    9.530310075709552730e-04    1.000000000000000036e-10
5.540201005025125608e-02    3.081949325876443403e-04    1.000000000000000036e-10
5.688442211055275838e-02    8.785332597541343797e-05    1.000000000000000036e-10
5.836683417085426762e-02    2.142698327812853423e-04    1.000000000000000036e-10
5.984924623115577685e-02    5.422972482333189527e-04    1.000000000000000036e-10
6.133165829145727915e-02    9.184495423979958766e-04    1.000000000000000036e-10
6.281407035175878839e-02    1.211064650429380255e-03    1.000000000000000036e-10
6.429648241206030457e-02    1.345589784451443373e-03    1.000000000000000036e-10
6.577889447236180687e-02    1.295754957200508182e-03    1.000000000000000036e-10
6.726130653266332304e-02    1.090985060161883333e-03    1.000000000000000036e-10
6.874371859296482534e-02    7.963038880637981131e-04    1.000000000000000036e-10
7.022613065326632764e-02    4.880717622530536689e-04    1.000000000000000036e-10
7.170854271356784382e-02    2.321155524609598423e-04    1.000000000000000036e-10
7.319095477386934612e-02    7.803764795496181928e-05    1.000000000000000036e-10
7.467336683417086229e-02    4.040608928318764013e-05    1.000000000000000036e-10
7.615577889447236459e-02    1.054312250338188640e-04    1.000000000000000036e-10
7.763819095477386689e-02    2.347854365884220404e-04    1.000000000000000036e-10
7.912060301507538307e-02    3.809141302871041769e-04    1.000000000000000036e-10
8.060301507537688537e-02    4.945822083634439327e-04    1.000000000000000036e-10
8.208542713567840154e-02    5.487769732776785628e-04    1.000000000000000036e-10
8.356783919597990384e-02    5.277791138800202444e-04    1.000000000000000036e-10
8.505025125628140614e-02    4.416082970560320799e-04    1.000000000000000036e-10
8.653266331658292232e-02    3.187740185509785372e-04    1.000000000000000036e-10
8.801507537688442462e-02    1.912053777783103803e-04    1.000000000000000036e-10
8.949748743718592692e-02    9.008916168380014852e-05    1.000000000000000036e-10
9.097989949748744309e-02    3.482421245263717216e-05    1.000000000000000036e-10
9.246231155778894539e-02    3.193240812942804512e-05    1.000000000000000036e-10
9.394472361809044769e-02    7.174207450417799240e-05    1.000000000000000036e-10
9.542713567839196387e-02    1.343249438629253280e-04    1.000000000000000036e-10
9.690954773869346617e-02    1.983385331618600905e-04    1.000000000000000036e-10
9.839195979899498234e-02    2.425969603072817529e-04    1.000000000000000036e-10
9.987437185929648464e-02    2.538023201788816379e-04    1.000000000000000036e-10
1.013567839195979869e-01    2.347524212459247436e-04    1.000000000000000036e-10
1.028391959798995031e-01    1.885524650925709622e-04    1.000000000000000036e-10
1.043216080402010054e-01    1.287894248063943016e-04    1.000000000000000036e-10
1.058040201005025216e-01    7.283639912315839746e-05    1.000000000000000036e-10
1.072864321608040239e-01    3.218394765275827400e-05    1.000000000000000036e-10
1.087688442211055262e-01    1.314669871717252553e-05    1.000000000000000036e-10
1.102512562814070424e-01    1.691993253979021564e-05    1.000000000000000036e-10
1.117336683417085447e-01    3.670403210623569265e-05    1.000000000000000036e-10
1.132160804020100470e-01    6.504296056094083819e-05    1.000000000000000036e-10
1.146984924623115631e-01    9.290647745564673660e-05    1.000000000000000036e-10
1.161809045226130654e-01    1.103825513021920772e-04    1.000000000000000036e-10
1.176633165829145677e-01    1.144685624968872195e-04    1.000000000000000036e-10
1.191457286432160839e-01    1.042159907573633347e-04    1.000000000000000036e-10
1.206281407035175862e-01    8.476977270337891681e-05    1.000000000000000036e-10
1.221105527638191024e-01    5.900171088813356280e-05    1.000000000000000036e-10
1.235929648241206047e-01    3.450662070515440747e-05    1.000000000000000036e-10
1.250753768844221070e-01    1.579438469828542226e-05    1.000000000000000036e-10
1.265577889447236093e-01    6.424823311337007571e-06    1.000000000000000036e-10
1.280402010050251116e-01    7.200217840208731394e-06    1.000000000000000036e-10
1.295226130653266416e-01    1.662425846704297720e-05    1.000000000000000036e-10
1.310050251256281439e-01    3.148452422624836049e-05    1.000000000000000036e-10
1.324874371859296462e-01    4.565262350181947240e-05    1.000000000000000036e-10
1.339698492462311485e-01    5.791637159184462818e-05    1.000000000000000036e-10
1.354522613065326508e-01    6.353655475129993337e-05    1.000000000000000036e-10
1.369346733668341809e-01    6.016636457751168009e-05    1.000000000000000036e-10
1.384170854271356832e-01    5.178485841299046086e-05    1.000000000000000036e-10
1.398994974874371855e-01    3.889776519405857850e-05    1.000000000000000036e-10
1.413819095477386878e-01    2.436769312570264518e-05    1.000000000000000036e-10
1.428643216080401901e-01    1.196583334846674407e-05    1.000000000000000036e-10
1.443467336683417201e-01    5.988080578115360761e-06    1.000000000000000036e-10
1.458291457286432224e-01    6.134401022853886907e-06    1.000000000000000036e-10
1.473115577889447247e-01    1.222720660447827486e-05    1.000000000000000036e-10
1.487939698492462270e-01    2.114220796543432438e-05    1.000000000000000036e-10
1.502763819095477293e-01    3.158436405050729076e-05    1.000000000000000036e-10
1.517587939698492594e-01    3.827338426050137939e-05    1.000000000000000036e-10
1.532412060301507617e-01    4.226338447223653702e-05    1.000000000000000036e-10
1.547236180904522640e-01    4.037885803652117980e-05    1.000000000000000036e-10
1.562060301507537663e-01    3.365761427027571742e-05    1.000000000000000036e-10
1.576884422110552686e-01    2.435449936261682670e-05    1.000000000000000036e-10
1.591708542713567986e-01    1.444616960779470435e-05    1.000000000000000036e-10
1.606532663316583009e-01    8.362028615080008913e-06    1.000000000000000036e-10
1.621356783919598032e-01    4.229109493398179504e-06    1.000000000000000036e-10
1.636180904522613055e-01    4.770706521323886084e-06    1.000000000000000036e-10
1.651005025125628078e-01    8.707205550322519075e-06    1.000000000000000036e-10
1.665829145728643101e-01    1.309554171702221328e-05    1.000000000000000036e-10
1.680653266331658402e-01    1.964276615401539910e-05    1.000000000000000036e-10
1.695477386934673425e-01    2.453088665863326103e-05    1.000000000000000036e-10
1.710301507537688448e-01    2.641647386926612528e-05    1.000000000000000036e-10
1.725125628140703471e-01    2.216315412393473597e-05    1.000000000000000036e-10
1.739949748743718494e-01    1.812604363402228402e-05    1.000000000000000036e-10
1.754773869346733794e-01    1.372326170891260005e-05    1.000000000000000036e-10
1.769597989949748817e-01    7.728955000281554022e-06    1.000000000000000036e-10
1.784422110552763840e-01    4.872350406287606670e-06    1.000000000000000036e-10
1.799246231155778863e-01    2.990633993311018393e-06    1.000000000000000036e-10
1.814070351758793886e-01    3.079882754340063670e-06    1.000000000000000036e-10
1.828894472361808909e-01    4.287053674495201173e-06    1.000000000000000036e-10
1.843718592964824210e-01    8.470363421660204176e-06    1.000000000000000036e-10
1.858542713567839233e-01    1.191160005056289785e-05    1.000000000000000036e-10
1.873366834170854256e-01    1.343961608156290615e-05    1.000000000000000036e-10
1.888190954773869279e-01    1.255747811779143346e-05    1.000000000000000036e-10
1.903015075376884302e-01    1.476735991347497374e-05    1.000000000000000036e-10
1.917839195979899602e-01    1.219588359851823889e-05    1.000000000000000036e-10
1.932663316582914625e-01    1.114007785998824405e-05    1.000000000000000036e-10
1.947487437185929648e-01    7.621213008079907125e-06    1.000000000000000036e-10
1.962311557788944671e-01    3.523168388770962709e-06    1.000000000000000036e-10
1.977135678391959694e-01    2.718645538957690942e-06    1.000000000000000036e-10
1.991959798994974995e-01    1.921985926424879732e-06    1.000000000000000036e-10
2.006783919597990018e-01    4.146640970241706355e-06    1.000000000000000036e-10
2.021608040201005041e-01    6.774729543944290785e-06    1.000000000000000036e-10
2.036432160804020064e-01    8.837812219740673423e-06    1.000000000000000036e-10
2.051256281407035087e-01    1.120844618528738499e-05    1.000000000000000036e-10
2.066080402010050387e-01    8.920796966313097683e-06    1.000000000000000036e-10
2.080904522613065410e-01    1.263777077404557081e-05    1.000000000000000036e-10
2.095728643216080433e-01    7.153946661362090475e-06    1.000000000000000036e-10
2.110552763819095456e-01    6.142177642115384769e-06    1.000000000000000036e-10
2.125376884422110479e-01    5.568478641156912057e-06    1.000000000000000036e-10
2.140201005025125502e-01    2.982312405456372687e-06    1.000000000000000036e-10
2.155025125628140803e-01    1.494199998968839903e-06    1.000000000000000036e-10
2.169849246231155826e-01    2.479022913703533607e-06    1.000000000000000036e-10
2.184673366834170849e-01    3.288205123063420081e-06    1.000000000000000036e-10
2.199497487437185872e-01    5.929951972633398352e-06    1.000000000000000036e-10
2.214321608040200895e-01    -4.135742552801172301e-07    1.000000000000000036e-10
2.229145728643216195e-01    9.146438702416159356e-06    1.000000000000000036e-10
2.243969849246231218e-01    6.713304903126480077e-06    1.000000000000000036e-10
2.258793969849246241e-01    7.079908561776711214e-06    1.000000000000000036e-10
2.273618090452261264e-01    7.405179216653081720e-06    1.000000000000000036e-10
2.288442211055276287e-01    1.026691633736289283e-05    1.000000000000000036e-10
2.303266331658291310e-01    5.090594195711555350e-06    1.000000000000000036e-10
2.318090452261306611e-01    2.544919836355133745e-06    1.000000000000000036e-10
2.332914572864321634e-01    2.105448174395758612e-06    1.000000000000000036e-10
2.347738693467336657e-01    5.570460229654830911e-07    1.000000000000000036e-10
2.362562814070351680e-01    7.761215182074438662e-07    1.000000000000000036e-10
2.377386934673366703e-01    8.992818448566838375e-07    1.000000000000000036e-10
2.392211055276382003e-01    5.263597783224398504e-06    1.000000000000000036e-10
2.407035175879397026e-01    -1.324199556633534524e-06    1.000000000000000036e-10
2.421859296482412049e-01    2.527998589366562027e-06    1.000000000000000036e-10
2.436683417085427072e-01    4.207354612878470409e-06    1.000000000000000036e-10
2.451507537688442095e-01    5.283343048028156406e-06    1.000000000000000036e-10
2.466331658291457396e-01    2.090075291973113752e-06    1.000000000000000036e-10
2.481155778894472419e-01    7.882296551204593386e-07    1.000000000000000036e-10
2.495979899497487442e-01    -7.260769265990018680e-07    1.000000000000000036e-10
2.510804020100502187e-01    1.770113854695674159e-06    1.000000000000000036e-10
2.525628140703517488e-01    1.686896456904790595e-06    1.000000000000000036e-10
2.540452261306532789e-01    3.527439301077887689e-06    1.000000000000000036e-10
2.555276381909547534e-01    1.559673371773278760e-06    1.000000000000000036e-10
2.570100502512562834e-01    4.092661831211865743e-07    1.000000000000000036e-10
2.584924623115578135e-01    1.408480258442185234e-05    1.000000000000000036e-10
2.599748743718592880e-01    8.481614861171167408e-08    1.000000000000000036e-10
2.614572864321608181e-01    -8.426145836294456954e-06    1.000000000000000036e-10
2.629396984924622926e-01    -3.530923745409581506e-06    1.000000000000000036e-10
2.644221105527638227e-01    3.632323434744844377e-06    1.000000000000000036e-10
2.659045226130652972e-01    -4.974516206624369267e-06    1.000000000000000036e-10
2.673869346733668273e-01    -2.660908971706795044e-06    1.000000000000000036e-10
2.688693467336683574e-01    1.866835248974611806e-06    1.000000000000000036e-10
2.703517587939698319e-01    2.650354857828981089e-06    1.000000000000000036e-10
2.718341708542713620e-01    -3.668607889867587517e-07    1.000000000000000036e-10
2.733165829145728365e-01    -3.641253021332143984e-06    1.000000000000000036e-10
2.747989949748743665e-01    3.323116445685792009e-06    1.000000000000000036e-10
2.762814070351758966e-01    1.108787310265439840e-05    1.000000000000000036e-10
2.777638190954773711e-01    1.136667802617244115e-05    1.000000000000000036e-10
2.792462311557789012e-01    -1.342878245558160041e-06    1.000000000000000036e-10
2.807286432160803757e-01    -2.231719349810901430e-06    1.000000000000000036e-10
2.822110552763819058e-01    1.623629081783875566e-05    1.000000000000000036e-10
2.836934673366834359e-01    2.414432895711283762e-06    1.000000000000000036e-10
2.851758793969849104e-01    1.184055949778488075e-06    1.000000000000000036e-10
2.866582914572864405e-01    2.953443320675838253e-06    1.000000000000000036e-10
2.881407035175879150e-01    1.429037999325468350e-05    1.000000000000000036e-10
2.896231155778894450e-01    2.564441019830631633e-06    1.000000000000000036e-10
2.911055276381909751e-01    -7.679001803624766799e-06    1.000000000000000036e-10
2.925879396984924496e-01    3.161303346800709754e-06    1.000000000000000036e-10
2.940703517587939797e-01    7.902128331039876273e-06    1.000000000000000036e-10
2.955527638190954542e-01    9.347312570851733053e-06    1.000000000000000036e-10
2.970351758793969843e-01    -2.513567450768367049e-05    1.000000000000000036e-10
2.985175879396985144e-01    2.465328570768816669e-06    1.000000000000000036e-10
2.999999999999999889e-01    -1.027708561156922545e-05    1.000000000000000036e-10
