5.000000000000000104e-03    9.999564168597360192e-01    1.000000000000000036e-10
5.295295295295295371e-03    9.999564168597357972e-01    1.000000000000000036e-10
5.590590590590590638e-03    9.999564168597355751e-01    1.000000000000000036e-10
5.885885885885885904e-03    9.999564168597362412e-01    1.000000000000000036e-10
6.181181181181181171e-03    9.999564168597359082e-01    1.000000000000000036e-10
6.476476476476476438e-03    9.999564168597359082e-01    1.000000000000000036e-10
6.771771771771771704e-03    9.999564168597361302e-01    1.000000000000000036e-10
7.067067067067066971e-03    9.999564168597357972e-01    1.000000000000000036e-10
7.362362362362362238e-03    9.999564168597359082e-01    1.000000000000000036e-10
7.657657657657657505e-03    9.999564168597362412e-01    1.000000000000000036e-10
7.952952952952951904e-03    9.999564168597357972e-01    1.000000000000000036e-10
8.248248248248248038e-03    9.999564168597360192e-01    1.000000000000000036e-10
8.543543543543544172e-03    9.999564168597364633e-01    1.000000000000000036e-10
8.838838838838838571e-03    9.999564168597356861e-01    1.000000000000000036e-10
9.134134134134132971e-03    9.999564168597361302e-01    1.000000000000000036e-10
9.429429429429429105e-03    9.999564168597347980e-01    1.000000000000000036e-10
9.724724724724725239e-03    9.999564168506285267e-01    1.000000000000000036e-10
1.002002002002001964e-02    9.925207037822854073e-01    1.000000000000000036e-10
1.031531531531531404e-02    8.000078598431885624e-01    1.000000000000000036e-10
1.061061061061061017e-02    7.303169096768435953e-01    1.000000000000000036e-10
1.090590590590590631e-02    7.057400814866306993e-01    1.000000000000000036e-10
1.120120120120120071e-02    6.898748289527775190e-01    1.000000000000000036e-10
1.149649649649649510e-02    6.761832016196559492e-01    1.000000000000000036e-10
1.179179179179179124e-02    6.626217772722828858e-01    1.000000000000000036e-10
1.208708708708708737e-02    6.484101160634235805e-01    1.000000000000000036e-10
1.238238238238238177e-02    6.332209004835813726e-01    1.000000000000000036e-10
1.267767767767767617e-02    6.169182399755236412e-01    1.000000000000000036e-10
1.297297297297297231e-02    5.994603239892739577e-01    1.000000000000000036e-10
1.326826826826826844e-02    5.808603963806260317e-01    1.000000000000000036e-10
1.356356356356356457e-02    5.611708435900830683e-01    1.000000000000000036e-10
1.385885885885885724e-02    5.404770186590812653e-01    1.000000000000000036e-10
1.415415415415415337e-02    5.188950936837861683e-01    1.000000000000000036e-10
1.444944944944944951e-02    4.965712052411533350e-01    1.000000000000000036e-10
1.474474474474474564e-02    4.736804141845773475e-01    1.000000000000000036e-10
1.504004004004003830e-02    4.504246001542952516e-01    1.000000000000000036e-10
1.533533533533533444e-02    4.270287638619904569e-01    1.000000000000000036e-10
1.563063063063063057e-02    4.037354862290549740e-01    1.000000000000000036e-10
1.592592592592592671e-02    3.807975584093128973e-01    1.000000000000000036e-10
1.622122122122121937e-02    3.584690635112235402e-01    1.000000000000000036e-10
1.651651651651651551e-02    3.369954415956885052e-01    1.000000000000000036e-10
1.681181181181181164e-02    3.166032703029696416e-01    1.000000000000000036e-10
1.710710710710710777e-02    2.974906068178073126e-01    1.000000000000000036e-10
1.740240240240240044e-02    2.798187353248333120e-01    1.000000000000000036e-10
1.769769769769769657e-02    2.637060401509184748e-01    1.000000000000000036e-10
1.799299299299299271e-02    2.492244959518062075e-01    1.000000000000000036e-10
1.828828828828828884e-02    2.363989718693335074e-01    1.000000000000000036e-10
1.858358358358358151e-02    2.252092392267429355e-01    1.000000000000000036e-10
1.887887887887887764e-02    2.155943032684436156e-01    1.000000000000000036e-10
1.917417417417417377e-02    2.074584887243543785e-01    1.000000000000000036e-10
1.946946946946946991e-02    2.006786153294927988e-01    1.000000000000000036e-10
1.976476476476476257e-02    1.951116015943044624e-01    1.000000000000000036e-10
2.006006006006005871e-02    1.906019142369398955e-01    1.000000000000000036e-10
2.035535535535535484e-02    1.869884094177338973e-01    1.000000000000000036e-10
2.065065065065065097e-02    1.841102605507510259e-01    1.000000000000000036e-10
2.094594594594594364e-02    1.818118118999705879e-01    1.000000000000000036e-10
2.124124124124123977e-02    1.799463200954407038e-01    1.000000000000000036e-10
2.153653653653653591e-02    1.783786386605968888e-01    1.000000000000000036e-10
2.183183183183183204e-02    1.769869617744045387e-01    1.000000000000000036e-10
2.212712712712712818e-02    1.756637762802517322e-01    1.000000000000000036e-10
2.242242242242242084e-02    1.743161806462817931e-01    1.000000000000000036e-10
2.271771771771771697e-02    1.728657231890505797e-01    1.000000000000000036e-10
2.301301301301301311e-02    1.712478952427498313e-01    1.000000000000000036e-10
2.330830830830830577e-02    1.694113931159111630e-01    1.000000000000000036e-10
2.360360360360360191e-02    1.673172393346301634e-01    1.000000000000000036e-10
2.389889889889889804e-02    1.649378315189044819e-01    1.000000000000000036e-10
2.419419419419419418e-02    1.622559672404230435e-01    1.000000000000000036e-10
2.448948948948949031e-02    1.592638767346079565e-01    1.000000000000000036e-10
2.478478478478478297e-02    1.559622818396653177e-01    1.000000000000000036e-10
2.508008008008007911e-02    1.523594895705318863e-01    1.000000000000000036e-10
2.537537537537537524e-02    1.484705214061841361e-01    1.000000000000000036e-10
2.567067067067066791e-02    1.443162746730299872e-01    1.000000000000000036e-10
2.596596596596596404e-02    1.399227098023200222e-01    1.000000000000000036e-10
2.626126126126126017e-02    1.353200563191628014e-01    1.000000000000000036e-10
2.655655655655655631e-02    1.305420309558248948e-01    1.000000000000000036e-10
2.685185185185185244e-02    1.256250628695639859e-01    1.000000000000000036e-10
2.714714714714714511e-02    1.206075232291301952e-01    1.000000000000000036e-10
2.744244244244244124e-02    1.155289593514859381e-01    1.000000000000000036e-10
2.773773773773773738e-02    1.104293365908718266e-01    1.000000000000000036e-10
2.803303303303303004e-02    1.053482942223575303e-01    1.000000000000000036e-10
2.832832832832832617e-02    1.003244243178268713e-01    1.000000000000000036e-10
2.862362362362362231e-02    9.539458484683080441e-02    1.000000000000000036e-10
2.891891891891891844e-02    9.059325978240816146e-02    1.000000000000000036e-10
2.921421421421421458e-02    8.595197971083338995e-02    1.000000000000000036e-10
2.950950950950950724e-02    8.149881622836875616e-02    1.000000000000000036e-10
2.980480480480480338e-02    7.725796221843980738e-02    1.000000000000000036e-10
3.010010010010009951e-02    7.324940825121885324e-02    1.000000000000000036e-10
3.039539539539539217e-02    6.948872229747854457e-02    1.000000000000000036e-10
3.069069069069068831e-02    6.598693700662777717e-02    1.000000000000000036e-10
3.098598598598598444e-02    6.275054479282217434e-02    1.000000000000000036e-10
3.128128128128127711e-02    5.978159750128445027e-02    1.000000000000000036e-10
3.157657657657657324e-02    5.707790380078172493e-02    1.000000000000000036e-10
3.187187187187186937e-02    5.463331425490819404e-02    1.000000000000000036e-10
3.216716716716716551e-02    5.243808150621498410e-02    1.000000000000000036e-10
3.246246246246246164e-02    5.047928111615550967e-02    1.000000000000000036e-10
3.275775775775775084e-02    4.874127749973045792e-02    1.000000000000000036e-10
3.305305305305304697e-02    4.720621905824300135e-02    1.000000000000000036e-10
3.334834834834834311e-02    4.585454699033483794e-02    1.000000000000000036e-10
3.364364364364363924e-02    4.466550328324042640e-02    1.000000000000000036e-10
3.393893893893893537e-02    4.361762483917563937e-02    1.000000000000000036e-10
3.423423423423423151e-02    4.268921254442194224e-02    1.000000000000000036e-10
3.452952952952952764e-02    4.185876613732429641e-02    1.000000000000000036e-10
3.482482482482482378e-02    4.110537781842941302e-02    1.000000000000000036e-10
3.512012012012011297e-02    4.040907958740519446e-02    1.000000000000000036e-10
3.541541541541540911e-02    3.975114127048096080e-02    1.000000000000000036e-10
3.571071071071070524e-02    3.911431779510981394e-02    1.000000000000000036e-10
3.600600600600600137e-02    3.848304585057358423e-02    1.000000000000000036e-10
3.630130130130129751e-02    3.784359120423953782e-02    1.000000000000000036e-10
3.659659659659659364e-02    3.718414887430360194e-02    1.000000000000000036e-10
3.689189189189188284e-02    3.649489908713280523e-02    1.000000000000000036e-10
3.718718718718717897e-02    3.576802241900706170e-02    1.000000000000000036e-10
3.748248248248247511e-02    3.499767781566387459e-02    1.000000000000000036e-10
3.777777777777777124e-02    3.417994734695765924e-02    1.000000000000000036e-10
3.807307307307306737e-02    3.331275160411314995e-02    1.000000000000000036e-10
3.836836836836836351e-02    3.239573962183792816e-02    1.000000000000000036e-10
3.866366366366365964e-02    3.143015713988852461e-02    1.000000000000000036e-10
3.895895895895895578e-02    3.041869690187400110e-02    1.000000000000000036e-10
3.925425425425425191e-02    2.936533458232723492e-02    1.000000000000000036e-10
3.954954954954954111e-02    2.827515383947420621e-02    1.000000000000000036e-10
3.984484484484483724e-02    2.715416387549685062e-02    1.000000000000000036e-10
4.014014014014013337e-02    2.600911271283489618e-02    1.000000000000000036e-10
4.043543543543542951e-02    2.484729941080044899e-02    1.000000000000000036e-10
4.073073073073072564e-02    2.367638821489401885e-02    1.000000000000000036e-10
4.102602602602602178e-02    2.250422756118831621e-02    1.000000000000000036e-10
4.132132132132131791e-02    2.133867669088322649e-02    1.000000000000000036e-10
4.161661661661660710e-02    2.018744243676989097e-02    1.000000000000000036e-10
4.191191191191190324e-02    1.905792854480132040e-02    1.000000000000000036e-10
4.220720720720719937e-02    1.795709959069046943e-02    1.000000000000000036e-10
4.250250250250249551e-02    1.689136131350556236e-02    1.000000000000000036e-10
4.279779779779779164e-02    1.586645879760346933e-02    1.000000000000000036e-10
4.309309309309308778e-02    1.488739357320740912e-02    1.000000000000000036e-10
4.338838838838838391e-02    1.395836032210339729e-02    1.000000000000000036e-10
4.368368368368368004e-02    1.308270346262229919e-02    1.000000000000000036e-10
4.397897897897897618e-02    1.226289345014357560e-02    1.000000000000000036e-10
4.427427427427426537e-02    1.150052223561137850e-02    1.000000000000000036e-10
4.456956956956956151e-02    1.079631693623910905e-02    1.000000000000000036e-10
4.486486486486485764e-02    1.015017041662108661e-02    1.000000000000000036e-10
4.516016016016015377e-02    9.561187168247697529e-03    1.000000000000000036e-10
4.545545545545544991e-02    9.027742617806073719e-03    1.000000000000000036e-10
4.575075075075074604e-02    8.547553795802900409e-03    1.000000000000000036e-10
4.604604604604604218e-02    8.117759160581944008e-03    1.000000000000000036e-10
4.634134134134133137e-02    7.735005298726918728e-03    1.000000000000000036e-10
4.663663663663662751e-02    7.395538213970406609e-03    1.000000000000000036e-10
4.693193193193192364e-02    7.095296969978530724e-03    1.000000000000000036e-10
4.722722722722721977e-02    6.830007538960837683e-03    1.000000000000000036e-10
4.752252252252251591e-02    6.595274860081569261e-03    1.000000000000000036e-10
4.781781781781781204e-02    6.386671303313874032e-03    1.000000000000000036e-10
4.811311311311310818e-02    6.199819936703669133e-03    1.000000000000000036e-10
4.840840840840840431e-02    6.030471218463826812e-03    1.000000000000000036e-10
4.870370370370370044e-02    5.874572016668628931e-03    1.000000000000000036e-10
4.899899899899898964e-02    5.728326033624985339e-03    1.000000000000000036e-10
4.929429429429428577e-02    5.588245065417999508e-03    1.000000000000000036e-10
4.958958958958958191e-02    5.451190640506552165e-03    1.000000000000000036e-10
4.988488488488487804e-02    5.314405925647113123e-03    1.000000000000000036e-10
5.018018018018017418e-02    5.175537888948379336e-03    1.000000000000000036e-10
5.047547547547547031e-02    5.032650008657092028e-03    1.000000000000000036e-10
5.077077077077076644e-02    4.884225846489932688e-03    1.000000000000000036e-10
5.106606606606605564e-02    4.729164146382372480e-03    1.000000000000000036e-10
5.136136136136135177e-02    4.566766001172541112e-03    1.000000000000000036e-10
5.165665665665664791e-02    4.396714974939396926e-03    1.000000000000000036e-10
5.195195195195194404e-02    4.219050995509154509e-03    1.000000000000000036e-10
5.224724724724724018e-02    4.034138915570796742e-03    1.000000000000000036e-10
5.254254254254253631e-02    3.842632754541936650e-03    1.000000000000000036e-10
5.283783783783783244e-02    3.645436585773517962e-03    1.000000000000000036e-10
5.313313313313312858e-02    3.443663045224910641e-03    1.000000000000000036e-10
5.342842842842842471e-02    3.238590454568322178e-03    1.000000000000000036e-10
5.372372372372371391e-02    3.031619502800082539e-03    1.000000000000000036e-10
5.401901901901901004e-02    2.824230383082558353e-03    1.000000000000000036e-10
5.431431431431430618e-02    2.617941226673677589e-03    1.000000000000000036e-10
5.460960960960960231e-02    2.414268603709502324e-03    1.000000000000000036e-10
5.490490490490489844e-02    2.214690777887214339e-03    1.000000000000000036e-10
5.520020020020019458e-02    2.020614308782184721e-03    1.000000000000000036e-10
5.549549549549549071e-02    1.833344495494004757e-03    1.000000000000000036e-10
5.579079079079077991e-02    1.654060050433420193e-03    1.000000000000000036e-10
5.608608608608607604e-02    1.483792283517690064e-03    1.000000000000000036e-10
5.638138138138137218e-02    1.323408967517152859e-03    1.000000000000000036e-10
5.667667667667666831e-02    1.173602947098207087e-03    1.000000000000000036e-10
5.697197197197196444e-02    1.034885449480960626e-03    1.000000000000000036e-10
5.726726726726726058e-02    9.075839555668946011e-04    1.000000000000000036e-10
5.756256256256255671e-02    7.918443986369270602e-04    1.000000000000000036e-10
5.785785785785785285e-02    6.876373782924364957e-04    1.000000000000000036e-10
5.815315315315314898e-02    5.947680045719370891e-04    1.000000000000000036e-10
5.844844844844843817e-02    5.128889284590862786e-04    1.000000000000000036e-10
5.874374374374373431e-02    4.415160695903762463e-04    1.000000000000000036e-10
5.903903903903903044e-02    3.800465188005823416e-04    1.000000000000000036e-10
5.933433433433432658e-02    3.277780741194852125e-04    1.000000000000000036e-10
5.962962962962962271e-02    2.839298723552386491e-04    1.000000000000000036e-10
5.992492492492491885e-02    2.476635691708005686e-04    1.000000000000000036e-10
6.022022022022021498e-02    2.181045464372672585e-04    1.000000000000000036e-10
6.051551551551550417e-02    1.943626621180459448e-04    1.000000000000000036e-10
6.081081081081080031e-02    1.755520899031260025e-04    1.000000000000000036e-10
6.110610610610609644e-02    1.608098361480210319e-04    1.000000000000000036e-10
6.140140140140139258e-02    1.493125966770643615e-04    1.000000000000000036e-10
6.169669669669668871e-02    1.402916408379660149e-04    1.000000000000000036e-10
6.199199199199198485e-02    1.330455031739773760e-04    1.000000000000000036e-10
6.228728728728728098e-02    1.269503194311847596e-04    1.000000000000000036e-10
6.258258258258257711e-02    1.214676653758416444e-04    1.000000000000000036e-10
6.287787787787788019e-02    1.161499140574056004e-04    1.000000000000000036e-10
6.317317317317316938e-02    1.106430525895859022e-04    1.000000000000000036e-10
6.346846846846845858e-02    1.046871041472761124e-04    1.000000000000000036e-10
6.376376376376376165e-02    9.811421141104267342e-05    1.000000000000000036e-10
6.405905905905905084e-02    9.084460745928525204e-05    1.000000000000000036e-10
6.435435435435435392e-02    8.288063278026046061e-05    1.000000000000000036e-10
6.464964964964964311e-02    7.429909124852921462e-05    1.000000000000000036e-10
6.494494494494494619e-02    6.524216190759052109e-05    1.000000000000000036e-10
6.524024024024023538e-02    5.590721318063121380e-05    1.000000000000000036e-10
6.553553553553552458e-02    4.653576399053325899e-05    1.000000000000000036e-10
6.583083083083082765e-02    3.740194857721914316e-05    1.000000000000000036e-10
6.612612612612611684e-02    2.880075525936392860e-05    1.000000000000000036e-10
6.642142142142141992e-02    2.103635364994907054e-05    1.000000000000000036e-10
6.671671671671670911e-02    1.441078593125372623e-05    1.000000000000000036e-10
6.701201201201201219e-02    9.213284656845056587e-06    1.000000000000000036e-10
6.730730730730730138e-02    5.710453965933584026e-06    1.000000000000000036e-10
6.760260260260260445e-02    4.137511893539441013e-06    1.000000000000000036e-10
6.789789789789789365e-02    4.690780193929347277e-06    1.000000000000000036e-10
6.819319319319319672e-02    7.521547699127438886e-06    1.000000000000000036e-10
6.848848848848848592e-02    1.273140125745355098e-05    1.000000000000000036e-10
6.878378378378377511e-02    2.036909431758461363e-05    1.000000000000000036e-10
6.907907907907907819e-02    3.042897222683095055e-05    1.000000000000000036e-10
6.937437437437436738e-02    4.285093029585760590e-05    1.000000000000000036e-10
6.966966966966967045e-02    5.752185425436281816e-05    1.000000000000000036e-10
6.996496496496495965e-02    7.427845932842926471e-05    1.000000000000000036e-10
7.026026026026026272e-02    9.291141300006380030e-05    1.000000000000000036e-10
7.055555555555555192e-02    1.131705927185308071e-04    1.000000000000000036e-10
7.085085085085085499e-02    1.347713156031197840e-04    1.000000000000000036e-10
7.114614614614614418e-02    1.574013575502088884e-04    1.000000000000000036e-10
7.144144144144143338e-02    1.807285660141016179e-04    1.000000000000000036e-10
7.173673673673673645e-02    2.044088630587133349e-04    1.000000000000000036e-10
7.203203203203202565e-02    2.280944320835274607e-04    1.000000000000000036e-10
7.232732732732732872e-02    2.514418833873538072e-04    1.000000000000000036e-10
7.262262262262261792e-02    2.741202011225338134e-04    1.000000000000000036e-10
7.291791791791792099e-02    2.958182847358261638e-04    1.000000000000000036e-10
7.321321321321321018e-02    3.162519127047888948e-04    1.000000000000000036e-10
7.350850850850851326e-02    3.351699745763616310e-04    1.000000000000000036e-10
7.380380380380380245e-02    3.523598384120813030e-04    1.000000000000000036e-10
7.409909909909909165e-02    3.676517441758921675e-04    1.000000000000000036e-10
7.439439439439439472e-02    3.809221387737845741e-04    1.000000000000000036e-10
7.468968968968968392e-02    3.920958947652648839e-04    1.000000000000000036e-10
7.498498498498498699e-02    4.011473816110829298e-04    1.000000000000000036e-10
7.528028028028027618e-02    4.081003851079860814e-04    1.000000000000000036e-10
7.557557557557557926e-02    4.130268968205163811e-04    1.000000000000000036e-10
7.587087087087086845e-02    4.160448203149379556e-04    1.000000000000000036e-10
7.616616616616615765e-02    4.173146643349842774e-04    1.000000000000000036e-10
7.646146146146146072e-02    4.170353142845029983e-04    1.000000000000000036e-10
7.675675675675674992e-02    4.154389921040746361e-04    1.000000000000000036e-10
7.705205205205205299e-02    4.127855305185870001e-04    1.000000000000000036e-10
7.734734734734734218e-02    4.093561004668965094e-04    1.000000000000000036e-10
7.764264264264264526e-02    4.054465393131366914e-04    1.000000000000000036e-10
7.793793793793793445e-02    4.013604342553087610e-04    1.000000000000000036e-10
7.823323323323322365e-02    3.974021182227015269e-04    1.000000000000000036e-10
7.852852852852852672e-02    3.938697339772787823e-04    1.000000000000000036e-10
7.882382382382381592e-02    3.910485180155034990e-04    1.000000000000000036e-10
7.911911911911911899e-02    3.892044480083596135e-04    1.000000000000000036e-10
7.941441441441440818e-02    3.885783850954046669e-04    1.000000000000000036e-10
7.970970970970971126e-02    3.893808354630961003e-04    1.000000000000000036e-10
8.000500500500500045e-02    3.917874357121630671e-04    1.000000000000000036e-10
8.030030030030030352e-02    3.959352475847801884e-04    1.000000000000000036e-10
8.059559559559559272e-02    4.019199281125287104e-04    1.000000000000000036e-10
8.089089089089088191e-02    4.097938210778395468e-04    1.000000000000000036e-10
8.118618618618618499e-02    4.195650115275862302e-04    1.000000000000000036e-10
8.148148148148147418e-02    4.311973368407855957e-04    1.000000000000000036e-10
8.177677677677677726e-02    4.446113358463738528e-04    1.000000000000000036e-10
8.207207207207206645e-02    4.596861046630718864e-04    1.000000000000000036e-10
8.236736736736736952e-02    4.762620240713157701e-04    1.000000000000000036e-10
8.266266266266265872e-02    4.941442630600683750e-04    1.000000000000000036e-10
8.295795795795796179e-02    5.131069722833182453e-04    1.000000000000000036e-10
8.325325325325325099e-02    5.328980929251619968e-04    1.000000000000000036e-10
8.354854854854854018e-02    5.532446512078689239e-04    1.000000000000000036e-10
8.384384384384384326e-02    5.738584145765575524e-04    1.000000000000000036e-10
8.413913913913913245e-02    5.944418072102992771e-04    1.000000000000000036e-10
8.443443443443443552e-02    6.146939395557739260e-04    1.000000000000000036e-10
8.472972972972972472e-02    6.343166330461800411e-04    1.000000000000000036e-10
8.502502502502502779e-02    6.530203157960685813e-04    1.000000000000000036e-10
8.532032032032031699e-02    6.705296618864343364e-04    1.000000000000000036e-10
8.561561561561560618e-02    6.865888863014088040e-04    1.000000000000000036e-10
8.591091091091090926e-02    7.009665506834023311e-04    1.000000000000000036e-10
8.620620620620619845e-02    7.134598432524977231e-04    1.000000000000000036e-10
8.650150150150150152e-02    7.238982106243048355e-04    1.000000000000000036e-10
8.679679679679679072e-02    7.321462931836000441e-04    1.000000000000000036e-10
8.709209209209209379e-02    7.381061468740312582e-04    1.000000000000000036e-10
8.738738738738738299e-02    7.417186426493877415e-04    1.000000000000000036e-10
8.768268268268267218e-02    7.429641431790631528e-04    1.000000000000000036e-10
8.797797797797797525e-02    7.418623211267083746e-04    1.000000000000000036e-10
8.827327327327326445e-02    7.384712781553117019e-04    1.000000000000000036e-10
8.856856856856856752e-02    7.328858616686978336e-04    1.000000000000000036e-10
8.886386386386385672e-02    7.252353466019424233e-04    1.000000000000000036e-10
8.915915915915915979e-02    7.156804362699806504e-04    1.000000000000000036e-10
8.945445445445444899e-02    7.044097443085431008e-04    1.000000000000000036e-10
8.974974974974975206e-02    6.916357582964216544e-04    1.000000000000000036e-10
9.004504504504504125e-02    6.775904454695149499e-04    1.000000000000000036e-10
9.034034034034033045e-02    6.625205310172929555e-04    1.000000000000000036e-10
9.063563563563563352e-02    6.466826039086113640e-04    1.000000000000000036e-10
9.093093093093092272e-02    6.303381065980661301e-04    1.000000000000000036e-10
9.122622622622622579e-02    6.137483383995090500e-04    1.000000000000000036e-10
9.152152152152151499e-02    5.971695609659618750e-04    1.000000000000000036e-10
9.181681681681681806e-02    5.808482933475519984e-04    1.000000000000000036e-10
9.211211211211210725e-02    5.650169027443401092e-04    1.000000000000000036e-10
9.240740740740741033e-02    5.498895591982961954e-04    1.000000000000000036e-10
9.270270270270269952e-02    5.356586176976400535e-04    1.000000000000000036e-10
9.299799799799798872e-02    5.224915327803763849e-04    1.000000000000000036e-10
9.329329329329329179e-02    5.105282799869920347e-04    1.000000000000000036e-10
9.358858858858858099e-02    4.998794104142231711e-04    1.000000000000000036e-10
9.388388388388388406e-02    4.906247017149037914e-04    1.000000000000000036e-10
9.417917917917917325e-02    4.828124217626147399e-04    1.000000000000000036e-10
9.447447447447447633e-02    4.764592645435852662e-04    1.000000000000000036e-10
9.476976976976976552e-02    4.715508583453458598e-04    1.000000000000000036e-10
9.506506506506505472e-02    4.680428820072525010e-04    1.000000000000000036e-10
9.536036036036035779e-02    4.658627546987658763e-04    1.000000000000000036e-10
9.565565565565564699e-02    4.649118010404723242e-04    1.000000000000000036e-10
9.595095095095095006e-02    4.650678908295399609e-04    1.000000000000000036e-10
9.624624624624623925e-02    4.661884756322030865e-04    1.000000000000000036e-10
9.654154154154154233e-02    4.681139275710164511e-04    1.000000000000000036e-10
9.683683683683683152e-02    4.706711368615058323e-04    1.000000000000000036e-10
9.713213213213212072e-02    4.736772844077404530e-04    1.000000000000000036e-10
9.742742742742742379e-02    4.769436968955650903e-04    1.000000000000000036e-10
9.772272272272271298e-02    4.802797204004734472e-04    1.000000000000000036e-10
9.801801801801801606e-02    4.834965326043650508e-04    1.000000000000000036e-10
9.831331331331330525e-02    4.864108145059320475e-04    1.000000000000000036e-10
9.860860860860860833e-02    4.888482218968620563e-04    1.000000000000000036e-10
9.890390390390389752e-02    4.906465906938098018e-04    1.000000000000000036e-10
9.919919919919920059e-02    4.916588119829676945e-04    1.000000000000000036e-10
9.949449449449448979e-02    4.917553388199313912e-04    1.000000000000000036e-10
9.978978978978977898e-02    4.908262880132670779e-04    1.000000000000000036e-10
1.000850850850850821e-01    4.887831006534996536e-04    1.000000000000000036e-10
1.003803803803803713e-01    4.855597335351837570e-04    1.000000000000000036e-10
1.006756756756756743e-01    4.811133842750541867e-04    1.000000000000000036e-10
1.009709709709709635e-01    4.754247454748369243e-04    1.000000000000000036e-10
1.012662662662662666e-01    4.684977981214298506e-04    1.000000000000000036e-10
1.015615615615615558e-01    4.603591502961894223e-04    1.000000000000000036e-10
1.018568568568568589e-01    4.510569551936509272e-04    1.000000000000000036e-10
1.021521521521521481e-01    4.406594439403461647e-04    1.000000000000000036e-10
1.024474474474474373e-01    4.292531104393432629e-04    1.000000000000000036e-10
1.027427427427427403e-01    4.169405947551511372e-04    1.000000000000000036e-10
1.030380380380380295e-01    4.038383128518963040e-04    1.000000000000000036e-10
1.033333333333333326e-01    3.900738873362522225e-04    1.000000000000000036e-10
1.036286286286286218e-01    3.757834391584746444e-04    1.000000000000000036e-10
1.039239239239239249e-01    3.611087958969208100e-04    1.000000000000000036e-10
1.042192192192192141e-01    3.461946741190022369e-04    1.000000000000000036e-10
1.045145145145145033e-01    3.311858923031211566e-04    1.000000000000000036e-10
1.048098098098098063e-01    3.162246682386134645e-04    1.000000000000000036e-10
1.051051051051050955e-01    3.014480523577606013e-04    1.000000000000000036e-10
1.054004004004003986e-01    2.869855442473131417e-04    1.000000000000000036e-10
1.056956956956956878e-01    2.729569333524475014e-04    1.000000000000000036e-10
1.059909909909909909e-01    2.594703997607168060e-04    1.000000000000000036e-10
1.062862862862862801e-01    2.466209046445522147e-04    1.000000000000000036e-10
1.065815815815815693e-01    2.344888931917097578e-04    1.000000000000000036e-10
1.068768768768768723e-01    2.231393258347148876e-04    1.000000000000000036e-10
1.071721721721721615e-01    2.126210464523553318e-04    1.000000000000000036e-10
1.074674674674674646e-01    2.029664891093591690e-04    1.000000000000000036e-10
1.077627627627627538e-01    1.941917179042091410e-04    1.000000000000000036e-10
1.080580580580580569e-01    1.862967881131002187e-04    1.000000000000000036e-10
1.083533533533533461e-01    1.792664105691032931e-04    1.000000000000000036e-10
1.086486486486486491e-01    1.730708951941456399e-04    1.000000000000000036e-10
1.089439439439439383e-01    1.676673451729453538e-04    1.000000000000000036e-10
1.092392392392392275e-01    1.630010689322608259e-04    1.000000000000000036e-10
1.095345345345345306e-01    1.590071736891276056e-04    1.000000000000000036e-10
1.098298298298298198e-01    1.556123018071259626e-04    1.000000000000000036e-10
1.101251251251251229e-01    1.527364695591601051e-04    1.000000000000000036e-10
1.104204204204204121e-01    1.502949671458330186e-04    1.000000000000000036e-10
1.107157157157157151e-01    1.482002789483625885e-04    1.000000000000000036e-10
1.110110110110110043e-01    1.463639839740876693e-04    1.000000000000000036e-10
1.113063063063063074e-01    1.446985982336518144e-04    1.000000000000000036e-10
1.116016016016015966e-01    1.431193233094923067e-04    1.000000000000000036e-10
1.118968968968968858e-01    1.415456685589692001e-04    1.000000000000000036e-10
1.121921921921921889e-01    1.399029181546681969e-04    1.000000000000000036e-10
1.124874874874874781e-01    1.381234184019860774e-04    1.000000000000000036e-10
1.127827827827827811e-01    1.361476653859608845e-04    1.000000000000000036e-10
1.130780780780780703e-01    1.339251778768401995e-04    1.000000000000000036e-10
1.133733733733733734e-01    1.314151454561905642e-04    1.000000000000000036e-10
1.136686686686686626e-01    1.285868469018572693e-04    1.000000000000000036e-10
1.139639639639639518e-01    1.254198388825501353e-04    1.000000000000000036e-10
1.142592592592592549e-01    1.219039198577833425e-04    1.000000000000000036e-10
1.145545545545545441e-01    1.180388786593803996e-04    1.000000000000000036e-10
1.148498498498498471e-01    1.138340414669362162e-04    1.000000000000000036e-10
1.151451451451451363e-01    1.093076347461414738e-04    1.000000000000000036e-10
1.154404404404404394e-01    1.044859847222003198e-04    1.000000000000000036e-10
1.157357357357357286e-01    9.940257701050276781e-05    1.000000000000000036e-10
1.160310310310310178e-01    9.409700220281703423e-05    1.000000000000000036e-10
1.163263263263263209e-01    8.861381458690010334e-05    1.000000000000000036e-10
1.166216216216216101e-01    8.300133212385059800e-05    1.000000000000000036e-10
1.169169169169169131e-01    7.731040606785723993e-05    1.000000000000000036e-10
1.172122122122122023e-01    7.159318824993906487e-05    1.000000000000000036e-10
1.175075075075075054e-01    6.590192308835812968e-05    1.000000000000000036e-10
1.178028028028027946e-01    6.028778987227659475e-05    1.000000000000000036e-10
1.180980980980980977e-01    5.479981881221327199e-05    1.000000000000000036e-10
1.183933933933933869e-01    4.948390155454454072e-05    1.000000000000000036e-10
1.186886886886886761e-01    4.438191492595719472e-05    1.000000000000000036e-10
1.189839839839839791e-01    3.953097318971254853e-05    1.000000000000000036e-10
1.192792792792792683e-01    3.496282008521770608e-05    1.000000000000000036e-10
1.195745745745745714e-01    3.070336885564475896e-05    1.000000000000000036e-10
1.198698698698698606e-01    2.677239478810181404e-05    1.000000000000000036e-10
1.201651651651651637e-01    2.318338119721402417e-05    1.000000000000000036e-10
1.204604604604604529e-01    1.994351571220448304e-05    1.000000000000000036e-10
1.207557557557557559e-01    1.705383175437469252e-05    1.000000000000000036e-10
1.210510510510510451e-01    1.450948799849124738e-05    1.000000000000000036e-10
1.213463463463463343e-01    1.230017147776933733e-05    1.000000000000000036e-10
1.216416416416416374e-01    1.041061078638016603e-05    1.000000000000000036e-10
1.219369369369369266e-01    8.821183286827361523e-06    1.000000000000000036e-10
1.222322322322322297e-01    7.508598204277769459e-06    1.000000000000000036e-10
1.225275275275275189e-01    6.446637761076509421e-06    1.000000000000000036e-10
1.228228228228228219e-01    5.606937348766277681e-06    1.000000000000000036e-10
1.231181181181181111e-01    4.959782236456231293e-06    1.000000000000000036e-10
1.234134134134134003e-01    4.474902192157191143e-06    1.000000000000000036e-10
1.237087087087087034e-01    4.122245501319243213e-06    1.000000000000000036e-10
1.240040040040039926e-01    3.872715740612227074e-06    1.000000000000000036e-10
1.242992992992992957e-01    3.698852868766532615e-06    1.000000000000000036e-10
1.245945945945945849e-01    3.575443767883672786e-06    1.000000000000000036e-10
1.248898898898898879e-01    3.480050783383355907e-06    1.000000000000000036e-10
1.251851851851851771e-01    3.393449559197652469e-06    1.000000000000000036e-10
1.254804804804804663e-01    3.299967904992182414e-06    1.000000000000000036e-10
1.257757757757757555e-01    3.187715611814571653e-06    1.000000000000000036e-10
1.260710710710710447e-01    3.048708109074890216e-06    1.000000000000000036e-10
1.263663663663663617e-01    2.878884263933692743e-06    1.000000000000000036e-10
1.266616616616616509e-01    2.678022132314660298e-06    1.000000000000000036e-10
1.269569569569569401e-01    2.449549567565921273e-06    1.000000000000000036e-10
1.272522522522522292e-01    2.200264429926997472e-06    1.000000000000000036e-10
1.275475475475475462e-01    1.939974727652164092e-06    1.000000000000000036e-10
1.278428428428428354e-01    1.681068688869494365e-06    1.000000000000000036e-10
1.281381381381381246e-01    1.438021135459811779e-06    1.000000000000000036e-10
1.284334334334334138e-01    1.226857688422397007e-06    1.000000000000000036e-10
1.287287287287287030e-01    1.064590577453384292e-06    1.000000000000000036e-10
1.290240240240240199e-01    9.686370161069730071e-07    1.000000000000000036e-10
1.293193193193193091e-01    9.562367860493147672e-07    1.000000000000000036e-10
1.296146146146145983e-01    1.043887186056198699e-06    1.000000000000000036e-10
1.299099099099098875e-01    1.246803813408030841e-06    1.000000000000000036e-10
1.302052052052052045e-01    1.578422285027500671e-06    1.000000000000000036e-10
1.305005005005004937e-01    2.049958333202150986e-06    1.000000000000000036e-10
1.307957957957957829e-01    2.670028718805118417e-06    1.000000000000000036e-10
1.310910910910910721e-01    3.444339775509235964e-06    1.000000000000000036e-10
1.313863863863863890e-01    4.375465229876110578e-06    1.000000000000000036e-10
1.316816816816816782e-01    5.462704656115135674e-06    1.000000000000000036e-10
1.319769769769769674e-01    6.702020356362303199e-06    1.000000000000000036e-10
1.322722722722722566e-01    8.086072789506457771e-06    1.000000000000000036e-10
1.325675675675675458e-01    9.604340299599705533e-06    1.000000000000000036e-10
1.328628628628628627e-01    1.124331103238197098e-05    1.000000000000000036e-10
1.331581581581581519e-01    1.298676155094892548e-05    1.000000000000000036e-10
1.334534534534534411e-01    1.481610449921307349e-05    1.000000000000000036e-10
1.337487487487487303e-01    1.671078798058011611e-05    1.000000000000000036e-10
1.340440440440440473e-01    1.864875387063195415e-05    1.000000000000000036e-10
1.343393393393393365e-01    2.060693263568411031e-05    1.000000000000000036e-10
1.346346346346346257e-01    2.256176170061778783e-05    1.000000000000000036e-10
1.349299299299299149e-01    2.448972327006750032e-05    1.000000000000000036e-10
1.352252252252252041e-01    2.636787793092358416e-05    1.000000000000000036e-10
1.355205205205205210e-01    2.817439273917832839e-05    1.000000000000000036e-10
1.358158158158158102e-01    2.988904139366746975e-05    1.000000000000000036e-10
1.361111111111110994e-01    3.149366614616251462e-05    1.000000000000000036e-10
1.364064064064063886e-01    3.297260572683434086e-05    1.000000000000000036e-10
1.367017017017017055e-01    3.431304942006224175e-05    1.000000000000000036e-10
1.369969969969969947e-01    3.550533883699089494e-05    1.000000000000000036e-10
1.372922922922922839e-01    3.654320138453078827e-05    1.000000000000000036e-10
1.375875875875875731e-01    3.742388801918675970e-05    1.000000000000000036e-10
1.378828828828828623e-01    3.814825834780582320e-05    1.000000000000000036e-10
1.381781781781781793e-01    3.872076271891799397e-05    1.000000000000000036e-10
1.384734734734734685e-01    3.914934818953166471e-05    1.000000000000000036e-10
1.387687687687687577e-01    3.944530018877020978e-05    1.000000000000000036e-10
1.390640640640640469e-01    3.962298206279381925e-05    1.000000000000000036e-10
1.393593593593593638e-01    3.969953276566508108e-05    1.000000000000000036e-10
1.396546546546546530e-01    3.969448384570385533e-05    1.000000000000000036e-10
1.399499499499499422e-01    3.962932764933759601e-05    1.000000000000000036e-10
1.402452452452452314e-01    3.952704708263861269e-05    1.000000000000000036e-10
1.405405405405405206e-01    3.941160027834822042e-05    1.000000000000000036e-10
1.408358358358358375e-01    3.930739352582501270e-05    1.000000000000000036e-10
1.411311311311311267e-01    3.923873546396188010e-05    1.000000000000000036e-10
1.414264264264264159e-01    3.922929807415127861e-05    1.000000000000000036e-10
1.417217217217217051e-01    3.930158299508279427e-05    1.000000000000000036e-10
1.420170170170170221e-01    3.947642467634777106e-05    1.000000000000000036e-10
1.423123123123123113e-01    3.977250852591378619e-05    1.000000000000000036e-10
1.426076076076076005e-01    4.020596062834322793e-05    1.000000000000000036e-10
1.429029029029028897e-01    4.078996246326423684e-05    1.000000000000000036e-10
1.431981981981981789e-01    4.153445417321945847e-05    1.000000000000000036e-10
1.434934934934934958e-01    4.244588745081398474e-05    1.000000000000000036e-10
1.437887887887887850e-01    4.352705887767245032e-05    1.000000000000000036e-10
1.440840840840840742e-01    4.477702667274748141e-05    1.000000000000000036e-10
1.443793793793793634e-01    4.619108554930972753e-05    1.000000000000000036e-10
1.446746746746746526e-01    4.776085228531129902e-05    1.000000000000000036e-10
1.449699699699699695e-01    4.947438719481132298e-05    1.000000000000000036e-10
1.452652652652652587e-01    5.131643508187146494e-05    1.000000000000000036e-10
1.455605605605605479e-01    5.326868817537219600e-05    1.000000000000000036e-10
1.458558558558558371e-01    5.531015607690859676e-05    1.000000000000000036e-10
1.461511511511511541e-01    5.741755151302734093e-05    1.000000000000000036e-10
1.464464464464464433e-01    5.956575539064635897e-05    1.000000000000000036e-10
1.467417417417417325e-01    6.172829332466074647e-05    1.000000000000000036e-10
1.470370370370370217e-01    6.387785753986642643e-05    1.000000000000000036e-10
1.473323323323323109e-01    6.598683283584202660e-05    1.000000000000000036e-10
1.476276276276276278e-01    6.802783406964294638e-05    1.000000000000000036e-10
1.479229229229229170e-01    6.997423644574451225e-05    1.000000000000000036e-10
1.482182182182182062e-01    7.180068616927574681e-05    1.000000000000000036e-10
1.485135135135134954e-01    7.348359122403344947e-05    1.000000000000000036e-10
1.488088088088088123e-01    7.500156433052233081e-05    1.000000000000000036e-10
1.491041041041041015e-01    7.633583571704146147e-05    1.000000000000000036e-10
1.493993993993993907e-01    7.747059227751104096e-05    1.000000000000000036e-10
1.496946946946946799e-01    7.839328205525945825e-05    1.000000000000000036e-10
1.499899899899899691e-01    7.909482162196584194e-05    1.000000000000000036e-10
1.502852852852852861e-01    7.956977175747752837e-05    1.000000000000000036e-10
1.505805805805805753e-01    7.981639635768442186e-05    1.000000000000000036e-10
1.508758758758758645e-01    7.983669878529016991e-05    1.000000000000000036e-10
1.511711711711711537e-01    7.963632942913718895e-05    1.000000000000000036e-10
1.514664664664664429e-01    7.922448142237840170e-05    1.000000000000000036e-10
1.517617617617617598e-01    7.861365896981491403e-05    1.000000000000000036e-10
1.520570570570570490e-01    7.781943955799332409e-05    1.000000000000000036e-10
1.523523523523523382e-01    7.686012841843473282e-05    1.000000000000000036e-10
1.526476476476476274e-01    7.575640400376887264e-05    1.000000000000000036e-10
1.529429429429429443e-01    7.453089145896782159e-05    1.000000000000000036e-10
1.532382382382382335e-01    7.320772039250897096e-05    1.000000000000000036e-10
1.535335335335335227e-01    7.181205089287099545e-05    1.000000000000000036e-10
1.538288288288288119e-01    7.036958506788833234e-05    1.000000000000000036e-10
1.541241241241241011e-01    6.890607615837305883e-05    1.000000000000000036e-10
1.544194194194194181e-01    6.744684258512019656e-05    1.000000000000000036e-10
1.547147147147147073e-01    6.601628979866725421e-05    1.000000000000000036e-10
1.550100100100099965e-01    6.463747112948997858e-05    1.000000000000000036e-10
1.553053053053052857e-01    6.333165851266856893e-05    1.000000000000000036e-10
1.556006006006006026e-01    6.211797758127538525e-05    1.000000000000000036e-10
1.558958958958958918e-01    6.101307134484952973e-05    1.000000000000000036e-10
1.561911911911911810e-01    6.003082116602383671e-05    1.000000000000000036e-10
1.564864864864864702e-01    5.918214055639355411e-05    1.000000000000000036e-10
1.567817817817817594e-01    5.847479442778209243e-05    1.000000000000000036e-10
1.570770770770770763e-01    5.791333153231288677e-05    1.000000000000000036e-10
1.573723723723723655e-01    5.749902940099178611e-05    1.000000000000000036e-10
1.576676676676676547e-01    5.722994280373752283e-05    1.000000000000000036e-10
1.579629629629629439e-01    5.710099854195865138e-05    1.000000000000000036e-10
1.582582582582582609e-01    5.710413790508475911e-05    1.000000000000000036e-10
1.585535535535535501e-01    5.722854851184480576e-05    1.000000000000000036e-10
1.588488488488488393e-01    5.746090360277609479e-05    1.000000000000000036e-10
1.591441441441441285e-01    5.778568252607089501e-05    1.000000000000000036e-10
1.594394394394394177e-01    5.818550977260504830e-05    1.000000000000000036e-10
1.597347347347347346e-01    5.864152349237252099e-05    1.000000000000000036e-10
1.600300300300300238e-01    5.913378020534883829e-05    1.000000000000000036e-10
1.603253253253253130e-01    5.964165783145070309e-05    1.000000000000000036e-10
1.606206206206206022e-01    6.014427530470363415e-05    1.000000000000000036e-10
1.609159159159159191e-01    6.062090463777887038e-05    1.000000000000000036e-10
1.612112112112112083e-01    6.105137724378251294e-05    1.000000000000000036e-10
1.615065065065064975e-01    6.141646313123344644e-05    1.000000000000000036e-10
1.618018018018017867e-01    6.169823580955938365e-05    1.000000000000000036e-10
1.620970970970970759e-01    6.188040001204442699e-05    1.000000000000000036e-10
1.623923923923923929e-01    6.194857158503463078e-05    1.000000000000000036e-10
1.626876876876876821e-01    6.189053967852901688e-05    1.000000000000000036e-10
1.629829829829829713e-01    6.169645441192003906e-05    1.000000000000000036e-10
1.632782782782782605e-01    6.135897527626970075e-05    1.000000000000000036e-10
1.635735735735735497e-01    6.087338439383868400e-05    1.000000000000000036e-10
1.638688688688688666e-01    6.023761267644100656e-05    1.000000000000000036e-10
1.641641641641641558e-01    5.945224138873113974e-05    1.000000000000000036e-10
1.644594594594594450e-01    5.852045067506428616e-05    1.000000000000000036e-10
1.647547547547547342e-01    5.744789526404555589e-05    1.000000000000000036e-10
1.650500500500500511e-01    5.624256406632147771e-05    1.000000000000000036e-10
1.653453453453453403e-01    5.491458453954714021e-05    1.000000000000000036e-10
1.656406406406406295e-01    5.347598019197935976e-05    1.000000000000000036e-10
1.659359359359359187e-01    5.194041775429154850e-05    1.000000000000000036e-10
1.662312312312312079e-01    5.032291429988314881e-05    1.000000000000000036e-10
1.665265265265265249e-01    4.863952434572906713e-05    1.000000000000000036e-10
1.668218218218218141e-01    4.690702398325241948e-05    1.000000000000000036e-10
1.671171171171171033e-01    4.514258054393465748e-05    1.000000000000000036e-10
1.674124124124123925e-01    4.336342602305472913e-05    1.000000000000000036e-10
1.677077077077077094e-01    4.158653698884874373e-05    1.000000000000000036e-10
1.680030030030029986e-01    3.982832676920044221e-05    1.000000000000000036e-10
1.682982982982982878e-01    3.810436176725336078e-05    1.000000000000000036e-10
1.685935935935935770e-01    3.642909372021617127e-05    1.000000000000000036e-10
1.688888888888888662e-01    3.481562403846730149e-05    1.000000000000000036e-10
1.691841841841841831e-01    3.327550938704370393e-05    1.000000000000000036e-10
1.694794794794794723e-01    3.181859052667848642e-05    1.000000000000000036e-10
1.697747747747747615e-01    3.045286091496143718e-05    1.000000000000000036e-10
1.700700700700700507e-01    2.918438922657020493e-05    1.000000000000000036e-10
1.703653653653653399e-01    2.801726905412786048e-05    1.000000000000000036e-10
1.706606606606606569e-01    2.695360408856347783e-05    1.000000000000000036e-10
1.709559559559559461e-01    2.599355147261099851e-05    1.000000000000000036e-10
1.712512512512512353e-01    2.513539223933437160e-05    1.000000000000000036e-10
1.715465465465465245e-01    2.437562777007053558e-05    1.000000000000000036e-10
1.718418418418418414e-01    2.370912365756552693e-05    1.000000000000000036e-10
1.721371371371371306e-01    2.312927852905109571e-05    1.000000000000000036e-10
1.724324324324324198e-01    2.262820841337991837e-05    1.000000000000000036e-10
1.727277277277277090e-01    2.219695596554434707e-05    1.000000000000000036e-10
1.730230230230229982e-01    2.182571866489440161e-05    1.000000000000000036e-10
1.733183183183183151e-01    2.150408005072378364e-05    1.000000000000000036e-10
1.736136136136136043e-01    2.122124623915931072e-05    1.000000000000000036e-10
1.739089089089088935e-01    2.096628534960101606e-05    1.000000000000000036e-10
1.742042042042041827e-01    2.072835818158137150e-05    1.000000000000000036e-10
1.744994994994994997e-01    2.049693998940224526e-05    1.000000000000000036e-10
1.747947947947947889e-01    2.026202977109653447e-05    1.000000000000000036e-10
1.750900900900900781e-01    2.001433716339247969e-05    1.000000000000000036e-10
1.753853853853853673e-01    1.974544883709580440e-05    1.000000000000000036e-10
1.756806806806806565e-01    1.944797549667878767e-05    1.000000000000000036e-10
1.759759759759759734e-01    1.911566778686681840e-05    1.000000000000000036e-10
1.762712712712712626e-01    1.874350109687784540e-05    1.000000000000000036e-10
1.765665665665665518e-01    1.832773524138622936e-05    1.000000000000000036e-10
1.768618618618618410e-01    1.786594929020297640e-05    1.000000000000000036e-10
1.771571571571571579e-01    1.735703883367382546e-05    1.000000000000000036e-10
1.774524524524524471e-01    1.680118621894848203e-05    1.000000000000000036e-10
1.777477477477477363e-01    1.619980789991544976e-05    1.000000000000000036e-10
1.780430430430430255e-01    1.555547978727997999e-05    1.000000000000000036e-10
1.783383383383383147e-01    1.487183309296512611e-05    1.000000000000000036e-10
1.786336336336336317e-01    1.415343368357228615e-05    1.000000000000000036e-10
1.789289289289289209e-01    1.340564790751890706e-05    1.000000000000000036e-10
1.792242242242242101e-01    1.263449677078754058e-05    1.000000000000000036e-10
1.795195195195194993e-01    1.184649743152354142e-05    1.000000000000000036e-10
1.798148148148148162e-01    1.104850163124558520e-05    1.000000000000000036e-10
1.801101101101101054e-01    1.024753407883443660e-05    1.000000000000000036e-10
1.804054054054053946e-01    9.450632367508169773e-06    1.000000000000000036e-10
1.807007007007006838e-01    8.664692098096230726e-06    1.000000000000000036e-10
1.809959959959959730e-01    7.896322443621653882e-06    1.000000000000000036e-10
1.812912912912912899e-01    7.151713920315813858e-06    1.000000000000000036e-10
1.815865865865865791e-01    6.436519442417007159e-06    1.000000000000000036e-10
1.818818818818818683e-01    5.755751628695576140e-06    1.000000000000000036e-10
1.821771771771771575e-01    5.113701669136482284e-06    1.000000000000000036e-10
1.824724724724724467e-01    4.513876801479037908e-06    1.000000000000000036e-10
1.827677677677677637e-01    3.958957656732909071e-06    1.000000000000000036e-10
1.830630630630630529e-01    3.450774418914246085e-06    1.000000000000000036e-10
1.833583583583583421e-01    2.990306916452312289e-06    1.000000000000000036e-10
1.836536536536536313e-01    2.577704807676431274e-06    1.000000000000000036e-10
1.839489489489489482e-01    2.212325127865362916e-06    1.000000000000000036e-10
1.842442442442442374e-01    1.892786547791828334e-06    1.000000000000000036e-10
1.845395395395395266e-01    1.617038546174402601e-06    1.000000000000000036e-10
1.848348348348348158e-01    1.382446673470926704e-06    1.000000000000000036e-10
1.851301301301301050e-01    1.185887168027987858e-06    1.000000000000000036e-10
1.854254254254254219e-01    1.023849167722890735e-06    1.000000000000000036e-10
1.857207207207207111e-01    8.925422972024670709e-07    1.000000000000000036e-10
1.860160160160160003e-01    7.880073396252604075e-07    1.000000000000000036e-10
1.863113113113112895e-01    7.062273554133728625e-07    1.000000000000000036e-10
1.866066066066066065e-01    6.432351720373106806e-07    1.000000000000000036e-10
1.869019019019018957e-01    5.952153866789474616e-07    1.000000000000000036e-10
1.871971971971971849e-01    5.585988158333689049e-07    1.000000000000000036e-10
1.874924924924924741e-01    5.301479090327520685e-07    1.000000000000000036e-10
1.877877877877877633e-01    5.070294379905271350e-07    1.000000000000000036e-10
1.880830830830830802e-01    4.868737227863961019e-07    1.000000000000000036e-10
1.883783783783783694e-01    4.678197965908606081e-07    1.000000000000000036e-10
1.886736736736736586e-01    4.485455171229789865e-07    1.000000000000000036e-10
1.889689689689689478e-01    4.282827757084962374e-07    1.000000000000000036e-10
1.892642642642642370e-01    4.068167674232941914e-07    1.000000000000000036e-10
1.895595595595595539e-01    3.844688831992424505e-07    1.000000000000000036e-10
1.898548548548548431e-01    3.620659867914633076e-07    1.000000000000000036e-10
1.901501501501501323e-01    3.408964526089548383e-07    1.000000000000000036e-10
1.904454454454454215e-01    3.226542672070647885e-07    1.000000000000000036e-10
1.907407407407407385e-01    3.093730030262265864e-07    1.000000000000000036e-10
1.910360360360360277e-01    3.033506554514734514e-07    1.000000000000000036e-10
1.913313313313313169e-01    3.070680131389531093e-07    1.000000000000000036e-10
1.916266266266266061e-01    3.231032727318002943e-07    1.000000000000000036e-10
1.919219219219218953e-01    3.540447031490340437e-07    1.000000000000000036e-10
1.922172172172172122e-01    4.024035957786813270e-07    1.000000000000000036e-10
1.925125125125125014e-01    4.705295055524737687e-07    1.000000000000000036e-10
1.928078078078077906e-01    5.605299839609265807e-07    1.000000000000000036e-10
1.931031031031030798e-01    6.741975580879126739e-07    1.000000000000000036e-10
1.933983983983983967e-01    8.129451607714560117e-07    1.000000000000000036e-10
1.936936936936936859e-01    9.777516264695356140e-07    1.000000000000000036e-10
1.939889889889889751e-01    1.169118603489826650e-06    1.000000000000000036e-10
1.942842842842842643e-01    1.387039893250967809e-06    1.000000000000000036e-10
1.945795795795795535e-01    1.630983577141316610e-06    1.000000000000000036e-10
1.948748748748748705e-01    1.899888427239970640e-06    1.000000000000000036e-10
1.951701701701701597e-01    2.192174310588149330e-06    1.000000000000000036e-10
1.954654654654654489e-01    2.505765666897488978e-06    1.000000000000000036e-10
1.957607607607607381e-01    2.838127827737684616e-06    1.000000000000000036e-10
1.960560560560560550e-01    3.186315307782348042e-06    1.000000000000000036e-10
1.963513513513513442e-01    3.547030905985107225e-06    1.000000000000000036e-10
1.966466466466466334e-01    3.916694142793532915e-06    1.000000000000000036e-10
1.969419419419419226e-01    4.291517693001303616e-06    1.000000000000000036e-10
1.972372372372372118e-01    4.667589891316158294e-06    1.000000000000000036e-10
1.975325325325325287e-01    5.040960941646363406e-06    1.000000000000000036e-10
1.978278278278278179e-01    5.407731026158116924e-06    1.000000000000000036e-10
1.981231231231231071e-01    5.764138251623436107e-06    1.000000000000000036e-10
1.984184184184183963e-01    6.106644355281868182e-06    1.000000000000000036e-10
1.987137137137137133e-01    6.432016146572101632e-06    1.000000000000000036e-10
1.990090090090090025e-01    6.737400918770701951e-06    1.000000000000000036e-10
1.993043043043042917e-01    7.020393935663900474e-06    1.000000000000000036e-10
1.995995995995995809e-01    7.279095862074492236e-06    1.000000000000000036e-10
1.998948948948948701e-01    7.512159363521433398e-06    1.000000000000000036e-10
2.001901901901901870e-01    7.718823640853602426e-06    1.000000000000000036e-10
2.004854854854854762e-01    7.898936020324077867e-06    1.000000000000000036e-10
2.007807807807807654e-01    8.052960039533010951e-06    1.000000000000000036e-10
2.010760760760760546e-01    8.181969774059807743e-06    1.000000000000000036e-10
2.013713713713713438e-01    8.287630459291173208e-06    1.000000000000000036e-10
2.016666666666666607e-01    8.372165853693758713e-06    1.000000000000000036e-10
2.019619619619619499e-01    8.438312881206975666e-06    1.000000000000000036e-10
2.022572572572572391e-01    8.489264185975409444e-06    1.000000000000000036e-10
2.025525525525525283e-01    8.528600392131687057e-06    1.000000000000000036e-10
2.028478478478478453e-01    8.560213335947117931e-06    1.000000000000000036e-10
2.031431431431431345e-01    8.588221873783292271e-06    1.000000000000000036e-10
2.034384384384384237e-01    8.616882074837777859e-06    1.000000000000000036e-10
2.037337337337337129e-01    8.650493732570927461e-06    1.000000000000000036e-10
2.040290290290290021e-01    8.693305210999744838e-06    1.000000000000000036e-10
2.043243243243243190e-01    8.749418680122195125e-06    1.000000000000000036e-10
2.046196196196196082e-01    8.822697783776604211e-06    1.000000000000000036e-10
2.049149149149148974e-01    8.916679644888988145e-06    1.000000000000000036e-10
2.052102102102101866e-01    9.034493258535169355e-06    1.000000000000000036e-10
2.055055055055055035e-01    9.178786128451676694e-06    1.000000000000000036e-10
2.058008008008007927e-01    9.351660553348707501e-06    1.000000000000000036e-10
2.060960960960960819e-01    9.554620988033142996e-06    1.000000000000000036e-10
2.063913913913913711e-01    9.788533627122651719e-06    1.000000000000000036e-10
2.066866866866866603e-01    1.005359909575686161e-05    1.000000000000000036e-10
2.069819819819819773e-01    1.034933885294736661e-05    1.000000000000000036e-10
2.072772772772772665e-01    1.067459562229004001e-05    1.000000000000000036e-10
2.075725725725725557e-01    1.102754786799193316e-05    1.000000000000000036e-10
2.078678678678678449e-01    1.140573803792389328e-05    1.000000000000000036e-10
2.081631631631631341e-01    1.180611400602024294e-05    1.000000000000000036e-10
2.084584584584584510e-01    1.222508286979718979e-05    1.000000000000000036e-10
2.087537537537537402e-01    1.265857598191797982e-05    1.000000000000000036e-10
2.090490490490490294e-01    1.310212393295325795e-05    1.000000000000000036e-10
2.093443443443443186e-01    1.355093997461600862e-05    1.000000000000000036e-10
2.096396396396396355e-01    1.400001004025244610e-05    1.000000000000000036e-10
2.099349349349349247e-01    1.444418757483304393e-05    1.000000000000000036e-10
2.102302302302302139e-01    1.487829124356892495e-05    1.000000000000000036e-10
2.105255255255255031e-01    1.529720352631885806e-05    1.000000000000000036e-10
2.108208208208207923e-01    1.569596819289847831e-05    1.000000000000000036e-10
2.111161161161161093e-01    1.606988468417753387e-05    1.000000000000000036e-10
2.114114114114113985e-01    1.641459749457335485e-05    1.000000000000000036e-10
2.117067067067066877e-01    1.672617876146823598e-05    1.000000000000000036e-10
2.120020020020019769e-01    1.700120241361002479e-05    1.000000000000000036e-10
2.122972972972972938e-01    1.723680841039656271e-05    1.000000000000000036e-10
2.125925925925925830e-01    1.743075581309429822e-05    1.000000000000000036e-10
2.128878878878878722e-01    1.758146366291575679e-05    1.000000000000000036e-10
2.131831831831831614e-01    1.768803889443267856e-05    1.000000000000000036e-10
2.134784784784784506e-01    1.775029078059024403e-05    1.000000000000000036e-10
2.137737737737737675e-01    1.776873168193960842e-05    1.000000000000000036e-10
2.140690690690690567e-01    1.774456415180861364e-05    1.000000000000000036e-10
2.143643643643643459e-01    1.767965472536536881e-05    1.000000000000000036e-10
2.146596596596596351e-01    1.757649499457546532e-05    1.000000000000000036e-10
2.149549549549549521e-01    1.743815079814293914e-05    1.000000000000000036e-10
2.152502502502502413e-01    1.726820060886763680e-05    1.000000000000000036e-10
2.155455455455455305e-01    1.707066443718039975e-05    1.000000000000000036e-10
2.158408408408408197e-01    1.684992471016975841e-05    1.000000000000000036e-10
2.161361361361361089e-01    1.661064074773847249e-05    1.000000000000000036e-10
2.164314314314314258e-01    1.635765857416363064e-05    1.000000000000000036e-10
2.167267267267267150e-01    1.609591788248570371e-05    1.000000000000000036e-10
2.170220220220220042e-01    1.583035801059826786e-05    1.000000000000000036e-10
2.173173173173172934e-01    1.556582479118484455e-05    1.000000000000000036e-10
2.176126126126126104e-01    1.530698010306187965e-05    1.000000000000000036e-10
2.179079079079078995e-01    1.505821588013697041e-05    1.000000000000000036e-10
2.182032032032031887e-01    1.482357422793300048e-05    1.000000000000000036e-10
2.184984984984984779e-01    1.460667515901414761e-05    1.000000000000000036e-10
2.187937937937937671e-01    1.441065329086303564e-05    1.000000000000000036e-10
2.190890890890890841e-01    1.423810465657531838e-05    1.000000000000000036e-10
2.193843843843843733e-01    1.409104456439230473e-05    1.000000000000000036e-10
2.196796796796796625e-01    1.397087721121391728e-05    1.000000000000000036e-10
2.199749749749749517e-01    1.387837751275077414e-05    1.000000000000000036e-10
2.202702702702702409e-01    1.381368536397340172e-05    1.000000000000000036e-10
2.205655655655655578e-01    1.377631229317468461e-05    1.000000000000000036e-10
2.208608608608608470e-01    1.376516022641412655e-05    1.000000000000000036e-10
2.211561561561561362e-01    1.377855184134518858e-05    1.000000000000000036e-10
2.214514514514514254e-01    1.381427176519247467e-05    1.000000000000000036e-10
2.217467467467467424e-01    1.386961766534548459e-05    1.000000000000000036e-10
2.220420420420420315e-01    1.394146009664983980e-05    1.000000000000000036e-10
2.223373373373373207e-01    1.402630981047890955e-05    1.000000000000000036e-10
2.226326326326326099e-01    1.412039109996001311e-05    1.000000000000000036e-10
2.229279279279278991e-01    1.421971965559324941e-05    1.000000000000000036e-10
2.232232232232232161e-01    1.432018333755220506e-05    1.000000000000000036e-10
2.235185185185185053e-01    1.441762423613006113e-05    1.000000000000000036e-10
2.238138138138137945e-01    1.450792039032789842e-05    1.000000000000000036e-10
2.241091091091090837e-01    1.458706556601760080e-05    1.000000000000000036e-10
2.244044044044044006e-01    1.465124555832926108e-05    1.000000000000000036e-10
2.246996996996996898e-01    1.469690957614216925e-05    1.000000000000000036e-10
2.249949949949949790e-01    1.472083538744690251e-05    1.000000000000000036e-10
2.252902902902902682e-01    1.472018705000125735e-05    1.000000000000000036e-10
2.255855855855855574e-01    1.469256421876510554e-05    1.000000000000000036e-10
2.258808808808808744e-01    1.463604220632239613e-05    1.000000000000000036e-10
2.261761761761761635e-01    1.454920217082681809e-05    1.000000000000000036e-10
2.264714714714714527e-01    1.443115101366913577e-05    1.000000000000000036e-10
2.267667667667667419e-01    1.428153078166345140e-05    1.000000000000000036e-10
2.270620620620620311e-01    1.410051758165483277e-05    1.000000000000000036e-10
2.273573573573573481e-01    1.388881022469772109e-05    1.000000000000000036e-10
2.276526526526526373e-01    1.364760901812352948e-05    1.000000000000000036e-10
2.279479479479479265e-01    1.337858531292476875e-05    1.000000000000000036e-10
2.282432432432432157e-01    1.308384258727343451e-05    1.000000000000000036e-10
2.285385385385385326e-01    1.276587000137146879e-05    1.000000000000000036e-10
2.288338338338338218e-01    1.242748949138499269e-05    1.000000000000000036e-10
2.291291291291291110e-01    1.207179757860283810e-05    1.000000000000000036e-10
2.294244244244244002e-01    1.170210315239717264e-05    1.000000000000000036e-10
2.297197197197196894e-01    1.132186254082957140e-05    1.000000000000000036e-10
2.300150150150150063e-01    1.093461321011932211e-05    1.000000000000000036e-10
2.303103103103102955e-01    1.054390743042689023e-05    1.000000000000000036e-10
2.306056056056055847e-01    1.015324721971095617e-05    1.000000000000000036e-10
2.309009009009008739e-01    9.766021835771027703e-06    1.000000000000000036e-10
2.311961961961961909e-01    9.385448994797488740e-06    1.000000000000000036e-10
2.314914914914914801e-01    9.014520894860584234e-06    1.000000000000000036e-10
2.317867867867867693e-01    8.655956003177330127e-06    1.000000000000000036e-10
2.320820820820820585e-01    8.312157427743590375e-06    1.000000000000000036e-10
2.323773773773773477e-01    7.985178541758701162e-06    1.000000000000000036e-10
2.326726726726726646e-01    7.676696366645144621e-06    1.000000000000000036e-10
2.329679679679679538e-01    7.387993049971122340e-06    1.000000000000000036e-10
2.332632632632632430e-01    7.119945601890674563e-06    1.000000000000000036e-10
2.335585585585585322e-01    6.873023881482288498e-06    1.000000000000000036e-10
2.338538538538538492e-01    6.647296656173983550e-06    1.000000000000000036e-10
2.341491491491491383e-01    6.442445396726186190e-06    1.000000000000000036e-10
2.344444444444444275e-01    6.257785320192291452e-06    1.000000000000000036e-10
2.347397397397397167e-01    6.092293056805071255e-06    1.000000000000000036e-10
2.350350350350350059e-01    5.944640196411089152e-06    1.000000000000000036e-10
2.353303303303303229e-01    5.813231868060570130e-06    1.000000000000000036e-10
2.356256256256256121e-01    5.696249424393032093e-06    1.000000000000000036e-10
2.359209209209209013e-01    5.591696241819818195e-06    1.000000000000000036e-10
2.362162162162161905e-01    5.497445608874945580e-06    1.000000000000000036e-10
2.365115115115115074e-01    5.411289662691506848e-06    1.000000000000000036e-10
2.368068068068067966e-01    5.330988363114726911e-06    1.000000000000000036e-10
2.371021021021020858e-01    5.254317451723597927e-06    1.000000000000000036e-10
2.373973973973973750e-01    5.179114420836850233e-06    1.000000000000000036e-10
2.376926926926926642e-01    5.103321616191805925e-06    1.000000000000000036e-10
2.379879879879879812e-01    5.025025664797293571e-06    1.000000000000000036e-10
2.382832832832832703e-01    4.942492518814918405e-06    1.000000000000000036e-10
2.385785785785785595e-01    4.854197518896185144e-06    1.000000000000000036e-10
2.388738738738738487e-01    4.758850002760238309e-06    1.000000000000000036e-10
2.391691691691691379e-01    4.655412114079875247e-06    1.000000000000000036e-10
2.394644644644644549e-01    4.543111600008002247e-06    1.000000000000000036e-10
2.397597597597597441e-01    4.421448519959601995e-06    1.000000000000000036e-10
2.400550550550550333e-01    4.290195920654761172e-06    1.000000000000000036e-10
2.403503503503503225e-01    4.149394660124397095e-06    1.000000000000000036e-10
2.406456456456456394e-01    3.999342695543615958e-06    1.000000000000000036e-10
2.409409409409409286e-01    3.840579287821752459e-06    1.000000000000000036e-10
2.412362362362362178e-01    3.673864426287751927e-06    1.000000000000000036e-10
2.415315315315315070e-01    3.500154248326601944e-06    1.000000000000000036e-10
2.418268268268267962e-01    3.320573155670976459e-06    1.000000000000000036e-10
2.421221221221221132e-01    3.136383307291768396e-06    1.000000000000000036e-10
2.424174174174174023e-01    2.948952248126796228e-06    1.000000000000000036e-10
2.427127127127126915e-01    2.759719451053778504e-06    1.000000000000000036e-10
2.430080080080079807e-01    2.570162549873728847e-06    1.000000000000000036e-10
2.433033033033032977e-01    2.381764024278005266e-06    1.000000000000000036e-10
2.435985985985985869e-01    2.195979064651945265e-06    1.000000000000000036e-10
2.438938938938938761e-01    2.014205296276742887e-06    1.000000000000000036e-10
2.441891891891891653e-01    1.837754967079738219e-06    1.000000000000000036e-10
2.444844844844844545e-01    1.667830065462962636e-06    1.000000000000000036e-10
2.447797797797797714e-01    1.505501033797451519e-06    1.000000000000000036e-10
2.450750750750750606e-01    1.351689392856650338e-06    1.000000000000000036e-10
2.453703703703703498e-01    1.207154470406852022e-06    1.000000000000000036e-10
2.456656656656656390e-01    1.072484419518071842e-06    1.000000000000000036e-10
2.459609609609609282e-01    9.480915862982078463e-07    1.000000000000000036e-10
2.462562562562562452e-01    8.342121849583322674e-07    1.000000000000000036e-10
2.465515515515515343e-01    7.309101401783400374e-07    1.000000000000000036e-10
2.468468468468468235e-01    6.380848646278090900e-07    1.000000000000000036e-10
2.471421421421421127e-01    5.554826532102656427e-07    1.000000000000000036e-10
2.474374374374374297e-01    4.827112434245829626e-07    1.000000000000000036e-10
2.477327327327327189e-01    4.192572693453343828e-07    1.000000000000000036e-10
2.480280280280280081e-01    3.645060902648806796e-07    1.000000000000000036e-10
2.483233233233232973e-01    3.177631928597124411e-07    1.000000000000000036e-10
2.486186186186185865e-01    2.782766986204840997e-07    1.000000000000000036e-10
2.489139139139139034e-01    2.452603968066049326e-07    1.000000000000000036e-10
2.492092092092091926e-01    2.179167181393139850e-07    1.000000000000000036e-10
2.495045045045044818e-01    1.954590812705523085e-07    1.000000000000000036e-10
2.497997997997997710e-01    1.771330735192697652e-07    1.000000000000000036e-10
2.500950950950950880e-01    1.622360008600678820e-07    1.000000000000000036e-10
2.503903903903903494e-01    1.501344391641817367e-07    1.000000000000000036e-10
2.506856856856856663e-01    1.402790928957868381e-07    1.000000000000000036e-10
2.509809809809809278e-01    1.322167875062651011e-07    1.000000000000000036e-10
2.512762762762762447e-01    1.255994097369969219e-07    1.000000000000000036e-10
2.515715715715715617e-01    1.201896228263971053e-07    1.000000000000000036e-10
2.518668668668668231e-01    1.158632833873709217e-07    1.000000000000000036e-10
2.521621621621621401e-01    1.126085681240130820e-07    1.000000000000000036e-10
2.524574574574574015e-01    1.105219003276338361e-07    1.000000000000000036e-10
2.527527527527527185e-01    1.098009220266147016e-07    1.000000000000000036e-10
2.530480480480480354e-01    1.107345030952162597e-07    1.000000000000000036e-10
2.533433433433432969e-01    1.136900591091187381e-07    1.000000000000000036e-10
2.536386386386386138e-01    1.190988985319988160e-07    1.000000000000000036e-10
2.539339339339338752e-01    1.274398719937198799e-07    1.000000000000000036e-10
2.542292292292291922e-01    1.392217580448297711e-07    1.000000000000000036e-10
2.545245245245245092e-01    1.549648555613237728e-07    1.000000000000000036e-10
2.548198198198197706e-01    1.751822645077893612e-07    1.000000000000000036e-10
2.551151151151150875e-01    2.003612492344683613e-07    1.000000000000000036e-10
2.554104104104104045e-01    2.309451542810809059e-07    1.000000000000000036e-10
2.557057057057056659e-01    2.673166693175262097e-07    1.000000000000000036e-10
2.560010010010009829e-01    3.097826942109963741e-07    1.000000000000000036e-10
2.562962962962962998e-01    3.585611628084566671e-07    1.000000000000000036e-10
2.565915915915915613e-01    4.137701586276672654e-07    1.000000000000000036e-10
2.568868868868868782e-01    4.754195944020410793e-07    1.000000000000000036e-10
2.571821821821821397e-01    5.434056206814208671e-07    1.000000000000000036e-10
2.574774774774774566e-01    6.175077194794624301e-07    1.000000000000000036e-10
2.577727727727727736e-01    6.973893577733652445e-07    1.000000000000000036e-10
2.580680680680680350e-01    7.826016902320621684e-07    1.000000000000000036e-10
2.583633633633633520e-01    8.725900443725383329e-07    1.000000000000000036e-10
2.586586586586586134e-01    9.667031807680919004e-07    1.000000000000000036e-10
2.589539539539539303e-01    1.064205117466606674e-06    1.000000000000000036e-10
2.592492492492492473e-01    1.164289242077908775e-06    1.000000000000000036e-10
2.595445445445445087e-01    1.266094401068535084e-06    1.000000000000000036e-10
2.598398398398398257e-01    1.368722975263681074e-06    1.000000000000000036e-10
2.601351351351350871e-01    1.471260028752654051e-06    1.000000000000000036e-10
2.604304304304304041e-01    1.572793013072807737e-06    1.000000000000000036e-10
2.607257257257257210e-01    1.672431725256922945e-06    1.000000000000000036e-10
2.610210210210209825e-01    1.769328067147652035e-06    1.000000000000000036e-10
2.613163163163162994e-01    1.862695214822480824e-06    1.000000000000000036e-10
2.616116116116116164e-01    1.951826117400053103e-06    1.000000000000000036e-10
2.619069069069068778e-01    2.036110021028095351e-06    1.000000000000000036e-10
2.622022022022021948e-01    2.115046803083977096e-06    1.000000000000000036e-10
2.624974974974974562e-01    2.188259108623302087e-06    1.000000000000000036e-10
2.627927927927927731e-01    2.255501912675425337e-06    1.000000000000000036e-10
2.630880880880880901e-01    2.316669287525730334e-06    1.000000000000000036e-10
2.633833833833833515e-01    2.371798553671136856e-06    1.000000000000000036e-10
2.636786786786786685e-01    2.421071197401682520e-06    1.000000000000000036e-10
2.639739739739739299e-01    2.464809601788113430e-06    1.000000000000000036e-10
2.642692692692692469e-01    2.503471140459769235e-06    1.000000000000000036e-10
2.645645645645645638e-01    2.537639354844028406e-06    1.000000000000000036e-10
2.648598598598598253e-01    2.568012318773877063e-06    1.000000000000000036e-10
2.651551551551551422e-01    2.595388500907332336e-06    1.000000000000000036e-10
2.654504504504504037e-01    2.620650213089923436e-06    1.000000000000000036e-10
2.657457457457457206e-01    2.644744218079985697e-06    1.000000000000000036e-10
2.660410410410410376e-01    2.668661263441937903e-06    1.000000000000000036e-10
2.663363363363362990e-01    2.693414651693111191e-06    1.000000000000000036e-10
2.666316316316316160e-01    2.720018124622608495e-06    1.000000000000000036e-10
2.669269269269269329e-01    2.749463407964562609e-06    1.000000000000000036e-10
2.672222222222221943e-01    2.782697369449399406e-06    1.000000000000000036e-10
2.675175175175175113e-01    2.820600268216202047e-06    1.000000000000000036e-10
2.678128128128127727e-01    2.863965572831552222e-06    1.000000000000000036e-10
2.681081081081080897e-01    2.913481361621010438e-06    1.000000000000000036e-10
2.684034034034034066e-01    2.969713702395665253e-06    1.000000000000000036e-10
2.686986986986986681e-01    3.033091988795506208e-06    1.000000000000000036e-10
2.689939939939939850e-01    3.103896248115531895e-06    1.000000000000000036e-10
2.692892892892892465e-01    3.182249237216256394e-06    1.000000000000000036e-10
2.695845845845845634e-01    3.268111345307144803e-06    1.000000000000000036e-10
2.698798798798798804e-01    3.361278477622305439e-06    1.000000000000000036e-10
2.701751751751751418e-01    3.461383150143759789e-06    1.000000000000000036e-10
2.704704704704704588e-01    3.567898158397362698e-06    1.000000000000000036e-10
2.707657657657657202e-01    3.680144185121636695e-06    1.000000000000000036e-10
2.710610610610610371e-01    3.797301894362686310e-06    1.000000000000000036e-10
2.713563563563563541e-01    3.918425823548827174e-06    1.000000000000000036e-10
2.716516516516516155e-01    4.042460677303001707e-06    1.000000000000000036e-10
2.719469469469469325e-01    4.168259755201622841e-06    1.000000000000000036e-10
2.722422422422421939e-01    4.294605370260367055e-06    1.000000000000000036e-10
2.725375375375375109e-01    4.420231993112234360e-06    1.000000000000000036e-10
2.728328328328328278e-01    4.543849698411674195e-06    1.000000000000000036e-10
2.731281281281280893e-01    4.664167751684647172e-06    1.000000000000000036e-10
2.734234234234234062e-01    4.779918289258696068e-06    1.000000000000000036e-10
2.737187187187187232e-01    4.889880327962352960e-06    1.000000000000000036e-10
2.740140140140139846e-01    4.992903379868195810e-06    1.000000000000000036e-10
2.743093093093093016e-01    5.087928523020768661e-06    1.000000000000000036e-10
2.746046046046045630e-01    5.174007765891935049e-06    1.000000000000000036e-10
2.748998998998998800e-01    5.250321400148885591e-06    1.000000000000000036e-10
2.751951951951951969e-01    5.316193798179438609e-06    1.000000000000000036e-10
2.754904904904904583e-01    5.371107211515572993e-06    1.000000000000000036e-10
2.757857857857857753e-01    5.414709767109521757e-06    1.000000000000000036e-10
2.760810810810810367e-01    5.446821121472648569e-06    1.000000000000000036e-10
2.763763763763763537e-01    5.467435242418707119e-06    1.000000000000000036e-10
2.766716716716716706e-01    5.476720635137505644e-06    1.000000000000000036e-10
2.769669669669669321e-01    5.475018043298342376e-06    1.000000000000000036e-10
2.772622622622622490e-01    5.462831502605620673e-06    1.000000000000000036e-10
2.775575575575575105e-01    5.440817658439812500e-06    1.000000000000000036e-10
2.778528528528528274e-01    5.409772939078185007e-06    1.000000000000000036e-10
2.781481481481481444e-01    5.370618622200860187e-06    1.000000000000000036e-10
2.784434434434434058e-01    5.324383551878203283e-06    1.000000000000000036e-10
2.787387387387387228e-01    5.272182612487832668e-06    1.000000000000000036e-10
2.790340340340340397e-01    5.215195246291145096e-06    1.000000000000000036e-10
2.793293293293293011e-01    5.154643462140419492e-06    1.000000000000000036e-10
2.796246246246246181e-01    5.091769103887665483e-06    1.000000000000000036e-10
2.799199199199198795e-01    5.027809752425453818e-06    1.000000000000000036e-10
2.802152152152151965e-01    4.963975170758142517e-06    1.000000000000000036e-10
2.805105105105105134e-01    4.901425486486630282e-06    1.000000000000000036e-10
2.808058058058057749e-01    4.841250545107167656e-06    1.000000000000000036e-10
2.811011011011010918e-01    4.784449658241480432e-06    1.000000000000000036e-10
2.813963963963963533e-01    4.731912401679000192e-06    1.000000000000000036e-10
2.816916916916916702e-01    4.684404407597918007e-06    1.000000000000000036e-10
2.819869869869869872e-01    4.642555097388843482e-06    1.000000000000000036e-10
2.822822822822822486e-01    4.606847666539244460e-06    1.000000000000000036e-10
2.825775775775775656e-01    4.577609795575271820e-06    1.000000000000000036e-10
2.828728728728728270e-01    4.555009396572659707e-06    1.000000000000000036e-10
2.831681681681681439e-01    4.539055517387700300e-06    1.000000000000000036e-10
2.834634634634634609e-01    4.529600475702860248e-06    1.000000000000000036e-10
2.837587587587587223e-01    4.526344132535911576e-06    1.000000000000000036e-10
2.840540540540540393e-01    4.528839687413313350e-06    1.000000000000000036e-10
2.843493493493493007e-01    4.536506404997759536e-06    1.000000000000000036e-10
2.846446446446446177e-01    4.548643425452337017e-06    1.000000000000000036e-10
2.849399399399399346e-01    4.564444423453077684e-06    1.000000000000000036e-10
2.852352352352351961e-01    4.583013434321693185e-06    1.000000000000000036e-10
2.855305305305305130e-01    4.603383805245135845e-06    1.000000000000000036e-10
2.858258258258258300e-01    4.624539236221171279e-06    1.000000000000000036e-10
2.861211211211210914e-01    4.645433535370065114e-06    1.000000000000000036e-10
2.864164164164164084e-01    4.665010545313367296e-06    1.000000000000000036e-10
2.867117117117116698e-01    4.682225359644884318e-06    1.000000000000000036e-10
2.870070070070069868e-01    4.696065140346228941e-06    1.000000000000000036e-10
2.873023023023023037e-01    4.705567534071299491e-06    1.000000000000000036e-10
2.875975975975975651e-01    4.709837840775583428e-06    1.000000000000000036e-10
2.878928928928928821e-01    4.708066482882512657e-06    1.000000000000000036e-10
2.881881881881881435e-01    4.699544759340502916e-06    1.000000000000000036e-10
2.884834834834834605e-01    4.683675422887726672e-06    1.000000000000000036e-10
2.887787787787787774e-01    4.659982001698505397e-06    1.000000000000000036e-10
2.890740740740740389e-01    4.628117120054363476e-06    1.000000000000000036e-10
2.893693693693693558e-01    4.587870050205916392e-06    1.000000000000000036e-10
2.896646646646646173e-01    4.539166456770852461e-06    1.000000000000000036e-10
2.899599599599599342e-01    4.482067146192895530e-06    1.000000000000000036e-10
2.902552552552552512e-01    4.416765710702256513e-06    1.000000000000000036e-10
2.905505505505505126e-01    4.343585831163211566e-06    1.000000000000000036e-10
2.908458458458458296e-01    4.262971566709114039e-06    1.000000000000000036e-10
2.911411411411410910e-01    4.175476112326690274e-06    1.000000000000000036e-10
2.914364364364364079e-01    4.081750725920316029e-06    1.000000000000000036e-10
2.917317317317317249e-01    3.982533092196049760e-06    1.000000000000000036e-10
2.920270270270269863e-01    3.878631428620822305e-06    1.000000000000000036e-10
2.923223223223223033e-01    3.770907487641580366e-06    1.000000000000000036e-10
2.926176176176176202e-01    3.660260987562148200e-06    1.000000000000000036e-10
2.929129129129128817e-01    3.547613483067361589e-06    1.000000000000000036e-10
2.932082082082081986e-01    3.433890401324144340e-06    1.000000000000000036e-10
2.935035035035034601e-01    3.320004334941865302e-06    1.000000000000000036e-10
2.937987987987987770e-01    3.206840152852936247e-06    1.000000000000000036e-10
2.940940940940940940e-01    3.095239851077773146e-06    1.000000000000000036e-10
2.943893893893893554e-01    2.985987048970617494e-06    1.000000000000000036e-10
2.946846846846846724e-01    2.879795958513413239e-06    1.000000000000000036e-10
2.949799799799799338e-01    2.777301725746509067e-06    1.000000000000000036e-10
2.952752752752752508e-01    2.679050714471446727e-06    1.000000000000000036e-10
2.955705705705705677e-01    2.585491376503920349e-06    1.000000000000000036e-10
2.958658658658658291e-01    2.496971938329129938e-06    1.000000000000000036e-10
2.961611611611611461e-01    2.413738451371463446e-06    1.000000000000000036e-10
2.964564564564564075e-01    2.335932700848185316e-06    1.000000000000000036e-10
2.967517517517517245e-01    2.263591536518775515e-06    1.000000000000000036e-10
2.970470470470470414e-01    2.196653282519316549e-06    1.000000000000000036e-10
2.973423423423423029e-01    2.134963234850590201e-06    1.000000000000000036e-10
2.976376376376376198e-01    2.078278853399534344e-06    1.000000000000000036e-10
2.979329329329328813e-01    2.026277110778232016e-06    1.000000000000000036e-10
2.982282282282281982e-01    1.978566798865608002e-06    1.000000000000000036e-10
2.985235235235235152e-01    1.934698876893729906e-06    1.000000000000000036e-10
2.988188188188187766e-01    1.894176629067232432e-06    1.000000000000000036e-10
2.991141141141140936e-01    1.856468109312269042e-06    1.000000000000000036e-10
2.994094094094094105e-01    1.821019779407931785e-06    1.000000000000000036e-10
2.997047047047046719e-01    1.787267984817543848e-06    1.000000000000000036e-10
2.999999999999999889e-01    1.754650809001319335e-06    1.000000000000000036e-10
