5.000000000000000104e-03    1.000149844504711893e+00    1.000000000000000036e-10
6.482412060301507607e-03    9.999635972762318525e-01    1.000000000000000036e-10
7.964824120603015978e-03    9.997269442758059954e-01    1.000000000000000036e-10
9.447236180904521746e-03    1.000196889055271710e+00    1.000000000000000036e-10
1.092964824120603098e-02    9.996746649795783535e-01    1.000000000000000036e-10
1.241206030150753675e-02    9.993805769281947082e-01    1.000000000000000036e-10
1.389447236180904599e-02    9.978855977507323782e-01    1.000000000000000036e-10
1.537688442211055176e-02    9.937451488449391412e-01    1.000000000000000036e-10
1.685929648241206100e-02    9.796764714544449193e-01    1.000000000000000036e-10
1.834170854271356677e-02    9.171362716207666077e-01    1.000000000000000036e-10
1.982412060301507600e-02    5.932408433520470759e-01    1.000000000000000036e-10
2.130653266331658177e-02    2.357654158407598149e-02    1.000000000000000036e-10
2.278894472361809101e-02    1.212444140287266964e-01    1.000000000000000036e-10
2.427135678391960025e-02    1.585479576505342825e-01    1.000000000000000036e-10
2.575376884422110602e-02    8.514298403455168585e-02    1.000000000000000036e-10
2.723618090452261178e-02    1.505085243514437364e-02    1.000000000000000036e-10
2.871859296482412102e-02    6.286033126225607122e-03    1.000000000000000036e-10
3.020100502512563026e-02    2.767444107559695679e-02    1.000000000000000036e-10
3.168341708542713603e-02    3.759761171062198093e-02    1.000000000000000036e-10
3.316582914572863833e-02    2.766280182572811511e-02    1.000000000000000036e-10
3.464824120603014757e-02    1.087557786446817151e-02    1.000000000000000036e-10
3.613065326633165680e-02    1.545091222647792520e-03    1.000000000000000036e-10
3.761306532663315910e-02    3.024644502175336848e-03    1.000000000000000036e-10
3.909547738693466834e-02    8.759307333941177692e-03    1.000000000000000036e-10
4.057788944723617758e-02    1.146542706550421689e-02    1.000000000000000036e-10
4.206030150753768682e-02    9.046512617316676552e-03    1.000000000000000036e-10
4.354271356783919605e-02    4.222270000876149169e-03    1.000000000000000036e-10
4.502512562814069835e-02    8.458950033742626117e-04    1.000000000000000036e-10
4.650753768844220759e-02    6.245615678562257316e-04    1.000000000000000036e-10
4.798994974874371683e-02    2.434178906953434612e-03    1.000000000000000036e-10
4.947236180904521913e-02    4.013940791400573242e-03    1.000000000000000036e-10
5.095477386934672837e-02    3.970188320259596983e-03    1.000000000000000036e-10
5.243718592964823760e-02    2.517650196758187183e-03    1.000000000000000036e-10
5.391959798994974684e-02    8.846860973505315867e-04    1.000000000000000036e-10
5.540201005025125608e-02    1.446465190589329985e-04    1.000000000000000036e-10
5.688442211055275838e-02    4.940511913764874825e-04    1.000000000000000036e-10
5.836683417085426762e-02    1.314162612445425550e-03    1.000000000000000036e-10
5.984924623115577685e-02    1.817742968716270623e-03    1.000000000000000036e-10
6.133165829145727915e-02    1.623059111831618231e-03    1.000000000000000036e-10
6.281407035175878839e-02    9.396422128640352905e-04    1.000000000000000036e-10
6.429648241206030457e-02    2.887368017122264943e-04    1.000000000000000036e-10
6.577889447236180687e-02    7.526060333902347067e-05    1.000000000000000036e-10
6.726130653266332304e-02    3.280159255663999676e-04    1.000000000000000036e-10
6.874371859296482534e-02    7.431903866114981504e-04    1.000000000000000036e-10
7.022613065326632764e-02    9.607710255491674033e-04    1.000000000000000036e-10
7.170854271356784382e-02    8.268765705592960331e-04    1.000000000000000036e-10
7.319095477386934612e-02    4.608168129344430834e-04    1.000000000000000036e-10
7.467336683417086229e-02    1.383211447004562672e-04    1.000000000000000036e-10
7.615577889447236459e-02    6.341386464027803341e-05    1.000000000000000036e-10
7.763819095477386689e-02    2.363006758190988414e-04    1.000000000000000036e-10
7.912060301507538307e-02    4.781479290005392576e-04    1.000000000000000036e-10
8.060301507537688537e-02    5.831339636478227815e-04    1.000000000000000036e-10
8.208542713567840154e-02    4.832422455640811060e-04    1.000000000000000036e-10
8.356783919597990384e-02    2.593749392865826904e-04    1.000000000000000036e-10
8.505025125628140614e-02    7.939417791567713765e-05    1.000000000000000036e-10
8.653266331658292232e-02    5.830350525466005790e-05    1.000000000000000036e-10
8.801507537688442462e-02    1.793867135159396575e-04    1.000000000000000036e-10
8.949748743718592692e-02    3.242312133085662514e-04    1.000000000000000036e-10
9.097989949748744309e-02    3.706998845413013118e-04    1.000000000000000036e-10
9.246231155778894539e-02    2.897041038540544827e-04    1.000000000000000036e-10
9.394472361809044769e-02    1.472560418288829825e-04    1.000000000000000036e-10
9.542713567839196387e-02    4.645760083129006797e-05    1.000000000000000036e-10
9.690954773869346617e-02    4.812602938708426418e-05    1.000000000000000036e-10
9.839195979899498234e-02    1.297080934215575168e-04    1.000000000000000036e-10
9.987437185929648464e-02    2.139047783788880952e-04    1.000000000000000036e-10
1.013567839195979869e-01    2.295220443499429506e-04    1.000000000000000036e-10
1.028391959798995031e-01    1.711536768596687969e-04    1.000000000000000036e-10
1.043216080402010054e-01    8.191670354263958518e-05    1.000000000000000036e-10
1.058040201005025216e-01    2.659102382092278017e-05    1.000000000000000036e-10
1.072864321608040239e-01    3.389114744664171997e-05    1.000000000000000036e-10
1.087688442211055262e-01    8.558200022891609689e-05    1.000000000000000036e-10
1.102512562814070424e-01    1.342033633340261709e-04    1.000000000000000036e-10
1.117336683417085447e-01    1.411731363472496241e-04    1.000000000000000036e-10
1.132160804020100470e-01    1.042864920880899864e-04    1.000000000000000036e-10
1.146984924623115631e-01    4.907358562425335780e-05    1.000000000000000036e-10
1.161809045226130654e-01    1.661333849478896282e-05    1.000000000000000036e-10
1.176633165829145677e-01    2.171306749058296378e-05    1.000000000000000036e-10
1.191457286432160839e-01    5.433714128142142212e-05    1.000000000000000036e-10
1.206281407035175862e-01    8.585472920357041906e-05    1.000000000000000036e-10
1.221105527638191024e-01    8.967981361696998664e-05    1.000000000000000036e-10
1.235929648241206047e-01    6.741959133232089103e-05    1.000000000000000036e-10
1.250753768844221070e-01    3.387494803312659917e-05    1.000000000000000036e-10
1.265577889447236093e-01    1.221548404716055470e-05    1.000000000000000036e-10
1.280402010050251116e-01    1.489325437503875639e-05    1.000000000000000036e-10
1.295226130653266416e-01    3.677482075194948098e-05    1.000000000000000036e-10
1.310050251256281439e-01    5.743397950548792639e-05    1.000000000000000036e-10
1.324874371859296462e-01    6.508435369280319725e-05    1.000000000000000036e-10
1.339698492462311485e-01    5.067633948051818735e-05    1.000000000000000036e-10
1.354522613065326508e-01    2.744468312377129198e-05    1.000000000000000036e-10
1.369346733668341809e-01    1.071725266067816388e-05    1.000000000000000036e-10
1.384170854271356832e-01    1.259447486730472081e-05    1.000000000000000036e-10
1.398994974874371855e-01    2.820373029124942043e-05    1.000000000000000036e-10
1.413819095477386878e-01    4.661279622252909190e-05    1.000000000000000036e-10
1.428643216080401901e-01    5.015644439981836213e-05    1.000000000000000036e-10
1.443467336683417201e-01    3.874585981574789952e-05    1.000000000000000036e-10
1.458291457286432224e-01    2.270542802687815562e-05    1.000000000000000036e-10
1.473115577889447247e-01    9.632348619202907964e-06    1.000000000000000036e-10
1.487939698492462270e-01    1.075998140786208673e-05    1.000000000000000036e-10
1.502763819095477293e-01    2.289533360558436361e-05    1.000000000000000036e-10
1.517587939698492594e-01    3.459103231278797864e-05    1.000000000000000036e-10
1.532412060301507617e-01    3.982939917486146719e-05    1.000000000000000036e-10
1.547236180904522640e-01    3.125769141006235066e-05    1.000000000000000036e-10
1.562060301507537663e-01    1.667168814564372266e-05    1.000000000000000036e-10
1.576884422110552686e-01    8.046827562639310408e-06    1.000000000000000036e-10
1.591708542713567986e-01    9.423427694133497623e-06    1.000000000000000036e-10
1.606532663316583009e-01    2.007150551289175767e-05    1.000000000000000036e-10
1.621356783919598032e-01    2.694365989770768476e-05    1.000000000000000036e-10
1.636180904522613055e-01    2.956347284529383870e-05    1.000000000000000036e-10
1.651005025125628078e-01    2.228592461687068537e-05    1.000000000000000036e-10
1.665829145728643101e-01    1.263289045364773773e-05    1.000000000000000036e-10
1.680653266331658402e-01    6.467897203593927286e-06    1.000000000000000036e-10
1.695477386934673425e-01    6.381817193381989455e-06    1.000000000000000036e-10
1.710301507537688448e-01    1.292574147613130522e-05    1.000000000000000036e-10
1.725125628140703471e-01    1.722490586545892798e-05    1.000000000000000036e-10
1.739949748743718494e-01    2.148416080669138088e-05    1.000000000000000036e-10
1.754773869346733794e-01    1.542748142310097241e-05    1.000000000000000036e-10
1.769597989949748817e-01    8.442833429498926873e-06    1.000000000000000036e-10
1.784422110552763840e-01    4.932615925681776887e-06    1.000000000000000036e-10
1.799246231155778863e-01    4.435460386808405927e-06    1.000000000000000036e-10
1.814070351758793886e-01    9.387770793066853311e-06    1.000000000000000036e-10
1.828894472361808909e-01    1.298294729925244163e-05    1.000000000000000036e-10
1.843718592964824210e-01    1.622518584377702111e-05    1.000000000000000036e-10
1.858542713567839233e-01    1.189428806121200598e-05    1.000000000000000036e-10
1.873366834170854256e-01    8.468840092795995274e-06    1.000000000000000036e-10
1.888190954773869279e-01    4.097640864986579463e-06    1.000000000000000036e-10
1.903015075376884302e-01    3.087569078894837948e-06    1.000000000000000036e-10
1.917839195979899602e-01    5.754932800950310115e-06    1.000000000000000036e-10
1.932663316582914625e-01    8.777059621996551370e-06    1.000000000000000036e-10
1.947487437185929648e-01    1.032578933182790000e-05    1.000000000000000036e-10
1.962311557788944671e-01    9.092946021028969986e-06    1.000000000000000036e-10
1.977135678391959694e-01    5.784889064309359740e-06    1.000000000000000036e-10
1.991959798994974995e-01    3.036112337971146780e-06    1.000000000000000036e-10
2.006783919597990018e-01    4.179239506305970847e-06    1.000000000000000036e-10
2.021608040201005041e-01    5.493762993963115145e-06    1.000000000000000036e-10
2.036432160804020064e-01    9.902380835091240151e-06    1.000000000000000036e-10
2.051256281407035087e-01    8.323794437806741151e-06    1.000000000000000036e-10
2.066080402010050387e-01    7.338621317675775231e-06    1.000000000000000036e-10
2.080904522613065410e-01    5.236104674716565683e-06    1.000000000000000036e-10
2.095728643216080433e-01    2.904862260488091538e-06    1.000000000000000036e-10
2.110552763819095456e-01    4.835416549250538904e-06    1.000000000000000036e-10
2.125376884422110479e-01    6.504487135083709476e-06    1.000000000000000036e-10
2.140201005025125502e-01    7.508666473451458853e-06    1.000000000000000036e-10
2.155025125628140803e-01    8.427316910202436971e-06    1.000000000000000036e-10
2.169849246231155826e-01    5.131434504408324433e-06    1.000000000000000036e-10
2.184673366834170849e-01    5.856596137248826763e-06    1.000000000000000036e-10
2.199497487437185872e-01    1.944164197695621987e-06    1.000000000000000036e-10
2.214321608040200895e-01    3.820867447606565685e-06    1.000000000000000036e-10
2.229145728643216195e-01    3.014730562899251493e-06    1.000000000000000036e-10
2.243969849246231218e-01    4.167276824381588023e-06    1.000000000000000036e-10
2.258793969849246241e-01    5.318351579657740126e-06    1.000000000000000036e-10
2.273618090452261264e-01    8.484865103259369118e-06    1.000000000000000036e-10
2.288442211055276287e-01    6.484316853136821177e-06    1.000000000000000036e-10
2.303266331658291310e-01    1.550031672398507290e-06    1.000000000000000036e-10
2.318090452261306611e-01    2.675815387448701182e-08    1.000000000000000036e-10
2.332914572864321634e-01    2.336321287479889701e-06    1.000000000000000036e-10
2.347738693467336657e-01    -1.600014694086573622e-06    1.000000000000000036e-10
2.362562814070351680e-01    5.833387031902097701e-06    1.000000000000000036e-10
2.377386934673366703e-01    4.277655162190066057e-06    1.000000000000000036e-10
2.392211055276382003e-01    3.631210426756355085e-06    1.000000000000000036e-10
2.407035175879397026e-01    -5.575724031214805298e-07    1.000000000000000036e-10
2.421859296482412049e-01    6.140515236648101026e-06    1.000000000000000036e-10
2.436683417085427072e-01    3.092522558209853176e-06    1.000000000000000036e-10
2.451507537688442095e-01    5.225293518628834047e-06    1.000000000000000036e-10
2.466331658291457396e-01    1.738417171424191010e-06    1.000000000000000036e-10
2.481155778894472419e-01    4.042643821218774725e-06    1.000000000000000036e-10
2.495979899497487442e-01    3.244839081928181707e-06    1.000000000000000036e-10
2.510804020100502187e-01    8.241142543114909783e-07    1.000000000000000036e-10
2.525628140703517488e-01    -1.006775399862252282e-06    1.000000000000000036e-10
2.540452261306532789e-01    8.094836556347388994e-07    1.000000000000000036e-10
2.555276381909547534e-01    5.416171159802667063e-06    1.000000000000000036e-10
2.570100502512562834e-01    6.441029667394251461e-06    1.000000000000000036e-10
2.584924623115578135e-01    2.799591187017276675e-06    1.000000000000000036e-10
2.599748743718592880e-01    3.272381297649060619e-06    1.000000000000000036e-10
2.614572864321608181e-01    -5.429906916260843357e-07    1.000000000000000036e-10
2.629396984924622926e-01    -1.221141381826828374e-06    1.000000000000000036e-10
2.644221105527638227e-01    2.498915473127279011e-06    1.000000000000000036e-10
2.659045226130652972e-01    2.806996578684309927e-06    1.000000000000000036e-10
2.673869346733668273e-01    2.007538367671370379e-06    1.000000000000000036e-10
2.688693467336683574e-01    -7.978851638991186170e-06    1.000000000000000036e-10
2.703517587939698319e-01    1.055713911498897567e-05    1.000000000000000036e-10
2.718341708542713620e-01    -2.062780262075061251e-06    1.000000000000000036e-10
2.733165829145728365e-01    -4.657698275862331302e-06    1.000000000000000036e-10
2.747989949748743665e-01    -1.968225235999853165e-06    1.000000000000000036e-10
2.762814070351758966e-01    5.664304659172807623e-06    1.000000000000000036e-10
2.777638190954773711e-01    -9.016858807238738125e-06    1.000000000000000036e-10
2.792462311557789012e-01    1.013565501477658509e-05    1.000000000000000036e-10
2.807286432160803757e-01    3.420193444085094017e-06    1.000000000000000036e-10
2.822110552763819058e-01    1.226185948698434214e-05    1.000000000000000036e-10
2.836934673366834359e-01    1.545753073393055994e-05    1.000000000000000036e-10
2.851758793969849104e-01    -8.291004707151375093e-06    1.000000000000000036e-10
2.866582914572864405e-01    1.421901132506452871e-05    1.000000000000000036e-10
2.881407035175879150e-01    4.033090509578521556e-06    1.000000000000000036e-10
2.896231155778894450e-01    -1.661088999381375904e-05    1.000000000000000036e-10
2.911055276381909751e-01    -1.070683742303162020e-05    1.000000000000000036e-10
2.925879396984924496e-01    3.982220642308129291e-06    1.000000000000000036e-10
2.940703517587939797e-01    1.292774080487345838e-06    1.000000000000000036e-10
2.955527638190954542e-01    1.331958508032388465e-05    1.000000000000000036e-10
2.970351758793969843e-01    -3.976723874981627721e-06    1.000000000000000036e-10
2.985175879396985144e-01    -6.304851187751268717e-06    1.000000000000000036e-10
2.999999999999999889e-01    4.683008588755322272e-06    1.000000000000000036e-10
