4.999999999999999237e-03    1.000085913124394432e+00    1.000000000000000036e-10
5.025687439942728117e-03    1.000016357496159358e+00    1.000000000000000036e-10
5.051506848799613807e-03    1.000113339973882187e+00    1.000000000000000036e-10
5.077458904559377893e-03    1.000227165804138174e+00    1.000000000000000036e-10
5.103544288693881090e-03    1.000165269715235672e+00    1.000000000000000036e-10
5.129763686176056804e-03    9.999438806283934555e-01    1.000000000000000036e-10
5.156117785497863794e-03    1.000322589706363674e+00    1.000000000000000036e-10
5.182607278688381065e-03    9.997904567173534485e-01    1.000000000000000036e-10
5.209232861331992114e-03    9.997623124657523119e-01    1.000000000000000036e-10
5.235995232586617733e-03    9.994948078976867434e-01    1.000000000000000036e-10
5.262895095202113627e-03    9.996865358618733932e-01    1.000000000000000036e-10
5.289933155538690569e-03    1.000260668697544597e+00    1.000000000000000036e-10
5.317110123585475079e-03    9.999299438290923936e-01    1.000000000000000036e-10
5.344426712979170706e-03    1.000155195115540518e+00    1.000000000000000036e-10
5.371883641022758352e-03    9.997525282363468602e-01    1.000000000000000036e-10
5.399481628704377867e-03    9.995904344422184007e-01    1.000000000000000036e-10
5.427221400716220057e-03    9.997514301381177360e-01    1.000000000000000036e-10
5.455103685473572210e-03    1.000011857119367020e+00    1.000000000000000036e-10
5.483129215133963376e-03    9.997344266202163876e-01    1.000000000000000036e-10
5.511298725616353006e-03    9.997297653586509902e-01    1.000000000000000036e-10
5.539612956620493939e-03    9.999317000260273813e-01    1.000000000000000036e-10
5.568072651646324006e-03    9.999837696659328312e-01    1.000000000000000036e-10
5.596678558013501621e-03    9.997618976284520231e-01    1.000000000000000036e-10
5.625431426881047185e-03    9.996220801734292394e-01    1.000000000000000036e-10
5.654332013267030464e-03    9.998239130367067018e-01    1.000000000000000036e-10
5.683381076068439244e-03    9.998674066847644815e-01    1.000000000000000036e-10
5.712579378081068804e-03    1.000107818376875679e+00    1.000000000000000036e-10
5.741927686019568378e-03    1.000136490123543664e+00    1.000000000000000036e-10
5.771426770537591705e-03    9.999047039233515122e-01    1.000000000000000036e-10
5.801077406247993548e-03    1.000316759631374453e+00    1.000000000000000036e-10
5.830880371743217029e-03    9.998824078823480566e-01    1.000000000000000036e-10
5.860836449615694846e-03    1.000117514929224516e+00    1.000000000000000036e-10
5.890946426478419623e-03    9.998421796766008285e-01    1.000000000000000036e-10
5.921211092985619213e-03    9.998841054522763505e-01    1.000000000000000036e-10
5.951631243853470164e-03    9.998783586985230398e-01    1.000000000000000036e-10
5.982207677881021084e-03    9.996753767121717704e-01    1.000000000000000036e-10
6.012941197971120345e-03    1.000129475312060201e+00    1.000000000000000036e-10
6.043832611151522469e-03    9.999528405728366209e-01    1.000000000000000036e-10
6.074882728596094246e-03    1.000101270030542722e+00    1.000000000000000036e-10
6.106092365646074646e-03    1.000079913266065379e+00    1.000000000000000036e-10
6.137462341831531609e-03    9.998575329401344636e-01    1.000000000000000036e-10
6.168993480892842260e-03    1.000135472400682568e+00    1.000000000000000036e-10
6.200686610802340522e-03    9.997351823117469616e-01    1.000000000000000036e-10
6.232542563786073152e-03    1.000199254620326439e+00    1.000000000000000036e-10
6.264562176345617357e-03    9.995977549418628705e-01    1.000000000000000036e-10
6.296746289280090968e-03    1.000085771736327400e+00    1.000000000000000036e-10
6.329095747708186892e-03    1.000200064402320344e+00    1.000000000000000036e-10
6.361611401090387120e-03    9.998125520824120427e-01    1.000000000000000036e-10
6.394294103251284278e-03    1.000206899708536934e+00    1.000000000000000036e-10
6.427144712401960426e-03    1.000198169158710071e+00    1.000000000000000036e-10
6.460164091162570559e-03    9.999211026804440960e-01    1.000000000000000036e-10
6.493353106584952121e-03    1.000392437967132953e+00    1.000000000000000036e-10
6.526712630175411471e-03    1.000276543566898102e+00    1.000000000000000036e-10
6.560243537917627432e-03    9.997750241302395535e-01    1.000000000000000036e-10
6.593946710295606889e-03    1.000149881209042357e+00    1.000000000000000036e-10
6.627823032316861561e-03    9.999461870467770686e-01    1.000000000000000036e-10
6.661873393535596051e-03    9.997753725907720934e-01    1.000000000000000036e-10
6.696098688076090183e-03    1.000154841267885342e+00    1.000000000000000036e-10
6.730499814656197566e-03    9.997231387103593381e-01    1.000000000000000036e-10
6.765077676610896200e-03    1.000001267795701976e+00    1.000000000000000036e-10
6.799833181916063729e-03    9.999236043396193541e-01    1.000000000000000036e-10
6.834767243212271776e-03    9.998698094537601389e-01    1.000000000000000036e-10
6.869880777828773696e-03    9.998283677989970863e-01    1.000000000000000036e-10
6.905174707807610300e-03    9.997553451674821012e-01    1.000000000000000036e-10
6.940649959927773678e-03    1.000200406878969606e+00    1.000000000000000036e-10
6.976307465729603488e-03    1.000150988049361533e+00    1.000000000000000036e-10
7.012148161539191044e-03    1.000075693941261834e+00    1.000000000000000036e-10
7.048172988492994173e-03    9.998181462748764181e-01    1.000000000000000036e-10
7.084382892562569173e-03    9.997982311214844708e-01    1.000000000000000036e-10
7.120778824579360872e-03    9.997397348138383766e-01    1.000000000000000036e-10
7.157361740259727753e-03    9.995449403402495436e-01    1.000000000000000036e-10
7.194132600229988760e-03    9.998596455753181456e-01    1.000000000000000036e-10
7.231092370051667856e-03    9.998136782137132528e-01    1.000000000000000036e-10
7.268242020246873034e-03    1.000109617254602234e+00    1.000000000000000036e-10
7.305582526323727358e-03    9.994994377304544653e-01    1.000000000000000036e-10
7.343114868802044608e-03    9.998773758990072702e-01    1.000000000000000036e-10
7.380840033239026605e-03    1.000172563910218582e+00    1.000000000000000036e-10
7.418759010255161768e-03    9.995151700475953804e-01    1.000000000000000036e-10
7.456872795560262439e-03    1.000090998068970283e+00    1.000000000000000036e-10
7.495182389979559469e-03    1.000202410496402461e+00    1.000000000000000036e-10
7.533688799480038785e-03    9.998760398406802974e-01    1.000000000000000036e-10
7.572393035196808321e-03    1.000059390346899502e+00    1.000000000000000036e-10
7.611296113459671379e-03    9.997760048706744174e-01    1.000000000000000036e-10
7.650399055819835301e-03    9.999903464837187617e-01    1.000000000000000036e-10
7.689702889076683451e-03    1.000034345480913966e+00    1.000000000000000036e-10
7.729208645304799612e-03    1.000212158593531964e+00    1.000000000000000036e-10
7.768917361881016656e-03    9.999763869884843448e-01    1.000000000000000036e-10
7.808830081511676860e-03    1.000144325728515415e+00    1.000000000000000036e-10
7.848947852260037064e-03    1.000216135210589607e+00    1.000000000000000036e-10
7.889271727573737153e-03    9.996470407733046848e-01    1.000000000000000036e-10
7.929802766312520068e-03    9.997998054368131271e-01    1.000000000000000036e-10
7.970542032775987384e-03    1.000030566077906302e+00    1.000000000000000036e-10
8.011490596731564787e-03    9.998556967793550410e-01    1.000000000000000036e-10
8.052649533442620203e-03    9.993502132534334281e-01    1.000000000000000036e-10
8.094019923696640917e-03    1.000131855330349540e+00    1.000000000000000036e-10
8.135602853833683035e-03    9.998395468045452317e-01    1.000000000000000036e-10
8.177399415774831357e-03    9.996620601520085359e-01    1.000000000000000036e-10
8.219410707050907317e-03    1.000158602665875307e+00    1.000000000000000036e-10
8.261637830831305290e-03    9.999438237806925756e-01    1.000000000000000036e-10
8.304081895952906966e-03    9.999015293746815747e-01    1.000000000000000036e-10
8.346744016949264600e-03    1.000031389919757707e+00    1.000000000000000036e-10
8.389625314079798141e-03    1.000099186666203455e+00    1.000000000000000036e-10
8.432726913359282067e-03    9.998672502154715147e-01    1.000000000000000036e-10
8.476049946587353029e-03    9.998057173198210412e-01    1.000000000000000036e-10
8.519595551378249948e-03    1.000282938599892368e+00    1.000000000000000036e-10
8.563364871190722385e-03    1.000328609723634798e+00    1.000000000000000036e-10
8.607359055357990951e-03    9.996606507801059083e-01    1.000000000000000036e-10
8.651579259117992207e-03    1.000022004774574924e+00    1.000000000000000036e-10
8.696026643643661735e-03    1.000362518619724916e+00    1.000000000000000036e-10
8.740702376073446189e-03    1.000135849511095909e+00    1.000000000000000036e-10
8.785607629541976674e-03    9.999673053466302530e-01    1.000000000000000036e-10
8.830743583210814984e-03    9.996573893574211001e-01    1.000000000000000036e-10
8.876111422299487810e-03    1.000081146451307301e+00    1.000000000000000036e-10
8.921712338116543489e-03    9.999645434037796043e-01    1.000000000000000036e-10
8.967547528090868969e-03    9.999729908184392668e-01    1.000000000000000036e-10
9.013618195803149019e-03    9.999764974996976363e-01    1.000000000000000036e-10
9.059925551017424319e-03    1.000015488102524941e+00    1.000000000000000036e-10
9.106470809712885472e-03    9.996326868650753372e-01    1.000000000000000036e-10
9.153255194115826610e-03    9.999438701298773990e-01    1.000000000000000036e-10
9.200279932731682264e-03    9.999649102816737800e-01    1.000000000000000036e-10
9.247546260377348740e-03    1.000018446167309394e+00    1.000000000000000036e-10
9.295055418213548845e-03    1.000097521299360137e+00    1.000000000000000036e-10
9.342808653777488065e-03    9.997728460637984593e-01    1.000000000000000036e-10
9.390807221015550627e-03    1.000073387375485678e+00    1.000000000000000036e-10
9.439052380316255778e-03    9.995571062114047001e-01    1.000000000000000036e-10
9.487545398543384065e-03    9.999834082180123485e-01    1.000000000000000036e-10
9.536287549069173003e-03    9.998990464197634598e-01    1.000000000000000036e-10
9.585280111807835401e-03    9.997353032496275604e-01    1.000000000000000036e-10
9.634524373249093304e-03    1.000242485152689653e+00    1.000000000000000036e-10
9.684021626492001628e-03    1.000221048961132286e+00    1.000000000000000036e-10
9.733773171278920985e-03    1.000079570064909218e+00    1.000000000000000036e-10
9.783780314029584188e-03    1.000032121153706433e+00    1.000000000000000036e-10
9.834044367875481932e-03    9.999564777435915319e-01    1.000000000000000036e-10
9.884566652694267569e-03    9.999279228064655856e-01    1.000000000000000036e-10
9.935348495144453312e-03    9.996112707330657710e-01    1.000000000000000036e-10
9.986391228700274708e-03    9.973325591937818313e-01    1.000000000000000036e-10
1.003769619368663490e-02    9.912207477492644969e-01    1.000000000000000036e-10
1.008926473731436638e-02    9.743862906287827919e-01    1.000000000000000036e-10
1.014109821371557071e-02    9.449520473784868146e-01    1.000000000000000036e-10
1.019319798397919259e-02    9.053273363888795222e-01    1.000000000000000036e-10
1.024556541618675334e-02    8.639151923544272638e-01    1.000000000000000036e-10
1.029820188544826667e-02    8.273592952259587463e-01    1.000000000000000036e-10
1.035110877393837121e-02    7.969884280727964621e-01    1.000000000000000036e-10
1.040428747093260359e-02    7.721261571837167992e-01    1.000000000000000036e-10
1.045773937284389180e-02    7.507936474790568582e-01    1.000000000000000036e-10
1.051146588325921859e-02    7.314929623574254469e-01    1.000000000000000036e-10
1.056546841297646526e-02    7.143485655180008553e-01    1.000000000000000036e-10
1.061974838004148616e-02    6.979213842906518694e-01    1.000000000000000036e-10
1.067430720978532026e-02    6.828429792413744925e-01    1.000000000000000036e-10
1.072914633486163512e-02    6.685822782708160661e-01    1.000000000000000036e-10
1.078426719528433574e-02    6.551395889986871834e-01    1.000000000000000036e-10
1.083967123846537109e-02    6.420332940450277359e-01    1.000000000000000036e-10
1.089535991925276448e-02    6.296373199486188232e-01    1.000000000000000036e-10
1.095133469996880347e-02    6.177865036245121511e-01    1.000000000000000036e-10
1.100759705044843106e-02    6.066051245592497532e-01    1.000000000000000036e-10
1.106414844807786062e-02    5.955104245824225373e-01    1.000000000000000036e-10
1.112099037783334174e-02    5.851704350339346217e-01    1.000000000000000036e-10
1.117812433232018635e-02    5.746037455779456904e-01    1.000000000000000036e-10
1.123555181181194740e-02    5.650282305898519652e-01    1.000000000000000036e-10
1.129327432428980753e-02    5.550492198088124995e-01    1.000000000000000036e-10
1.135129338548219839e-02    5.457491165016148393e-01    1.000000000000000036e-10
1.140961051890456573e-02    5.366144464187346808e-01    1.000000000000000036e-10
1.146822725589941722e-02    5.275865392280573163e-01    1.000000000000000036e-10
1.152714513567650728e-02    5.191060529884962138e-01    1.000000000000000036e-10
1.158636570535326142e-02    5.105164254884667629e-01    1.000000000000000036e-10
1.164589051999541207e-02    5.020306076546037222e-01    1.000000000000000036e-10
1.170572114265780103e-02    4.939453717579191383e-01    1.000000000000000036e-10
1.176585914442546468e-02    4.860671411766991912e-01    1.000000000000000036e-10
1.182630610445486487e-02    4.780389431183016402e-01    1.000000000000000036e-10
1.188706361001536094e-02    4.705311768842539433e-01    1.000000000000000036e-10
1.194813325653089342e-02    4.630188358688893668e-01    1.000000000000000036e-10
1.200951664762185851e-02    4.555553332006813116e-01    1.000000000000000036e-10
1.207121539514724971e-02    4.482221385584524986e-01    1.000000000000000036e-10
1.213323111924696079e-02    4.412395045023571050e-01    1.000000000000000036e-10
1.219556544838433336e-02    4.341126032536085089e-01    1.000000000000000036e-10
1.225822001938893166e-02    4.273594377841516967e-01    1.000000000000000036e-10
1.232119647749948740e-02    4.205726549946022241e-01    1.000000000000000036e-10
1.238449647640714642e-02    4.140518694339500039e-01    1.000000000000000036e-10
1.244812167829886795e-02    4.074987824629227595e-01    1.000000000000000036e-10
1.251207375390107727e-02    4.008643126551692526e-01    1.000000000000000036e-10
1.257635438252354201e-02    3.950150879100534640e-01    1.000000000000000036e-10
1.264096525210344456e-02    3.884257411496961354e-01    1.000000000000000036e-10
1.270590805924974240e-02    3.822238795693077562e-01    1.000000000000000036e-10
1.277118450928769848e-02    3.761381721620540852e-01    1.000000000000000036e-10
1.283679631630365789e-02    3.702426414255010623e-01    1.000000000000000036e-10
1.290274520319007606e-02    3.644410882712753597e-01    1.000000000000000036e-10
1.296903290169072395e-02    3.587163545278101995e-01    1.000000000000000036e-10
1.303566115244620717e-02    3.530097032831132076e-01    1.000000000000000036e-10
1.310263170503964472e-02    3.472636354069697506e-01    1.000000000000000036e-10
1.316994631804261837e-02    3.417683283709524455e-01    1.000000000000000036e-10
1.323760675906135269e-02    3.362981432696516282e-01    1.000000000000000036e-10
1.330561480478311548e-02    3.309326852513901907e-01    1.000000000000000036e-10
1.337397224102289742e-02    3.257424385487578955e-01    1.000000000000000036e-10
1.344268086277028949e-02    3.203405261726730568e-01    1.000000000000000036e-10
1.351174247423661892e-02    3.151783218434291434e-01    1.000000000000000036e-10
1.358115888890233311e-02    3.101351569578952860e-01    1.000000000000000036e-10
1.365093192956459180e-02    3.049922908612215378e-01    1.000000000000000036e-10
1.372106342838517838e-02    3.000753617714986832e-01    1.000000000000000036e-10
1.379155522693857432e-02    2.951758365979410548e-01    1.000000000000000036e-10
1.386240917626032840e-02    2.902292565595316343e-01    1.000000000000000036e-10
1.393362713689567066e-02    2.854929365408229724e-01    1.000000000000000036e-10
1.400521097894833963e-02    2.808838797748376970e-01    1.000000000000000036e-10
1.407716258212972880e-02    2.762172403972815160e-01    1.000000000000000036e-10
1.414948383580821867e-02    2.715139135023596495e-01    1.000000000000000036e-10
1.422217663905879677e-02    2.670720821562110880e-01    1.000000000000000036e-10
1.429524290071293620e-02    2.624953206579721532e-01    1.000000000000000036e-10
1.436868453940868574e-02    2.581452815038472459e-01    1.000000000000000036e-10
1.444250348364109308e-02    2.537257610029198251e-01    1.000000000000000036e-10
1.451670167181282056e-02    2.494224326506309097e-01    1.000000000000000036e-10
1.459128105228505411e-02    2.451851288024770315e-01    1.000000000000000036e-10
1.466624358342866197e-02    2.410136854641201087e-01    1.000000000000000036e-10
1.474159123367559804e-02    2.368458399137250980e-01    1.000000000000000036e-10
1.481732598157065733e-02    2.328042029312910322e-01    1.000000000000000036e-10
1.489344981582333381e-02    2.287386933983159010e-01    1.000000000000000036e-10
1.496996473536012749e-02    2.247501237829828691e-01    1.000000000000000036e-10
1.504687274937699382e-02    2.208501813520226120e-01    1.000000000000000036e-10
1.512417587739207751e-02    2.169785634105181604e-01    1.000000000000000036e-10
1.520187614929883156e-02    2.130601959350590102e-01    1.000000000000000036e-10
1.527997560541920728e-02    2.092556579703069020e-01    1.000000000000000036e-10
1.535847629655731107e-02    2.056244955050927081e-01    1.000000000000000036e-10
1.543738028405323807e-02    2.018554094880354310e-01    1.000000000000000036e-10
1.551668963983715913e-02    1.982386107005437714e-01    1.000000000000000036e-10
1.559640644648381362e-02    1.947030364966177707e-01    1.000000000000000036e-10
1.567653279726709259e-02    1.911070973233133519e-01    1.000000000000000036e-10
1.575707079621508841e-02    1.876135177826938616e-01    1.000000000000000036e-10
1.583802255816530585e-02    1.841565438996008441e-01    1.000000000000000036e-10
1.591939020882018191e-02    1.807308413243290113e-01    1.000000000000000036e-10
1.600117588480296643e-02    1.773770232605450248e-01    1.000000000000000036e-10
1.608338173371373983e-02    1.741324679697413280e-01    1.000000000000000036e-10
1.616600991418588179e-02    1.707938625312452885e-01    1.000000000000000036e-10
1.624906259594272387e-02    1.675864676953924826e-01    1.000000000000000036e-10
1.633254195985449006e-02    1.644174709214976660e-01    1.000000000000000036e-10
1.641645019799566063e-02    1.612179630997834512e-01    1.000000000000000036e-10
1.650078951370241229e-02    1.581200031446197418e-01    1.000000000000000036e-10
1.658556212163057181e-02    1.551229455163077586e-01    1.000000000000000036e-10
1.667077024781372929e-02    1.520739019284967075e-01    1.000000000000000036e-10
1.675641612972166017e-02    1.491517083784968112e-01    1.000000000000000036e-10
1.684250201631917743e-02    1.461915717344860199e-01    1.000000000000000036e-10
1.692903016812506711e-02    1.432689082209394893e-01    1.000000000000000036e-10
1.701600285727152689e-02    1.404451489393567509e-01    1.000000000000000036e-10
1.710342236756381973e-02    1.376435643600013303e-01    1.000000000000000036e-10
1.719129099454018428e-02    1.348824685054579031e-01    1.000000000000000036e-10
1.727961104553222757e-02    1.320969641634749114e-01    1.000000000000000036e-10
1.736838483972538358e-02    1.294240385171812058e-01    1.000000000000000036e-10
1.745761470821990263e-02    1.267739585203900565e-01    1.000000000000000036e-10
1.754730299409204206e-02    1.241162981398580140e-01    1.000000000000000036e-10
1.763745205245554476e-02    1.215430046872129771e-01    1.000000000000000036e-10
1.772806425052358623e-02    1.190381144465300495e-01    1.000000000000000036e-10
1.781914196767080821e-02    1.165304886453720074e-01    1.000000000000000036e-10
1.791068759549589717e-02    1.140856611249547042e-01    1.000000000000000036e-10
1.800270353788435349e-02    1.116480384077418592e-01    1.000000000000000036e-10
1.809519221107156600e-02    1.092481370608858332e-01    1.000000000000000036e-10
1.818815604370636885e-02    1.068643964534367607e-01    1.000000000000000036e-10
1.828159747691469883e-02    1.045483299528326693e-01    1.000000000000000036e-10
1.837551896436376633e-02    1.022252280279791481e-01    1.000000000000000036e-10
1.846992297232647948e-02    1.000189149090775220e-01    1.000000000000000036e-10
1.856481197974614930e-02    9.776333511493684458e-02    1.000000000000000036e-10
1.866018847830170496e-02    9.562102144671837112e-02    1.000000000000000036e-10
1.875605497247297138e-02    9.345475567856038890e-02    1.000000000000000036e-10
1.885241397960654361e-02    9.136171588293558188e-02    1.000000000000000036e-10
1.894926802998186249e-02    8.927508069690509585e-02    1.000000000000000036e-10
1.904661966687760943e-02    8.723230127490544383e-02    1.000000000000000036e-10
1.914447144663859041e-02    8.519474875597415897e-02    1.000000000000000036e-10
1.924282593874274486e-02    8.322451511335572649e-02    1.000000000000000036e-10
1.934168572586869930e-02    8.127156320624329133e-02    1.000000000000000036e-10
1.944105340396357767e-02    7.934592804858832393e-02    1.000000000000000036e-10
1.954093158231109614e-02    7.745222657100736541e-02    1.000000000000000036e-10
1.964132288360021308e-02    7.562189630602622614e-02    1.000000000000000036e-10
1.974222994399384493e-02    7.380370486352547110e-02    1.000000000000000036e-10
1.984365541319821000e-02    7.199876875296680467e-02    1.000000000000000036e-10
1.994560195453235624e-02    7.021855700185680726e-02    1.000000000000000036e-10
2.004807224499806015e-02    6.850321705273559880e-02    1.000000000000000036e-10
2.015106897535023575e-02    6.679839979602991695e-02    1.000000000000000036e-10
2.025459485016744068e-02    6.511747308664132816e-02    1.000000000000000036e-10
2.035865258792302762e-02    6.347910006977736108e-02    1.000000000000000036e-10
2.046324492105644488e-02    6.188692752067156966e-02    1.000000000000000036e-10
2.056837459604503315e-02    6.026645224311004412e-02    1.000000000000000036e-10
2.067404437347612062e-02    5.875698277682736559e-02    1.000000000000000036e-10
2.078025702811950662e-02    5.722183010292473254e-02    1.000000000000000036e-10
2.088701534900035128e-02    5.569454627076882158e-02    1.000000000000000036e-10
2.099432213947239820e-02    5.422733203666307150e-02    1.000000000000000036e-10
2.110218021729158913e-02    5.277859366963393029e-02    1.000000000000000036e-10
2.121059241469004999e-02    5.136415252972925671e-02    1.000000000000000036e-10
2.131956157845044803e-02    5.001917834490653136e-02    1.000000000000000036e-10
2.142909056998078612e-02    4.863824309720342354e-02    1.000000000000000036e-10
2.153918226538950945e-02    4.727188334060972857e-02    1.000000000000000036e-10
2.164983955556103526e-02    4.599532834327131614e-02    1.000000000000000036e-10
2.176106534623167138e-02    4.469437939223229461e-02    1.000000000000000036e-10
2.187286255806588156e-02    4.343644564108489758e-02    1.000000000000000036e-10
2.198523412673304700e-02    4.222239941147409165e-02    1.000000000000000036e-10
2.209818300298449154e-02    4.098087318765825104e-02    1.000000000000000036e-10
2.221171215273099950e-02    3.980922980754066781e-02    1.000000000000000036e-10
2.232582455712068745e-02    3.866784319076223969e-02    1.000000000000000036e-10
2.244052321261726449e-02    3.751982357562707454e-02    1.000000000000000036e-10
2.255581113107875402e-02    3.641444535254308862e-02    1.000000000000000036e-10
2.267169133983656590e-02    3.533163756122938842e-02    1.000000000000000036e-10
2.278816688177497801e-02    3.425718528122578821e-02    1.000000000000000036e-10
2.290524081541107232e-02    3.322126260850272877e-02    1.000000000000000036e-10
2.302291621497498317e-02    3.221144310733198984e-02    1.000000000000000036e-10
2.314119617049070071e-02    3.121508770419862550e-02    1.000000000000000036e-10
2.326008378785716230e-02    3.024085708880108053e-02    1.000000000000000036e-10
2.337958218892983303e-02    2.929760305290951203e-02    1.000000000000000036e-10
2.349969451160267842e-02    2.837128437681766396e-02    1.000000000000000036e-10
2.362042390989051860e-02    2.746153698978364560e-02    1.000000000000000036e-10
2.374177355401192735e-02    2.657531088150825657e-02    1.000000000000000036e-10
2.386374663047242245e-02    2.571236123364632753e-02    1.000000000000000036e-10
2.398634634214815917e-02    2.487218126846886534e-02    1.000000000000000036e-10
2.410957590837004352e-02    2.405008984858649640e-02    1.000000000000000036e-10
2.423343856500821333e-02    2.324048978237996943e-02    1.000000000000000036e-10
2.435793756455709169e-02    2.246315667278370870e-02    1.000000000000000036e-10
2.448307617622073884e-02    2.170500058747935543e-02    1.000000000000000036e-10
2.460885768599870710e-02    2.095624287426304036e-02    1.000000000000000036e-10
2.473528539677235724e-02    2.023439484927057677e-02    1.000000000000000036e-10
2.486236262839150099e-02    1.952936451086774092e-02    1.000000000000000036e-10
2.499009271776173047e-02    1.884067518485499707e-02    1.000000000000000036e-10
2.511847901893186213e-02    1.816779927154675914e-02    1.000000000000000036e-10
2.524752490318214748e-02    1.752275845438337407e-02    1.000000000000000036e-10
2.537723375911275434e-02    1.688545141846200734e-02    1.000000000000000036e-10
2.550760899273268531e-02    1.627138407530818662e-02    1.000000000000000036e-10
2.563865402754937281e-02    1.567519737841485683e-02    1.000000000000000036e-10
2.577037230465837117e-02    1.509042423510395872e-02    1.000000000000000036e-10
2.590276728283389188e-02    1.452570001750647100e-02    1.000000000000000036e-10
2.603584243861954695e-02    1.397256788624486740e-02    1.000000000000000036e-10
2.616960126641959539e-02    1.344737030220100743e-02    1.000000000000000036e-10
2.630404727859085579e-02    1.293076227470627698e-02    1.000000000000000036e-10
2.643918400553474379e-02    1.243002403383665355e-02    1.000000000000000036e-10
2.657501499579011453e-02    1.194291385244267319e-02    1.000000000000000036e-10
2.671154381612640683e-02    1.147132516372010268e-02    1.000000000000000036e-10
2.684877405163724196e-02    1.101161336301742857e-02    1.000000000000000036e-10
2.698670930583470587e-02    1.057247173078407557e-02    1.000000000000000036e-10
2.712535320074379100e-02    1.014278348111962054e-02    1.000000000000000036e-10
2.726470937699766034e-02    9.733554594723935194e-03    1.000000000000000036e-10
2.740478149393317520e-02    9.331228531097794654e-03    1.000000000000000036e-10
2.754557322968694683e-02    8.945632252192907419e-03    1.000000000000000036e-10
2.768708828129207156e-02    8.573646333596873087e-03    1.000000000000000036e-10
2.782933036477499775e-02    8.212396770464563955e-03    1.000000000000000036e-10
2.797230321525328786e-02    7.865954229319693097e-03    1.000000000000000036e-10
2.811601058703360953e-02    7.532601132306257843e-03    1.000000000000000036e-10
2.826045625371028866e-02    7.209957541919720381e-03    1.000000000000000036e-10
2.840564400826454602e-02    6.896615371909958596e-03    1.000000000000000036e-10
2.855157766316389692e-02    6.597727718334767816e-03    1.000000000000000036e-10
2.869826105046241818e-02    6.308694460718281341e-03    1.000000000000000036e-10
2.884569802190131704e-02    6.032645065875179985e-03    1.000000000000000036e-10
2.899389244901002041e-02    5.767348437807099000e-03    1.000000000000000036e-10
2.914284822320799620e-02    5.513433422374188451e-03    1.000000000000000036e-10
2.929256925590672384e-02    5.268190640343110853e-03    1.000000000000000036e-10
2.944305947861257378e-02    5.032463498504001140e-03    1.000000000000000036e-10
2.959432284302998192e-02    4.808779895642159401e-03    1.000000000000000036e-10
2.974636332116516180e-02    4.594237736227142765e-03    1.000000000000000036e-10
2.989918490543056265e-02    4.389770799834941638e-03    1.000000000000000036e-10
3.005279160874950450e-02    4.192037826458715720e-03    1.000000000000000036e-10
3.020718746466170834e-02    4.005264926758096179e-03    1.000000000000000036e-10
3.036237652742915585e-02    3.825270015516483470e-03    1.000000000000000036e-10
3.051836287214249391e-02    3.655572707301997081e-03    1.000000000000000036e-10
3.067515059482820577e-02    3.493222584278376803e-03    1.000000000000000036e-10
3.083274381255594887e-02    3.340324259834987278e-03    1.000000000000000036e-10
3.099114666354684661e-02    3.193072873928884479e-03    1.000000000000000036e-10
3.115036330728207861e-02    3.054987701414981546e-03    1.000000000000000036e-10
3.131039792461204341e-02    2.922218211022801094e-03    1.000000000000000036e-10
3.147125471786632600e-02    2.798448247068968404e-03    1.000000000000000036e-10
3.163293791096380425e-02    2.681628615017542239e-03    1.000000000000000036e-10
3.179545174952377873e-02    2.570177878124317063e-03    1.000000000000000036e-10
3.195880050097734543e-02    2.466398004333511702e-03    1.000000000000000036e-10
3.212298845467941033e-02    2.367654179007804092e-03    1.000000000000000036e-10
3.228801992202151583e-02    2.275847854658709802e-03    1.000000000000000036e-10
3.245389923654481285e-02    2.189810411142909582e-03    1.000000000000000036e-10
3.262063075405401830e-02    2.108876433263988034e-03    1.000000000000000036e-10
3.278821885273175418e-02    2.033564621578562784e-03    1.000000000000000036e-10
3.295666793325343485e-02    1.963001006632344222e-03    1.000000000000000036e-10
3.312598241890301470e-02    1.898314362341400278e-03    1.000000000000000036e-10
3.329616675568888851e-02    1.838344967946850062e-03    1.000000000000000036e-10
3.346722541246083954e-02    1.782052775006323989e-03    1.000000000000000036e-10
3.363916288102730690e-02    1.731703926691875164e-03    1.000000000000000036e-10
3.381198367627328422e-02    1.682715593223139223e-03    1.000000000000000036e-10
3.398569233627904418e-02    1.639207215200119607e-03    1.000000000000000036e-10
3.416029342243907113e-02    1.600038224747112655e-03    1.000000000000000036e-10
3.433579151958202763e-02    1.564011559371100571e-03    1.000000000000000036e-10
3.451219123609108874e-02    1.532022962921913067e-03    1.000000000000000036e-10
3.468949720402486614e-02    1.502770569861147263e-03    1.000000000000000036e-10
3.486771407923923427e-02    1.476591085355608403e-03    1.000000000000000036e-10
3.504684654150935080e-02    1.453782878058528264e-03    1.000000000000000036e-10
3.522689929465274566e-02    1.433540022837464850e-03    1.000000000000000036e-10
3.540787706665272927e-02    1.415700060913137369e-03    1.000000000000000036e-10
3.558978460978252933e-02    1.400288517455468632e-03    1.000000000000000036e-10
3.577262670073021178e-02    1.387027808371346302e-03    1.000000000000000036e-10
3.595640814072392777e-02    1.376219223798547759e-03    1.000000000000000036e-10
3.614113375565812525e-02    1.366972021414075309e-03    1.000000000000000036e-10
3.632680839622023927e-02    1.361140306946477399e-03    1.000000000000000036e-10
3.651343693801798601e-02    1.355900141050162596e-03    1.000000000000000036e-10
3.670102428170757269e-02    1.351806152283566067e-03    1.000000000000000036e-10
3.688957535312215041e-02    1.349489655173815965e-03    1.000000000000000036e-10
3.707909510340134940e-02    1.348828335326182669e-03    1.000000000000000036e-10
3.726958850912121674e-02    1.348802280633289467e-03    1.000000000000000036e-10
3.746106057242483411e-02    1.349815487335689467e-03    1.000000000000000036e-10
3.765351632115385150e-02    1.351909112484864402e-03    1.000000000000000036e-10
3.784696080898026366e-02    1.354809362826564587e-03    1.000000000000000036e-10
3.804139911553934550e-02    1.358808458728196248e-03    1.000000000000000036e-10
3.823683634656289965e-02    1.362551883829740771e-03    1.000000000000000036e-10
3.843327763401331587e-02    1.367327314169245953e-03    1.000000000000000036e-10
3.863072813621849788e-02    1.372836870831071858e-03    1.000000000000000036e-10
3.882919303800708155e-02    1.378199475057427514e-03    1.000000000000000036e-10
3.902867755084474255e-02    1.382244727393161900e-03    1.000000000000000036e-10
3.922918691297103133e-02    1.388973611406303568e-03    1.000000000000000036e-10
3.943072638953679099e-02    1.393957499824082001e-03    1.000000000000000036e-10
3.963330127274267145e-02    1.399489349561331341e-03    1.000000000000000036e-10
3.983691688197778247e-02    1.404750010497457036e-03    1.000000000000000036e-10
4.004157856395961640e-02    1.409507174790993259e-03    1.000000000000000036e-10
4.024729169287436653e-02    1.414809383324243386e-03    1.000000000000000036e-10
4.045406167051796009e-02    1.418705654278359495e-03    1.000000000000000036e-10
4.066189392643813211e-02    1.422269304380535627e-03    1.000000000000000036e-10
4.087079391807670742e-02    1.425703502459955974e-03    1.000000000000000036e-10
4.108076713091313170e-02    1.428232193100985705e-03    1.000000000000000036e-10
4.129181907860844658e-02    1.431116728277455124e-03    1.000000000000000036e-10
4.150395530314995862e-02    1.431970969947457713e-03    1.000000000000000036e-10
4.171718137499702550e-02    1.432408086365112793e-03    1.000000000000000036e-10
4.193150289322703644e-02    1.432589203258170883e-03    1.000000000000000036e-10
4.214692548568263475e-02    1.432209970729229898e-03    1.000000000000000036e-10
4.236345480911946071e-02    1.430608706925406330e-03    1.000000000000000036e-10
4.258109654935456762e-02    1.428080922797803206e-03    1.000000000000000036e-10
4.279985642141598268e-02    1.424392897560636511e-03    1.000000000000000036e-10
4.301974016969246917e-02    1.420024063383230504e-03    1.000000000000000036e-10
4.324075356808460002e-02    1.415309924850399401e-03    1.000000000000000036e-10
4.346290242015627553e-02    1.409229504735715803e-03    1.000000000000000036e-10
4.368619255928713613e-02    1.402236004463764708e-03    1.000000000000000036e-10
4.391062984882577319e-02    1.395076862046545777e-03    1.000000000000000036e-10
4.413622018224357124e-02    1.384892943655763103e-03    1.000000000000000036e-10
4.436296948328963263e-02    1.374979330828627645e-03    1.000000000000000036e-10
4.459088370614622959e-02    1.364836244543836266e-03    1.000000000000000036e-10
4.481996883558517220e-02    1.352737393812771145e-03    1.000000000000000036e-10
4.505023088712498125e-02    1.339796883108423714e-03    1.000000000000000036e-10
4.528167590718877589e-02    1.325599055986929507e-03    1.000000000000000036e-10
4.551430997326315342e-02    1.311599089321852964e-03    1.000000000000000036e-10
4.574813919405771451e-02    1.295058386451417064e-03    1.000000000000000036e-10
4.598316970966547651e-02    1.278318069290631468e-03    1.000000000000000036e-10
4.621940769172414726e-02    1.261623207655925135e-03    1.000000000000000036e-10
4.645685934357805108e-02    1.242499190125903510e-03    1.000000000000000036e-10
4.669553090044121363e-02    1.223893802615229473e-03    1.000000000000000036e-10
4.693542862956097406e-02    1.204298539732745173e-03    1.000000000000000036e-10
4.717655883038256170e-02    1.182777301261276866e-03    1.000000000000000036e-10
4.741892783471457484e-02    1.162421408932767493e-03    1.000000000000000036e-10
4.766254200689511167e-02    1.139257593098370620e-03    1.000000000000000036e-10
4.790740774395906704e-02    1.116428283857087830e-03    1.000000000000000036e-10
4.815353147580599125e-02    1.094091260317400392e-03    1.000000000000000036e-10
4.840091966536897577e-02    1.068951164799519576e-03    1.000000000000000036e-10
4.864957880878437863e-02    1.044600589184187245e-03    1.000000000000000036e-10
4.889951543556229213e-02    1.019690057003785118e-03    1.000000000000000036e-10
4.915073610875816956e-02    9.939292934448712164e-04    1.000000000000000036e-10
4.940324742514506928e-02    9.679016477726535119e-04    1.000000000000000036e-10
4.965705601538688424e-02    9.416742529831018983e-04    1.000000000000000036e-10
4.991216854421247351e-02    9.149423387719768028e-04    1.000000000000000036e-10
5.016859171059060568e-02    8.878609161929952500e-04    1.000000000000000036e-10
5.042633224790599167e-02    8.608878125762355320e-04    1.000000000000000036e-10
5.068539692413599751e-02    8.336091928884207516e-04    1.000000000000000036e-10
5.094579254202839802e-02    8.061103723711973180e-04    1.000000000000000036e-10
5.120752593928000473e-02    7.781359429282053543e-04    1.000000000000000036e-10
5.147060398871617509e-02    7.511228044794151680e-04    1.000000000000000036e-10
5.173503359847136940e-02    7.233108346212569926e-04    1.000000000000000036e-10
5.200082171217049881e-02    6.956060271324402636e-04    1.000000000000000036e-10
5.226797530911125172e-02    6.683809230992138152e-04    1.000000000000000036e-10
5.253650140444741934e-02    6.407941416876739406e-04    1.000000000000000036e-10
5.280640704937295676e-02    6.139864601844848783e-04    1.000000000000000036e-10
5.307769933130733475e-02    5.866804677052083437e-04    1.000000000000000036e-10
5.335038537408154369e-02    5.596337485878947159e-04    1.000000000000000036e-10
5.362447233812513842e-02    5.342392804799435705e-04    1.000000000000000036e-10
5.389996742065435859e-02    5.088298341325280536e-04    1.000000000000000036e-10
5.417687785586094984e-02    4.821214620392061173e-04    1.000000000000000036e-10
5.445521091510231726e-02    4.574267596768614367e-04    1.000000000000000036e-10
5.473497390709235189e-02    4.329052681036760632e-04    1.000000000000000036e-10
5.501617417809336746e-02    4.089815807042125736e-04    1.000000000000000036e-10
5.529881911210906414e-02    3.856635681385366609e-04    1.000000000000000036e-10
5.558291613107825546e-02    3.630329183937606747e-04    1.000000000000000036e-10
5.586847269506999003e-02    3.410372914021246333e-04    1.000000000000000036e-10
5.615549630247927693e-02    3.189600694683919989e-04    1.000000000000000036e-10
5.644399449022405313e-02    2.986316279789086683e-04    1.000000000000000036e-10
5.673397483394312241e-02    2.782692865093182115e-04    1.000000000000000036e-10
5.702544494819492688e-02    2.583848580525531210e-04    1.000000000000000036e-10
5.731841248665772715e-02    2.398487234348373697e-04    1.000000000000000036e-10
5.761288514233040697e-02    2.222021477279545010e-04    1.000000000000000036e-10
5.790887064773456855e-02    2.049786997997989752e-04    1.000000000000000036e-10
5.820637677511752289e-02    1.894110738476701187e-04    1.000000000000000036e-10
5.850541133665645294e-02    1.735482198997101617e-04    1.000000000000000036e-10
5.880598218466342314e-02    1.585514269909118600e-04    1.000000000000000036e-10
5.910809721179172832e-02    1.453313885165749314e-04    1.000000000000000036e-10
5.941176435124307514e-02    1.319336869220700734e-04    1.000000000000000036e-10
5.971699157697585997e-02    1.202009502119918754e-04    1.000000000000000036e-10
6.002378690391466098e-02    1.087422489436143494e-04    1.000000000000000036e-10
6.033215838816052140e-02    9.821727462913728711e-05    1.000000000000000036e-10
6.064211412720269673e-02    8.853889066597337278e-05    1.000000000000000036e-10
6.095366226013119310e-02    7.964724906480224824e-05    1.000000000000000036e-10
6.126681096785045744e-02    7.202958021468166357e-05    1.000000000000000036e-10
6.158156847329428890e-02    6.459729061698691504e-05    1.000000000000000036e-10
6.189794304164161071e-02    5.827424357163355010e-05    1.000000000000000036e-10
6.221594298053369915e-02    5.215011621460048408e-05    1.000000000000000036e-10
6.253557664029220364e-02    4.767610805247577581e-05    1.000000000000000036e-10
6.285685241413845048e-02    4.241409862005226009e-05    1.000000000000000036e-10
6.317977873841387759e-02    3.973727060834389532e-05    1.000000000000000036e-10
6.350436409280142691e-02    3.631917196311223648e-05    1.000000000000000036e-10
6.383061700054838694e-02    3.402104440490082268e-05    1.000000000000000036e-10
6.415854602869013046e-02    3.240923291317382210e-05    1.000000000000000036e-10
6.448815978827505957e-02    3.094513670090733758e-05    1.000000000000000036e-10
6.481946693459073039e-02    3.072881593262471583e-05    1.000000000000000036e-10
6.515247616739110181e-02    3.092314357946505097e-05    1.000000000000000036e-10
6.548719623112504717e-02    3.114220992510402080e-05    1.000000000000000036e-10
6.582363591516594836e-02    3.196903519140960597e-05    1.000000000000000036e-10
6.616180405404248344e-02    3.303134404394176914e-05    1.000000000000000036e-10
6.650170952767064936e-02    3.498102690035747323e-05    1.000000000000000036e-10
6.684336126158678393e-02    3.721636998885881597e-05    1.000000000000000036e-10
6.718676822718216979e-02    3.953802181601626499e-05    1.000000000000000036e-10
6.753193944193848497e-02    4.204401460362338391e-05    1.000000000000000036e-10
6.787888396966459958e-02    4.464193215018152786e-05    1.000000000000000036e-10
6.822761092073464928e-02    4.788161672257160265e-05    1.000000000000000036e-10
6.857812945232705237e-02    5.164695059910936337e-05    1.000000000000000036e-10
6.893044876866527559e-02    5.425724119695224829e-05    1.000000000000000036e-10
6.928457812125933535e-02    5.775920906152604619e-05    1.000000000000000036e-10
6.964052680914871452e-02    6.136380336165679530e-05    1.000000000000000036e-10
6.999830417914672254e-02    6.499253901779473064e-05    1.000000000000000036e-10
7.035791962608561878e-02    6.854595787888686099e-05    1.000000000000000036e-10
7.071938259306366492e-02    7.205325121462953899e-05    1.000000000000000036e-10
7.108270257169285733e-02    7.525355394058996436e-05    1.000000000000000036e-10
7.144788910234825541e-02    7.912193399514690626e-05    1.000000000000000036e-10
7.181495177441851729e-02    8.223107058538900731e-05    1.000000000000000036e-10
7.218390022655754579e-02    8.487801917448329985e-05    1.000000000000000036e-10
7.255474414693782736e-02    8.812040143463760987e-05    1.000000000000000036e-10
7.292749327350468713e-02    9.116074536238657263e-05    1.000000000000000036e-10
7.330215739423202870e-02    9.347031756722843894e-05    1.000000000000000036e-10
7.367874634737939243e-02    9.499976859550148271e-05    1.000000000000000036e-10
7.405727002175011009e-02    9.723791892640315526e-05    1.000000000000000036e-10
7.443773835695130514e-02    9.939424196086855446e-05    1.000000000000000036e-10
7.482016134365461479e-02    1.007122565007896641e-04    1.000000000000000036e-10
7.520454902385864671e-02    1.019578541182887093e-04    1.000000000000000036e-10
7.559091149115272634e-02    1.028361104319331048e-04    1.000000000000000036e-10
7.597925889098169905e-02    1.037653145405548368e-04    1.000000000000000036e-10
7.636960142091268888e-02    1.042400585411771191e-04    1.000000000000000036e-10
7.676194933090260686e-02    1.040323327169856183e-04    1.000000000000000036e-10
7.715631292356743554e-02    1.043433655982824290e-04    1.000000000000000036e-10
7.755270255445273486e-02    1.038005539614470017e-04    1.000000000000000036e-10
7.795112863230545253e-02    1.027907027712336464e-04    1.000000000000000036e-10
7.835160161934746903e-02    1.014175227487119880e-04    1.000000000000000036e-10
7.875413203155014197e-02    1.000960536195577533e-04    1.000000000000000036e-10
7.915873043891052951e-02    9.845310265261443690e-05    1.000000000000000036e-10
7.956540746572896006e-02    9.673250989851764998e-05    1.000000000000000036e-10
7.997417379088785083e-02    9.453197592931512417e-05    1.000000000000000036e-10
8.038504014813235843e-02    9.182479840860223257e-05    1.000000000000000036e-10
8.079801732635211176e-02    8.976745689522289151e-05    1.000000000000000036e-10
8.121311616986451321e-02    8.735221956357836447e-05    1.000000000000000036e-10
8.163034757869956637e-02    8.437088980673428291e-05    1.000000000000000036e-10
8.204972250888589724e-02    8.114132082695782921e-05    1.000000000000000036e-10
8.247125197273877384e-02    7.789924194188065413e-05    1.000000000000000036e-10
8.289494703914900009e-02    7.518628104410665571e-05    1.000000000000000036e-10
8.332081883387372490e-02    7.158887078487804860e-05    1.000000000000000036e-10
8.374887853982850017e-02    6.833112771852940359e-05    1.000000000000000036e-10
8.417913739738103196e-02    6.459022949829359560e-05    1.000000000000000036e-10
8.461160670464618061e-02    6.105030753577541682e-05    1.000000000000000036e-10
8.504629781778280662e-02    5.810686098784915407e-05    1.000000000000000036e-10
8.548322215129190715e-02    5.423475799187732976e-05    1.000000000000000036e-10
8.592239117831630690e-02    5.129248916124668791e-05    1.000000000000000036e-10
8.636381643094202809e-02    4.724702390215079030e-05    1.000000000000000036e-10
8.680750950050092341e-02    4.428200836298631585e-05    1.000000000000000036e-10
8.725348203787526569e-02    4.133441890180927141e-05    1.000000000000000036e-10
8.770174575380358661e-02    3.771203109547478121e-05    1.000000000000000036e-10
8.815231241918820848e-02    3.503532050635739482e-05    1.000000000000000036e-10
8.860519386540431641e-02    3.204163683841626417e-05    1.000000000000000036e-10
8.906040198461054325e-02    2.967407714797278811e-05    1.000000000000000036e-10
8.951794873006148345e-02    2.741114520207432490e-05    1.000000000000000036e-10
8.997784611642138664e-02    2.451837173492859027e-05    1.000000000000000036e-10
9.044010622007966904e-02    2.282595352700398714e-05    1.000000000000000036e-10
9.090474117946811816e-02    2.032007664400219555e-05    1.000000000000000036e-10
9.137176319537944347e-02    1.890456138880076582e-05    1.000000000000000036e-10
9.184118453128790882e-02    1.693823430612117613e-05    1.000000000000000036e-10
9.231301751367115838e-02    1.556157583943914628e-05    1.000000000000000036e-10
9.278727453233401312e-02    1.386260140403556232e-05    1.000000000000000036e-10
9.326396804073376623e-02    1.333190472787022057e-05    1.000000000000000036e-10
9.374311055630710210e-02    1.218341361704641894e-05    1.000000000000000036e-10
9.422471466079899993e-02    1.155074876038846377e-05    1.000000000000000036e-10
9.470879300059294181e-02    1.122737662133796198e-05    1.000000000000000036e-10
9.519535828704310532e-02    1.086808557083352206e-05    1.000000000000000036e-10
9.568442329680809655e-02    1.032388144335290535e-05    1.000000000000000036e-10
9.617600087218632077e-02    1.060560331984115074e-05    1.000000000000000036e-10
9.667010392145349018e-02    1.102280689033342939e-05    1.000000000000000036e-10
9.716674541920136687e-02    1.099280640124269087e-05    1.000000000000000036e-10
9.766593840667854576e-02    1.149803714979928469e-05    1.000000000000000036e-10
9.816769599213290287e-02    1.154450808212166999e-05    1.000000000000000036e-10
9.867203135115563961e-02    1.204380584191084259e-05    1.000000000000000036e-10
9.917895772702756130e-02    1.270842376130390892e-05    1.000000000000000036e-10
9.968848843106659086e-02    1.381366720700432805e-05    1.000000000000000036e-10
1.002006368429774336e-01    1.379241426693347366e-05    1.000000000000000036e-10
1.007154164112028516e-01    1.481537871142675555e-05    1.000000000000000036e-10
1.012328406532767427e-01    1.543364707822142184e-05    1.000000000000000036e-10
1.017529231561792591e-01    1.632999926115536035e-05    1.000000000000000036e-10
1.022756775766934939e-01    1.714647902726128628e-05    1.000000000000000036e-10
1.028011176417640699e-01    1.745044088644801024e-05    1.000000000000000036e-10
1.033292571488577116e-01    1.829615503500809498e-05    1.000000000000000036e-10
1.038601099663252619e-01    1.912186099855908581e-05    1.000000000000000036e-10
1.043936900337662371e-01    1.934572407901144587e-05    1.000000000000000036e-10
1.049300113623946318e-01    1.932915984562931443e-05    1.000000000000000036e-10
1.054690880354068327e-01    1.979952768354743958e-05    1.000000000000000036e-10
1.060109342083516148e-01    2.055933382480263711e-05    1.000000000000000036e-10
1.065555641095014688e-01    2.069290677120182742e-05    1.000000000000000036e-10
1.071029920402266911e-01    2.034049485722901461e-05    1.000000000000000036e-10
1.076532323753706111e-01    2.008205058585376535e-05    1.000000000000000036e-10
1.082062995636271369e-01    1.998491004798212580e-05    1.000000000000000036e-10
1.087622081279202568e-01    1.986685302862910976e-05    1.000000000000000036e-10
1.093209726657850961e-01    1.965350148502436421e-05    1.000000000000000036e-10
1.098826078497516512e-01    1.885733464151117300e-05    1.000000000000000036e-10
1.104471284277297599e-01    1.880289201118966500e-05    1.000000000000000036e-10
1.110145492233965414e-01    1.835597100074813246e-05    1.000000000000000036e-10
1.115848851365855571e-01    1.771161170428927283e-05    1.000000000000000036e-10
1.121581511436779560e-01    1.667263289140604327e-05    1.000000000000000036e-10
1.127343622979960353e-01    1.652621721809166574e-05    1.000000000000000036e-10
1.133135337301982987e-01    1.540830744373119815e-05    1.000000000000000036e-10
1.138956806486768059e-01    1.478236150269500199e-05    1.000000000000000036e-10
1.144808183399566165e-01    1.388307287718615908e-05    1.000000000000000036e-10
1.150689621690969694e-01    1.259816999502353104e-05    1.000000000000000036e-10
1.156601275800950568e-01    1.182170245025728798e-05    1.000000000000000036e-10
1.162543300962914083e-01    1.045086652995183739e-05    1.000000000000000036e-10
1.168515853207774680e-01    9.804889922999300249e-06    1.000000000000000036e-10
1.174519089368054880e-01    9.283841580723589340e-06    1.000000000000000036e-10
1.180553167082000338e-01    8.142799578128599237e-06    1.000000000000000036e-10
1.186618244797723043e-01    7.144428000645437917e-06    1.000000000000000036e-10
1.192714481777359947e-01    6.380807569641080058e-06    1.000000000000000036e-10
1.198842038101255031e-01    5.871749361869753604e-06    1.000000000000000036e-10
1.205001074672163858e-01    5.036449576453716608e-06    1.000000000000000036e-10
1.211191753219476169e-01    3.873552107976069603e-06    1.000000000000000036e-10
1.217414236303466235e-01    3.296242663925810141e-06    1.000000000000000036e-10
1.223668687319559162e-01    2.816236430158028863e-06    1.000000000000000036e-10
1.229955270502622322e-01    3.029735069435805257e-06    1.000000000000000036e-10
1.236274150931277460e-01    2.280764562670259105e-06    1.000000000000000036e-10
1.242625494532236391e-01    2.324852543568342037e-06    1.000000000000000036e-10
1.249009468084655849e-01    1.307351985573926196e-06    1.000000000000000036e-10
1.255426239224519958e-01    2.036023187114007256e-06    1.000000000000000036e-10
1.261875976449040315e-01    1.041599638586080169e-06    1.000000000000000036e-10
1.268358849121080933e-01    1.534415963229435674e-06    1.000000000000000036e-10
1.274875027473606204e-01    1.216128359890198118e-06    1.000000000000000036e-10
1.281424682614148158e-01    1.241569711997340668e-06    1.000000000000000036e-10
1.288007986529303706e-01    1.676102878180080255e-06    1.000000000000000036e-10
1.294625112089248242e-01    2.010726287017168336e-06    1.000000000000000036e-10
1.301276233052275633e-01    2.234784083152757884e-06    1.000000000000000036e-10
1.307961524069361781e-01    2.248581662502866655e-06    1.000000000000000036e-10
1.314681160688747352e-01    2.807296944577392003e-06    1.000000000000000036e-10
1.321435319360552418e-01    2.978034139788409769e-06    1.000000000000000036e-10
1.328224177441406639e-01    2.530838961739498051e-06    1.000000000000000036e-10
1.335047913199107206e-01    3.432789716079416484e-06    1.000000000000000036e-10
1.341906705817300649e-01    3.179398924494077193e-06    1.000000000000000036e-10
1.348800735400185191e-01    3.512398184649922672e-06    1.000000000000000036e-10
1.355730182977244735e-01    4.376889828371060065e-06    1.000000000000000036e-10
1.362695230507998401e-01    3.681937297221143722e-06    1.000000000000000036e-10
1.369696060886781142e-01    4.488568384664240040e-06    1.000000000000000036e-10
1.376732857947545463e-01    4.214267911494555217e-06    1.000000000000000036e-10
1.383805806468686450e-01    4.420485009451411393e-06    1.000000000000000036e-10
1.390915092177898438e-01    4.193412941639130181e-06    1.000000000000000036e-10
1.398060901757048613e-01    4.568298576795687372e-06    1.000000000000000036e-10
1.405243422847080037e-01    4.207448549760635140e-06    1.000000000000000036e-10
1.412462844052939648e-01    4.328382809114995452e-06    1.000000000000000036e-10
1.419719354948528189e-01    4.316210204015978033e-06    1.000000000000000036e-10
1.427013146081681227e-01    4.323889237934997358e-06    1.000000000000000036e-10
1.434344408979172092e-01    4.104787160419973414e-06    1.000000000000000036e-10
1.441713336151739522e-01    3.583186846359461500e-06    1.000000000000000036e-10
1.449120121099145286e-01    4.128286158402922465e-06    1.000000000000000036e-10
1.456564958315251235e-01    2.903309863502543908e-06    1.000000000000000036e-10
1.464048043293131596e-01    2.932855074344192464e-06    1.000000000000000036e-10
1.471569572530203318e-01    3.236328665204412711e-06    1.000000000000000036e-10
1.479129743533385832e-01    2.888268937413041029e-06    1.000000000000000036e-10
1.486728754824289123e-01    2.571355657746120446e-06    1.000000000000000036e-10
1.494366805944423726e-01    2.447844002821345237e-06    1.000000000000000036e-10
1.502044097460443761e-01    1.672359826705791082e-06    1.000000000000000036e-10
1.509760830969412160e-01    2.171889506342985831e-06    1.000000000000000036e-10
1.517517209104093379e-01    1.530523087953462635e-06    1.000000000000000036e-10
1.525313435538277196e-01    1.668637328612311740e-06    1.000000000000000036e-10
1.533149714992121659e-01    1.348152840800403245e-06    1.000000000000000036e-10
1.541026253237535171e-01    1.879633918142305110e-06    1.000000000000000036e-10
1.548943257103575777e-01    8.722662237475123714e-07    1.000000000000000036e-10
1.556900934481883492e-01    9.160486644337050340e-07    1.000000000000000036e-10
1.564899494332139818e-01    5.223764239649077374e-07    1.000000000000000036e-10
1.572939146687551415e-01    7.931629355581770262e-07    1.000000000000000036e-10
1.581020102660371240e-01    7.770163013793645447e-07    1.000000000000000036e-10
1.589142574447437450e-01    1.178328256362284267e-06    1.000000000000000036e-10
1.597306775335746998e-01    4.884984585924927488e-07    1.000000000000000036e-10
1.605512919708056985e-01    1.027206982774934570e-06    1.000000000000000036e-10
1.613761223048511273e-01    1.232140448244155769e-06    1.000000000000000036e-10
1.622051901948303176e-01    1.439005769468194680e-06    1.000000000000000036e-10
1.630385174111359248e-01    1.222725789472154391e-06    1.000000000000000036e-10
1.638761258360058592e-01    7.850241421987026148e-07    1.000000000000000036e-10
1.647180374640977440e-01    1.682584846105688614e-06    1.000000000000000036e-10
1.655642744030662861e-01    1.263186571837355092e-06    1.000000000000000036e-10
1.664148588741442558e-01    1.302572497690300408e-06    1.000000000000000036e-10
1.672698132127256043e-01    1.198261513236446991e-06    1.000000000000000036e-10
1.681291598689521882e-01    1.659804509234600940e-06    1.000000000000000036e-10
1.689929214083032150e-01    1.412209361581430708e-06    1.000000000000000036e-10
1.698611205121875189e-01    1.396032963111381116e-06    1.000000000000000036e-10
1.707337799785397237e-01    1.744280114404544248e-06    1.000000000000000036e-10
1.716109227224183742e-01    1.600095591457005121e-06    1.000000000000000036e-10
1.724925717766079558e-01    1.420046181252580226e-06    1.000000000000000036e-10
1.733787502922236323e-01    1.688667713778908319e-06    1.000000000000000036e-10
1.742694815393189267e-01    1.340093457213804852e-06    1.000000000000000036e-10
1.751647889074971765e-01    1.399987474092828697e-06    1.000000000000000036e-10
1.760646959065254868e-01    1.336782626719441337e-06    1.000000000000000036e-10
1.769692261669521260e-01    1.291859490861196905e-06    1.000000000000000036e-10
1.778784034407269732e-01    1.302505692027047375e-06    1.000000000000000036e-10
1.787922516018254082e-01    1.364277558917490756e-06    1.000000000000000036e-10
1.797107946468747275e-01    1.138907145569312223e-06    1.000000000000000036e-10
1.806340566957849725e-01    9.470578406021118464e-07    1.000000000000000036e-10
1.815620619923817569e-01    8.011068673945986319e-07    1.000000000000000036e-10
1.824948349050431184e-01    4.545802984240117303e-07    1.000000000000000036e-10
1.834323999273393957e-01    9.936902800789314098e-07    1.000000000000000036e-10
1.843747816786761307e-01    7.620820256021669379e-07    1.000000000000000036e-10
1.853220049049409679e-01    4.233339599201217073e-07    1.000000000000000036e-10
1.862740944791532183e-01    6.978529674962170814e-07    1.000000000000000036e-10
1.872310754021170032e-01    5.137439983891851600e-07    1.000000000000000036e-10
1.881929728030778681e-01    1.254218206660628492e-06    1.000000000000000036e-10
1.891598119403822831e-01    2.136282424674516126e-07    1.000000000000000036e-10
1.901316182021414725e-01    8.542896270847604484e-07    1.000000000000000036e-10
1.911084171068976323e-01    1.070437049563018761e-06    1.000000000000000036e-10
1.920902343042941995e-01    4.032951615359163569e-07    1.000000000000000036e-10
1.930770955757494522e-01    1.098909559146320309e-06    1.000000000000000036e-10
1.940690268351330516e-01    8.230555266982955857e-07    1.000000000000000036e-10
1.950660541294471917e-01    7.832379343646551359e-07    1.000000000000000036e-10
1.960682036395101357e-01    3.592150879076124016e-07    1.000000000000000036e-10
1.970755016806437498e-01    9.681337507595117048e-07    1.000000000000000036e-10
1.980879747033646998e-01    3.554019796711985407e-07    1.000000000000000036e-10
1.991056492940784794e-01    6.446330284779119716e-07    1.000000000000000036e-10
2.001285521757782959e-01    3.612367229514843831e-07    1.000000000000000036e-10
2.011567102087462866e-01    1.116413750880743509e-06    1.000000000000000036e-10
2.021901503912589826e-01    9.422401309575834991e-07    1.000000000000000036e-10
2.032288998602963248e-01    4.718811526828482208e-07    1.000000000000000036e-10
2.042729858922538722e-01    3.102362080574916330e-07    1.000000000000000036e-10
2.053224359036595892e-01    9.520136053912945600e-07    1.000000000000000036e-10
2.063772774518934650e-01    6.670494215425417004e-07    1.000000000000000036e-10
2.074375382359112396e-01    6.127687459825335498e-07    1.000000000000000036e-10
2.085032460969717116e-01    5.616246954990714487e-07    1.000000000000000036e-10
2.095744290193675974e-01    3.651471693361026320e-07    1.000000000000000036e-10
2.106511151311608043e-01    5.115909341261492955e-07    1.000000000000000036e-10
2.117333327049207847e-01    1.054882883066021251e-06    1.000000000000000036e-10
2.128211101584669696e-01    2.722572961740284933e-07    1.000000000000000036e-10
2.139144760556150604e-01    8.072893673933631112e-07    1.000000000000000036e-10
2.150134591069267076e-01    5.033560352044726869e-07    1.000000000000000036e-10
2.161180881704641010e-01    1.842930891451846234e-07    1.000000000000000036e-10
2.172283922525472255e-01    5.668172364609936267e-07    1.000000000000000036e-10
2.183444005085156681e-01    2.868059911795934059e-07    1.000000000000000036e-10
2.194661422434943665e-01    4.112329484994672285e-07    1.000000000000000036e-10
2.205936469131626887e-01    8.037398078322913023e-07    1.000000000000000036e-10
2.217269441245284245e-01    9.370926457237677315e-07    1.000000000000000036e-10
2.228660636367050252e-01    4.832756364459754684e-07    1.000000000000000036e-10
2.240110353616929506e-01    3.420435204824752289e-07    1.000000000000000036e-10
2.251618893651653464e-01    3.330565270148470521e-07    1.000000000000000036e-10
2.263186558672570237e-01    8.911781039952610834e-07    1.000000000000000036e-10
2.274813652433587408e-01    9.391268340464874669e-07    1.000000000000000036e-10
2.286500480249143430e-01    2.590009370492481241e-07    1.000000000000000036e-10
2.298247349002226492e-01    1.650385274049591509e-07    1.000000000000000036e-10
2.310054567152432237e-01    8.528246993461063791e-08    1.000000000000000036e-10
2.321922444744062008e-01    8.364160231109978387e-08    1.000000000000000036e-10
2.333851293414268002e-01    4.494492731379224288e-07    1.000000000000000036e-10
2.345841426401234497e-01    1.287212998453447726e-06    1.000000000000000036e-10
2.357893158552402668e-01    5.951655472561104652e-07    1.000000000000000036e-10
2.370006806332739524e-01    1.936504059434688007e-06    1.000000000000000036e-10
2.382182687833044321e-01    5.194963935110942853e-07    1.000000000000000036e-10
2.394421122778306876e-01    5.101674652983120181e-07    1.000000000000000036e-10
2.406722432536099465e-01    3.283099071139057480e-07    1.000000000000000036e-10
2.419086940125015905e-01    4.380544053096304848e-09    1.000000000000000036e-10
2.431514970223155880e-01    3.925256605505162143e-07    1.000000000000000036e-10
2.444006849176645346e-01    2.889681006604158289e-07    1.000000000000000036e-10
2.456562905008212450e-01    6.940645915175954042e-07    1.000000000000000036e-10
2.469183467425797862e-01    4.720456323434430931e-07    1.000000000000000036e-10
2.481868867831212300e-01    1.625120203117325424e-07    1.000000000000000036e-10
2.494619439328840671e-01    9.957343187254928546e-07    1.000000000000000036e-10
2.507435516734383696e-01    3.129449679218265522e-07    1.000000000000000036e-10
2.520317436583658366e-01    1.457324598565660334e-07    1.000000000000000036e-10
2.533265537141428103e-01    2.945009736678228307e-07    1.000000000000000036e-10
2.546280158410287320e-01    4.858323780568865214e-08    1.000000000000000036e-10
2.559361642139592607e-01    9.340243968485640191e-07    1.000000000000000036e-10
2.572510331834428343e-01    8.533405525538946244e-08    1.000000000000000036e-10
2.585726572764636133e-01    5.866635788739470446e-07    1.000000000000000036e-10
2.599010711973876453e-01    1.681532781304128582e-06    1.000000000000000036e-10
2.612363098288742469e-01    5.801161119021602441e-07    1.000000000000000036e-10
2.625784082327919378e-01    -4.449961175902899792e-07    1.000000000000000036e-10
2.639274016511393706e-01    -3.946838062641233224e-09    1.000000000000000036e-10
2.652833255069700358e-01    5.560377416564644631e-07    1.000000000000000036e-10
2.666462154053234057e-01    -3.719325452426103431e-07    1.000000000000000036e-10
2.680161071341592982e-01    -5.267628889536788761e-07    1.000000000000000036e-10
2.693930366652976804e-01    1.005924258343106032e-06    1.000000000000000036e-10
2.707770401553635242e-01    3.012740832138493345e-07    1.000000000000000036e-10
2.721681539467355471e-01    2.127401070612146497e-06    1.000000000000000036e-10
2.735664145685013926e-01    6.603215544456176793e-07    1.000000000000000036e-10
2.749718587374164191e-01    3.211445288538753222e-07    1.000000000000000036e-10
2.763845233588678729e-01    2.164676302239683653e-06    1.000000000000000036e-10
2.778044455278440017e-01    -9.672114000386732872e-07    1.000000000000000036e-10
2.792316625299077204e-01    -3.117560127695701521e-06    1.000000000000000036e-10
2.806662118421766605e-01    2.713096675426047220e-06    1.000000000000000036e-10
2.821081311343063280e-01    1.914507896117873423e-06    1.000000000000000036e-10
2.835574582694797563e-01    -2.635535175124816679e-07    1.000000000000000036e-10
2.850142313054017662e-01    4.271725968613686357e-07    1.000000000000000036e-10
2.864784884952976673e-01    -5.314442673981649560e-08    1.000000000000000036e-10
2.879502682889188425e-01    4.487730508240327872e-07    1.000000000000000036e-10
2.894296093335515518e-01    -5.954103251099249735e-06    1.000000000000000036e-10
2.909165504750320097e-01    -2.104222693304166732e-06    1.000000000000000036e-10
2.924111307587666242e-01    -9.152505505903231039e-06    1.000000000000000036e-10
2.939133894307566774e-01    5.963764676986084155e-09    1.000000000000000036e-10
2.954233659386298338e-01    2.134855018103440272e-06    1.000000000000000036e-10
2.969410999326751455e-01    -5.009997396423071542e-07    1.000000000000000036e-10
2.984666312668846633e-01    4.946313700204517919e-07    1.000000000000000036e-10
2.999999999999999334e-01    -4.059087199618825823e-06    1.000000000000000036e-10
