4.999999999999999237e-03    9.998689683980780396e-01    1.000000000000000036e-10
5.025687439942728117e-03    9.997608457456985676e-01    1.000000000000000036e-10
5.051506848799613807e-03    1.000081744430388886e+00    1.000000000000000036e-10
5.077458904559377893e-03    1.000130755947785888e+00    1.000000000000000036e-10
5.103544288693881090e-03    1.000011038578779932e+00    1.000000000000000036e-10
5.129763686176056804e-03    9.999381852455169195e-01    1.000000000000000036e-10
5.156117785497863794e-03    1.000001225727801923e+00    1.000000000000000036e-10
5.182607278688381065e-03    1.000099878555069877e+00    1.000000000000000036e-10
5.209232861331992114e-03    9.997538788553470557e-01    1.000000000000000036e-10
5.235995232586617733e-03    1.000244631229455949e+00    1.000000000000000036e-10
5.262895095202113627e-03    9.999212154782829431e-01    1.000000000000000036e-10
5.289933155538690569e-03    9.996776510744324051e-01    1.000000000000000036e-10
5.317110123585475079e-03    1.000011548778630077e+00    1.000000000000000036e-10
5.344426712979170706e-03    1.000080265350666187e+00    1.000000000000000036e-10
5.371883641022758352e-03    1.000172678137088766e+00    1.000000000000000036e-10
5.399481628704377867e-03    1.000077886354348689e+00    1.000000000000000036e-10
5.427221400716220057e-03    9.998199571266475072e-01    1.000000000000000036e-10
5.455103685473572210e-03    9.995872736217685794e-01    1.000000000000000036e-10
5.483129215133963376e-03    1.000139237599997566e+00    1.000000000000000036e-10
5.511298725616353006e-03    1.000095944792832592e+00    1.000000000000000036e-10
5.539612956620493939e-03    1.000069041199218800e+00    1.000000000000000036e-10
5.568072651646324006e-03    1.000079942493665941e+00    1.000000000000000036e-10
5.596678558013501621e-03    1.000284342482949729e+00    1.000000000000000036e-10
5.625431426881047185e-03    1.000001763572081925e+00    1.000000000000000036e-10
5.654332013267030464e-03    9.997841452126531303e-01    1.000000000000000036e-10
5.683381076068439244e-03    9.998181357670035130e-01    1.000000000000000036e-10
5.712579378081068804e-03    1.000061088617634653e+00    1.000000000000000036e-10
5.741927686019568378e-03    9.995676053500579528e-01    1.000000000000000036e-10
5.771426770537591705e-03    1.000207194947234424e+00    1.000000000000000036e-10
5.801077406247993548e-03    9.996537607689811589e-01    1.000000000000000036e-10
5.830880371743217029e-03    1.000282754173817734e+00    1.000000000000000036e-10
5.860836449615694846e-03    1.000130753671470307e+00    1.000000000000000036e-10
5.890946426478419623e-03    9.999092842199762687e-01    1.000000000000000036e-10
5.921211092985619213e-03    9.999994519686682404e-01    1.000000000000000036e-10
5.951631243853470164e-03    9.998257561223172774e-01    1.000000000000000036e-10
5.982207677881021084e-03    1.000005390976704156e+00    1.000000000000000036e-10
6.012941197971120345e-03    9.996974602285141343e-01    1.000000000000000036e-10
6.043832611151522469e-03    9.998912439004123964e-01    1.000000000000000036e-10
6.074882728596094246e-03    1.000231847497154547e+00    1.000000000000000036e-10
6.106092365646074646e-03    9.999230363139348654e-01    1.000000000000000036e-10
6.137462341831531609e-03    1.000040893084192195e+00    1.000000000000000036e-10
6.168993480892842260e-03    9.998536285494782350e-01    1.000000000000000036e-10
6.200686610802340522e-03    9.997714330037339447e-01    1.000000000000000036e-10
6.232542563786073152e-03    9.997746743009611192e-01    1.000000000000000036e-10
6.264562176345617357e-03    1.000086925561669560e+00    1.000000000000000036e-10
6.296746289280090968e-03    9.998650441367340491e-01    1.000000000000000036e-10
6.329095747708186892e-03    9.999483996080646975e-01    1.000000000000000036e-10
6.361611401090387120e-03    9.998472308643114870e-01    1.000000000000000036e-10
6.394294103251284278e-03    1.000128106629842417e+00    1.000000000000000036e-10
6.427144712401960426e-03    9.999116498822302468e-01    1.000000000000000036e-10
6.460164091162570559e-03    1.000023886180750443e+00    1.000000000000000036e-10
6.493353106584952121e-03    9.997979227044144768e-01    1.000000000000000036e-10
6.526712630175411471e-03    9.997733144374134628e-01    1.000000000000000036e-10
6.560243537917627432e-03    1.000138413108558000e+00    1.000000000000000036e-10
6.593946710295606889e-03    1.000065574314423111e+00    1.000000000000000036e-10
6.627823032316861561e-03    1.000113776022749645e+00    1.000000000000000036e-10
6.661873393535596051e-03    1.000125093152628208e+00    1.000000000000000036e-10
6.696098688076090183e-03    9.996969750379380848e-01    1.000000000000000036e-10
6.730499814656197566e-03    1.000318786880444399e+00    1.000000000000000036e-10
6.765077676610896200e-03    1.000214612660500935e+00    1.000000000000000036e-10
6.799833181916063729e-03    9.997886828091165912e-01    1.000000000000000036e-10
6.834767243212271776e-03    9.996887313550538723e-01    1.000000000000000036e-10
6.869880777828773696e-03    1.000311713267485025e+00    1.000000000000000036e-10
6.905174707807610300e-03    9.998142215962505519e-01    1.000000000000000036e-10
6.940649959927773678e-03    9.998897699696366326e-01    1.000000000000000036e-10
6.976307465729603488e-03    1.000152507400117186e+00    1.000000000000000036e-10
7.012148161539191044e-03    9.998328784459921126e-01    1.000000000000000036e-10
7.048172988492994173e-03    1.000244299322716302e+00    1.000000000000000036e-10
7.084382892562569173e-03    1.000080296349869613e+00    1.000000000000000036e-10
7.120778824579360872e-03    9.995448145647373162e-01    1.000000000000000036e-10
7.157361740259727753e-03    1.000153627480969476e+00    1.000000000000000036e-10
7.194132600229988760e-03    9.997331789683223668e-01    1.000000000000000036e-10
7.231092370051667856e-03    1.000016502569390786e+00    1.000000000000000036e-10
7.268242020246873034e-03    9.998942395024956742e-01    1.000000000000000036e-10
7.305582526323727358e-03    1.000026212364500511e+00    1.000000000000000036e-10
7.343114868802044608e-03    1.000184875347202240e+00    1.000000000000000036e-10
7.380840033239026605e-03    9.997713397221614784e-01    1.000000000000000036e-10
7.418759010255161768e-03    9.996734032213190346e-01    1.000000000000000036e-10
7.456872795560262439e-03    9.995502536725313636e-01    1.000000000000000036e-10
7.495182389979559469e-03    9.999791729213557412e-01    1.000000000000000036e-10
7.533688799480038785e-03    1.000236811748803856e+00    1.000000000000000036e-10
7.572393035196808321e-03    9.999835650607525883e-01    1.000000000000000036e-10
7.611296113459671379e-03    1.000141111797552496e+00    1.000000000000000036e-10
7.650399055819835301e-03    1.000174548484730863e+00    1.000000000000000036e-10
7.689702889076683451e-03    1.000066723719008177e+00    1.000000000000000036e-10
7.729208645304799612e-03    9.997897306314272869e-01    1.000000000000000036e-10
7.768917361881016656e-03    1.000143967972184189e+00    1.000000000000000036e-10
7.808830081511676860e-03    1.000036106585126428e+00    1.000000000000000036e-10
7.848947852260037064e-03    9.998894177771553426e-01    1.000000000000000036e-10
7.889271727573737153e-03    9.996934335166068886e-01    1.000000000000000036e-10
7.929802766312520068e-03    9.998287175985689501e-01    1.000000000000000036e-10
7.970542032775987384e-03    9.997172178563870082e-01    1.000000000000000036e-10
8.011490596731564787e-03    1.000074606062341998e+00    1.000000000000000036e-10
8.052649533442620203e-03    1.000026623484035371e+00    1.000000000000000036e-10
8.094019923696640917e-03    1.000035425661056854e+00    1.000000000000000036e-10
8.135602853833683035e-03    9.997497990882170393e-01    1.000000000000000036e-10
8.177399415774831357e-03    9.998187678472020279e-01    1.000000000000000036e-10
8.219410707050907317e-03    1.000404307215275068e+00    1.000000000000000036e-10
8.261637830831305290e-03    9.999918150113084048e-01    1.000000000000000036e-10
8.304081895952906966e-03    9.999905359765293156e-01    1.000000000000000036e-10
8.346744016949264600e-03    1.000130559526403617e+00    1.000000000000000036e-10
8.389625314079798141e-03    9.999454028049052923e-01    1.000000000000000036e-10
8.432726913359282067e-03    1.000178144321939300e+00    1.000000000000000036e-10
8.476049946587353029e-03    1.000115522767896170e+00    1.000000000000000036e-10
8.519595551378249948e-03    9.997454525097531075e-01    1.000000000000000036e-10
8.563364871190722385e-03    1.000186718201800939e+00    1.000000000000000036e-10
8.607359055357990951e-03    9.999186674415138087e-01    1.000000000000000036e-10
8.651579259117992207e-03    1.000006274755898872e+00    1.000000000000000036e-10
8.696026643643661735e-03    9.996851827465486062e-01    1.000000000000000036e-10
8.740702376073446189e-03    1.000065263851686037e+00    1.000000000000000036e-10
8.785607629541976674e-03    9.996699683860159613e-01    1.000000000000000036e-10
8.830743583210814984e-03    9.999387506991893604e-01    1.000000000000000036e-10
8.876111422299487810e-03    9.998937836050770800e-01    1.000000000000000036e-10
8.921712338116543489e-03    9.999801996023919282e-01    1.000000000000000036e-10
8.967547528090868969e-03    9.996911563940709122e-01    1.000000000000000036e-10
9.013618195803149019e-03    1.000131811004621118e+00    1.000000000000000036e-10
9.059925551017424319e-03    9.997384235873240099e-01    1.000000000000000036e-10
9.106470809712885472e-03    9.998582114416947331e-01    1.000000000000000036e-10
9.153255194115826610e-03    1.000222848421190802e+00    1.000000000000000036e-10
9.200279932731682264e-03    9.998285244813549522e-01    1.000000000000000036e-10
9.247546260377348740e-03    9.998863093719678741e-01    1.000000000000000036e-10
9.295055418213548845e-03    9.999263721177811259e-01    1.000000000000000036e-10
9.342808653777488065e-03    1.000131312628143920e+00    1.000000000000000036e-10
9.390807221015550627e-03    1.000001062649841677e+00    1.000000000000000036e-10
9.439052380316255778e-03    9.995999238888191307e-01    1.000000000000000036e-10
9.487545398543384065e-03    9.998196507658214660e-01    1.000000000000000036e-10
9.536287549069173003e-03    9.997322483319135422e-01    1.000000000000000036e-10
9.585280111807835401e-03    1.000018366553989457e+00    1.000000000000000036e-10
9.634524373249093304e-03    9.998546549873891243e-01    1.000000000000000036e-10
9.684021626492001628e-03    9.999135957275696596e-01    1.000000000000000036e-10
9.733773171278920985e-03    9.999284723359616045e-01    1.000000000000000036e-10
9.783780314029584188e-03    9.998547515923855711e-01    1.000000000000000036e-10
9.834044367875481932e-03    9.999257914080899035e-01    1.000000000000000036e-10
9.884566652694267569e-03    1.000124743468020272e+00    1.000000000000000036e-10
9.935348495144453312e-03    9.993771160745602566e-01    1.000000000000000036e-10
9.986391228700274708e-03    9.982833193845249697e-01    1.000000000000000036e-10
1.003769619368663490e-02    9.928244964731314237e-01    1.000000000000000036e-10
1.008926473731436638e-02    9.800000488728731751e-01    1.000000000000000036e-10
1.014109821371557071e-02    9.567746871594193792e-01    1.000000000000000036e-10
1.019319798397919259e-02    9.254500425741658542e-01    1.000000000000000036e-10
1.024556541618675334e-02    8.924760926490291624e-01    1.000000000000000036e-10
1.029820188544826667e-02    8.626220346629636104e-01    1.000000000000000036e-10
1.035110877393837121e-02    8.384587818149175087e-01    1.000000000000000036e-10
1.040428747093260359e-02    8.177563891131958140e-01    1.000000000000000036e-10
1.045773937284389180e-02    7.993304575503319409e-01    1.000000000000000036e-10
1.051146588325921859e-02    7.827956879215191011e-01    1.000000000000000036e-10
1.056546841297646526e-02    7.675059292511862141e-01    1.000000000000000036e-10
1.061974838004148616e-02    7.531043395822464293e-01    1.000000000000000036e-10
1.067430720978532026e-02    7.397970584371118541e-01    1.000000000000000036e-10
1.072914633486163512e-02    7.269501689744057860e-01    1.000000000000000036e-10
1.078426719528433574e-02    7.144951078304090375e-01    1.000000000000000036e-10
1.083967123846537109e-02    7.027588749543306479e-01    1.000000000000000036e-10
1.089535991925276448e-02    6.912239607538197550e-01    1.000000000000000036e-10
1.095133469996880347e-02    6.800615171929574876e-01    1.000000000000000036e-10
1.100759705044843106e-02    6.693911051016067093e-01    1.000000000000000036e-10
1.106414844807786062e-02    6.587373886862422090e-01    1.000000000000000036e-10
1.112099037783334174e-02    6.484646144418025893e-01    1.000000000000000036e-10
1.117812433232018635e-02    6.383934235610830843e-01    1.000000000000000036e-10
1.123555181181194740e-02    6.286728240113753641e-01    1.000000000000000036e-10
1.129327432428980753e-02    6.190500120275000961e-01    1.000000000000000036e-10
1.135129338548219839e-02    6.094711727373312016e-01    1.000000000000000036e-10
1.140961051890456573e-02    6.001757116785477741e-01    1.000000000000000036e-10
1.146822725589941722e-02    5.911388767320997495e-01    1.000000000000000036e-10
1.152714513567650728e-02    5.818052787105431056e-01    1.000000000000000036e-10
1.158636570535326142e-02    5.732571379501083531e-01    1.000000000000000036e-10
1.164589051999541207e-02    5.647886151886384321e-01    1.000000000000000036e-10
1.170572114265780103e-02    5.559759523213237964e-01    1.000000000000000036e-10
1.176585914442546468e-02    5.476690426440156134e-01    1.000000000000000036e-10
1.182630610445486487e-02    5.392922236637148758e-01    1.000000000000000036e-10
1.188706361001536094e-02    5.309923820870743327e-01    1.000000000000000036e-10
1.194813325653089342e-02    5.228786093833932558e-01    1.000000000000000036e-10
1.200951664762185851e-02    5.149654402167722633e-01    1.000000000000000036e-10
1.207121539514724971e-02    5.068111851959147263e-01    1.000000000000000036e-10
1.213323111924696079e-02    4.989443039373582800e-01    1.000000000000000036e-10
1.219556544838433336e-02    4.911691614630112057e-01    1.000000000000000036e-10
1.225822001938893166e-02    4.834203573132140885e-01    1.000000000000000036e-10
1.232119647749948740e-02    4.758415596728562402e-01    1.000000000000000036e-10
1.238449647640714642e-02    4.686030417525667291e-01    1.000000000000000036e-10
1.244812167829886795e-02    4.610358763959717665e-01    1.000000000000000036e-10
1.251207375390107727e-02    4.536372507596313497e-01    1.000000000000000036e-10
1.257635438252354201e-02    4.464027366204594283e-01    1.000000000000000036e-10
1.264096525210344456e-02    4.392545532294241939e-01    1.000000000000000036e-10
1.270590805924974240e-02    4.320167564493831991e-01    1.000000000000000036e-10
1.277118450928769848e-02    4.248531142291857021e-01    1.000000000000000036e-10
1.283679631630365789e-02    4.181600099474589993e-01    1.000000000000000036e-10
1.290274520319007606e-02    4.109295668116395572e-01    1.000000000000000036e-10
1.296903290169072395e-02    4.042226306859453833e-01    1.000000000000000036e-10
1.303566115244620717e-02    3.972916886297874206e-01    1.000000000000000036e-10
1.310263170503964472e-02    3.906555648588681540e-01    1.000000000000000036e-10
1.316994631804261837e-02    3.838542027671645873e-01    1.000000000000000036e-10
1.323760675906135269e-02    3.772830794700930412e-01    1.000000000000000036e-10
1.330561480478311548e-02    3.706459361414073395e-01    1.000000000000000036e-10
1.337397224102289742e-02    3.642779010667677175e-01    1.000000000000000036e-10
1.344268086277028949e-02    3.578128198851959763e-01    1.000000000000000036e-10
1.351174247423661892e-02    3.515259025845071661e-01    1.000000000000000036e-10
1.358115888890233311e-02    3.452465191863405281e-01    1.000000000000000036e-10
1.365093192956459180e-02    3.390123104662590703e-01    1.000000000000000036e-10
1.372106342838517838e-02    3.328298938009254249e-01    1.000000000000000036e-10
1.379155522693857432e-02    3.267511807050039740e-01    1.000000000000000036e-10
1.386240917626032840e-02    3.208148703235243482e-01    1.000000000000000036e-10
1.393362713689567066e-02    3.147930179231792636e-01    1.000000000000000036e-10
1.400521097894833963e-02    3.088670153946909136e-01    1.000000000000000036e-10
1.407716258212972880e-02    3.029782273204327803e-01    1.000000000000000036e-10
1.414948383580821867e-02    2.972301643233169477e-01    1.000000000000000036e-10
1.422217663905879677e-02    2.914456562682615215e-01    1.000000000000000036e-10
1.429524290071293620e-02    2.858166221430601395e-01    1.000000000000000036e-10
1.436868453940868574e-02    2.801961102868814613e-01    1.000000000000000036e-10
1.444250348364109308e-02    2.746775484766977304e-01    1.000000000000000036e-10
1.451670167181282056e-02    2.691762449330082907e-01    1.000000000000000036e-10
1.459128105228505411e-02    2.639074803352838838e-01    1.000000000000000036e-10
1.466624358342866197e-02    2.584594601634387367e-01    1.000000000000000036e-10
1.474159123367559804e-02    2.531159888344401976e-01    1.000000000000000036e-10
1.481732598157065733e-02    2.479001031265097299e-01    1.000000000000000036e-10
1.489344981582333381e-02    2.426983803498488079e-01    1.000000000000000036e-10
1.496996473536012749e-02    2.376038755079208087e-01    1.000000000000000036e-10
1.504687274937699382e-02    2.325221352026285160e-01    1.000000000000000036e-10
1.512417587739207751e-02    2.275298088919347206e-01    1.000000000000000036e-10
1.520187614929883156e-02    2.226447646886877685e-01    1.000000000000000036e-10
1.527997560541920728e-02    2.177775251502353515e-01    1.000000000000000036e-10
1.535847629655731107e-02    2.129729164247032291e-01    1.000000000000000036e-10
1.543738028405323807e-02    2.082599391132545219e-01    1.000000000000000036e-10
1.551668963983715913e-02    2.035032921319408772e-01    1.000000000000000036e-10
1.559640644648381362e-02    1.989466798896090960e-01    1.000000000000000036e-10
1.567653279726709259e-02    1.943425170852425277e-01    1.000000000000000036e-10
1.575707079621508841e-02    1.898669758096321603e-01    1.000000000000000036e-10
1.583802255816530585e-02    1.854677744419228891e-01    1.000000000000000036e-10
1.591939020882018191e-02    1.811247197841230339e-01    1.000000000000000036e-10
1.600117588480296643e-02    1.768427533734106827e-01    1.000000000000000036e-10
1.608338173371373983e-02    1.725571556596192657e-01    1.000000000000000036e-10
1.616600991418588179e-02    1.682846838312372084e-01    1.000000000000000036e-10
1.624906259594272387e-02    1.642557305864087991e-01    1.000000000000000036e-10
1.633254195985449006e-02    1.601502510635339216e-01    1.000000000000000036e-10
1.641645019799566063e-02    1.562046241139442293e-01    1.000000000000000036e-10
1.650078951370241229e-02    1.522731327976181714e-01    1.000000000000000036e-10
1.658556212163057181e-02    1.483984625463196927e-01    1.000000000000000036e-10
1.667077024781372929e-02    1.445852898421749466e-01    1.000000000000000036e-10
1.675641612972166017e-02    1.408369306444138547e-01    1.000000000000000036e-10
1.684250201631917743e-02    1.371351741064469609e-01    1.000000000000000036e-10
1.692903016812506711e-02    1.334347733634438926e-01    1.000000000000000036e-10
1.701600285727152689e-02    1.299267187603420359e-01    1.000000000000000036e-10
1.710342236756381973e-02    1.263801139116773609e-01    1.000000000000000036e-10
1.719129099454018428e-02    1.229452337522406458e-01    1.000000000000000036e-10
1.727961104553222757e-02    1.195289473880031539e-01    1.000000000000000036e-10
1.736838483972538358e-02    1.162062833891441133e-01    1.000000000000000036e-10
1.745761470821990263e-02    1.129575522993342962e-01    1.000000000000000036e-10
1.754730299409204206e-02    1.097402697561824653e-01    1.000000000000000036e-10
1.763745205245554476e-02    1.066191996197633496e-01    1.000000000000000036e-10
1.772806425052358623e-02    1.034923464979209257e-01    1.000000000000000036e-10
1.781914196767080821e-02    1.005001596721837864e-01    1.000000000000000036e-10
1.791068759549589717e-02    9.751276866888759776e-02    1.000000000000000036e-10
1.800270353788435349e-02    9.458212154091466539e-02    1.000000000000000036e-10
1.809519221107156600e-02    9.174444201920653463e-02    1.000000000000000036e-10
1.818815604370636885e-02    8.895399130805684007e-02    1.000000000000000036e-10
1.828159747691469883e-02    8.616939545121302113e-02    1.000000000000000036e-10
1.837551896436376633e-02    8.346545770605420800e-02    1.000000000000000036e-10
1.846992297232647948e-02    8.087841507097871807e-02    1.000000000000000036e-10
1.856481197974614930e-02    7.831434113603388814e-02    1.000000000000000036e-10
1.866018847830170496e-02    7.575482513650801109e-02    1.000000000000000036e-10
1.875605497247297138e-02    7.332289445329362443e-02    1.000000000000000036e-10
1.885241397960654361e-02    7.090591288248269952e-02    1.000000000000000036e-10
1.894926802998186249e-02    6.855368217233548389e-02    1.000000000000000036e-10
1.904661966687760943e-02    6.626178740327598460e-02    1.000000000000000036e-10
1.914447144663859041e-02    6.400995690984502551e-02    1.000000000000000036e-10
1.924282593874274486e-02    6.180828457013914229e-02    1.000000000000000036e-10
1.934168572586869930e-02    5.968134868968225787e-02    1.000000000000000036e-10
1.944105340396357767e-02    5.758605407154204076e-02    1.000000000000000036e-10
1.954093158231109614e-02    5.555897295824938770e-02    1.000000000000000036e-10
1.964132288360021308e-02    5.355924153702721485e-02    1.000000000000000036e-10
1.974222994399384493e-02    5.161783093788516186e-02    1.000000000000000036e-10
1.984365541319821000e-02    4.973188974117818267e-02    1.000000000000000036e-10
1.994560195453235624e-02    4.790700453664699376e-02    1.000000000000000036e-10
2.004807224499806015e-02    4.612569126469290293e-02    1.000000000000000036e-10
2.015106897535023575e-02    4.438760768426075476e-02    1.000000000000000036e-10
2.025459485016744068e-02    4.268795627144435223e-02    1.000000000000000036e-10
2.035865258792302762e-02    4.104507440887558006e-02    1.000000000000000036e-10
2.046324492105644488e-02    3.944425950120303975e-02    1.000000000000000036e-10
2.056837459604503315e-02    3.789567221077975306e-02    1.000000000000000036e-10
2.067404437347612062e-02    3.637838984836787304e-02    1.000000000000000036e-10
2.078025702811950662e-02    3.492718052461711575e-02    1.000000000000000036e-10
2.088701534900035128e-02    3.349781913412451517e-02    1.000000000000000036e-10
2.099432213947239820e-02    3.212425851888399408e-02    1.000000000000000036e-10
2.110218021729158913e-02    3.080239138481401934e-02    1.000000000000000036e-10
2.121059241469004999e-02    2.951355842221732584e-02    1.000000000000000036e-10
2.131956157845044803e-02    2.826806347837262576e-02    1.000000000000000036e-10
2.142909056998078612e-02    2.705886297373450919e-02    1.000000000000000036e-10
2.153918226538950945e-02    2.589616695720567408e-02    1.000000000000000036e-10
2.164983955556103526e-02    2.477357808713323215e-02    1.000000000000000036e-10
2.176106534623167138e-02    2.368003676131371499e-02    1.000000000000000036e-10
2.187286255806588156e-02    2.263215171561020964e-02    1.000000000000000036e-10
2.198523412673304700e-02    2.161612843459727665e-02    1.000000000000000036e-10
2.209818300298449154e-02    2.064385485941113568e-02    1.000000000000000036e-10
2.221171215273099950e-02    1.970166872771525815e-02    1.000000000000000036e-10
2.232582455712068745e-02    1.880352002331349068e-02    1.000000000000000036e-10
2.244052321261726449e-02    1.793493367826531210e-02    1.000000000000000036e-10
2.255581113107875402e-02    1.710268988690803044e-02    1.000000000000000036e-10
2.267169133983656590e-02    1.630268680287067298e-02    1.000000000000000036e-10
2.278816688177497801e-02    1.553357691642135927e-02    1.000000000000000036e-10
2.290524081541107232e-02    1.479425765352882990e-02    1.000000000000000036e-10
2.302291621497498317e-02    1.409507230943381900e-02    1.000000000000000036e-10
2.314119617049070071e-02    1.341589304323821674e-02    1.000000000000000036e-10
2.326008378785716230e-02    1.277583433092061536e-02    1.000000000000000036e-10
2.337958218892983303e-02    1.215687425725930047e-02    1.000000000000000036e-10
2.349969451160267842e-02    1.157019040014213400e-02    1.000000000000000036e-10
2.362042390989051860e-02    1.101310896559551909e-02    1.000000000000000036e-10
2.374177355401192735e-02    1.048124474524523252e-02    1.000000000000000036e-10
2.386374663047242245e-02    9.972587655872316298e-03    1.000000000000000036e-10
2.398634634214815917e-02    9.499174260219449273e-03    1.000000000000000036e-10
2.410957590837004352e-02    9.040723983655398963e-03    1.000000000000000036e-10
2.423343856500821333e-02    8.615053422493018989e-03    1.000000000000000036e-10
2.435793756455709169e-02    8.209140516775893098e-03    1.000000000000000036e-10
2.448307617622073884e-02    7.824393572085003301e-03    1.000000000000000036e-10
2.460885768599870710e-02    7.464518072445814820e-03    1.000000000000000036e-10
2.473528539677235724e-02    7.128438911719170608e-03    1.000000000000000036e-10
2.486236262839150099e-02    6.809863597784557299e-03    1.000000000000000036e-10
2.499009271776173047e-02    6.515407998732794352e-03    1.000000000000000036e-10
2.511847901893186213e-02    6.237316032498219955e-03    1.000000000000000036e-10
2.524752490318214748e-02    5.978777017388877020e-03    1.000000000000000036e-10
2.537723375911275434e-02    5.737523151679425545e-03    1.000000000000000036e-10
2.550760899273268531e-02    5.517983143951410430e-03    1.000000000000000036e-10
2.563865402754937281e-02    5.314547203129973973e-03    1.000000000000000036e-10
2.577037230465837117e-02    5.128074865565056088e-03    1.000000000000000036e-10
2.590276728283389188e-02    4.953878825783806020e-03    1.000000000000000036e-10
2.603584243861954695e-02    4.797216322970718726e-03    1.000000000000000036e-10
2.616960126641959539e-02    4.657089941112699596e-03    1.000000000000000036e-10
2.630404727859085579e-02    4.529526535753725103e-03    1.000000000000000036e-10
2.643918400553474379e-02    4.416192357958193676e-03    1.000000000000000036e-10
2.657501499579011453e-02    4.315910194527082001e-03    1.000000000000000036e-10
2.671154381612640683e-02    4.226372496701333650e-03    1.000000000000000036e-10
2.684877405163724196e-02    4.150511928314479931e-03    1.000000000000000036e-10
2.698670930583470587e-02    4.085491728916088201e-03    1.000000000000000036e-10
2.712535320074379100e-02    4.030991661705988875e-03    1.000000000000000036e-10
2.726470937699766034e-02    3.987259970753774183e-03    1.000000000000000036e-10
2.740478149393317520e-02    3.952484507238456131e-03    1.000000000000000036e-10
2.754557322968694683e-02    3.927319918140118916e-03    1.000000000000000036e-10
2.768708828129207156e-02    3.909240708732095171e-03    1.000000000000000036e-10
2.782933036477499775e-02    3.901250721343748826e-03    1.000000000000000036e-10
2.797230321525328786e-02    3.898893054323186638e-03    1.000000000000000036e-10
2.811601058703360953e-02    3.904618053401383900e-03    1.000000000000000036e-10
2.826045625371028866e-02    3.916289068263418237e-03    1.000000000000000036e-10
2.840564400826454602e-02    3.935045109639865625e-03    1.000000000000000036e-10
2.855157766316389692e-02    3.959671831420978616e-03    1.000000000000000036e-10
2.869826105046241818e-02    3.989324876861172035e-03    1.000000000000000036e-10
2.884569802190131704e-02    4.021920442040167500e-03    1.000000000000000036e-10
2.899389244901002041e-02    4.061860508569147335e-03    1.000000000000000036e-10
2.914284822320799620e-02    4.103820609404568685e-03    1.000000000000000036e-10
2.929256925590672384e-02    4.148602742472252448e-03    1.000000000000000036e-10
2.944305947861257378e-02    4.197669548749304903e-03    1.000000000000000036e-10
2.959432284302998192e-02    4.250019421059425886e-03    1.000000000000000036e-10
2.974636332116516180e-02    4.301963579243753451e-03    1.000000000000000036e-10
2.989918490543056265e-02    4.358044723619581076e-03    1.000000000000000036e-10
3.005279160874950450e-02    4.415191839933835759e-03    1.000000000000000036e-10
3.020718746466170834e-02    4.473306906257612167e-03    1.000000000000000036e-10
3.036237652742915585e-02    4.533210822445477364e-03    1.000000000000000036e-10
3.051836287214249391e-02    4.595052032875137152e-03    1.000000000000000036e-10
3.067515059482820577e-02    4.653250965304286425e-03    1.000000000000000036e-10
3.083274381255594887e-02    4.712558067985760622e-03    1.000000000000000036e-10
3.099114666354684661e-02    4.772381156272926910e-03    1.000000000000000036e-10
3.115036330728207861e-02    4.832670925084948596e-03    1.000000000000000036e-10
3.131039792461204341e-02    4.890845613295233610e-03    1.000000000000000036e-10
3.147125471786632600e-02    4.946200726072142069e-03    1.000000000000000036e-10
3.163293791096380425e-02    5.002780092607727984e-03    1.000000000000000036e-10
3.179545174952377873e-02    5.055128617315543180e-03    1.000000000000000036e-10
3.195880050097734543e-02    5.108637343020845309e-03    1.000000000000000036e-10
3.212298845467941033e-02    5.156448466163247868e-03    1.000000000000000036e-10
3.228801992202151583e-02    5.205300729521782771e-03    1.000000000000000036e-10
3.245389923654481285e-02    5.247864849311672727e-03    1.000000000000000036e-10
3.262063075405401830e-02    5.291534440134978458e-03    1.000000000000000036e-10
3.278821885273175418e-02    5.329220202284264823e-03    1.000000000000000036e-10
3.295666793325343485e-02    5.367853154208707123e-03    1.000000000000000036e-10
3.312598241890301470e-02    5.400247442065741164e-03    1.000000000000000036e-10
3.329616675568888851e-02    5.429611120278644669e-03    1.000000000000000036e-10
3.346722541246083954e-02    5.457326419889301471e-03    1.000000000000000036e-10
3.363916288102730690e-02    5.479705506835697189e-03    1.000000000000000036e-10
3.381198367627328422e-02    5.500182282982476155e-03    1.000000000000000036e-10
3.398569233627904418e-02    5.513863248828035357e-03    1.000000000000000036e-10
3.416029342243907113e-02    5.526447427301127945e-03    1.000000000000000036e-10
3.433579151958202763e-02    5.535377408382924011e-03    1.000000000000000036e-10
3.451219123609108874e-02    5.540107928903420173e-03    1.000000000000000036e-10
3.468949720402486614e-02    5.541018360263467481e-03    1.000000000000000036e-10
3.486771407923923427e-02    5.535600596326231346e-03    1.000000000000000036e-10
3.504684654150935080e-02    5.528751614254114738e-03    1.000000000000000036e-10
3.522689929465274566e-02    5.514543499539824659e-03    1.000000000000000036e-10
3.540787706665272927e-02    5.498700528093530306e-03    1.000000000000000036e-10
3.558978460978252933e-02    5.477508918182887217e-03    1.000000000000000036e-10
3.577262670073021178e-02    5.454738326562926648e-03    1.000000000000000036e-10
3.595640814072392777e-02    5.427083734544952721e-03    1.000000000000000036e-10
3.614113375565812525e-02    5.393766966884082706e-03    1.000000000000000036e-10
3.632680839622023927e-02    5.358273113258656996e-03    1.000000000000000036e-10
3.651343693801798601e-02    5.317937748970157606e-03    1.000000000000000036e-10
3.670102428170757269e-02    5.274443925320038661e-03    1.000000000000000036e-10
3.688957535312215041e-02    5.228612431129904016e-03    1.000000000000000036e-10
3.707909510340134940e-02    5.174057660959638719e-03    1.000000000000000036e-10
3.726958850912121674e-02    5.121056912011885849e-03    1.000000000000000036e-10
3.746106057242483411e-02    5.059996621973887956e-03    1.000000000000000036e-10
3.765351632115385150e-02    4.999059598130335333e-03    1.000000000000000036e-10
3.784696080898026366e-02    4.931992593915162336e-03    1.000000000000000036e-10
3.804139911553934550e-02    4.865098848373278738e-03    1.000000000000000036e-10
3.823683634656289965e-02    4.793520480286262916e-03    1.000000000000000036e-10
3.843327763401331587e-02    4.717855717997250162e-03    1.000000000000000036e-10
3.863072813621849788e-02    4.639562154018241590e-03    1.000000000000000036e-10
3.882919303800708155e-02    4.557917539950092321e-03    1.000000000000000036e-10
3.902867755084474255e-02    4.476118144153555696e-03    1.000000000000000036e-10
3.922918691297103133e-02    4.389953626899319172e-03    1.000000000000000036e-10
3.943072638953679099e-02    4.303685408070014214e-03    1.000000000000000036e-10
3.963330127274267145e-02    4.211541854264526374e-03    1.000000000000000036e-10
3.983691688197778247e-02    4.121614851962897806e-03    1.000000000000000036e-10
4.004157856395961640e-02    4.027533899395903914e-03    1.000000000000000036e-10
4.024729169287436653e-02    3.932111777466394502e-03    1.000000000000000036e-10
4.045406167051796009e-02    3.833507797467694198e-03    1.000000000000000036e-10
4.066189392643813211e-02    3.736225099226643531e-03    1.000000000000000036e-10
4.087079391807670742e-02    3.636076305862237686e-03    1.000000000000000036e-10
4.108076713091313170e-02    3.534488633641854390e-03    1.000000000000000036e-10
4.129181907860844658e-02    3.432898590943948489e-03    1.000000000000000036e-10
4.150395530314995862e-02    3.331368346398864803e-03    1.000000000000000036e-10
4.171718137499702550e-02    3.229185230438141527e-03    1.000000000000000036e-10
4.193150289322703644e-02    3.124295878160963241e-03    1.000000000000000036e-10
4.214692548568263475e-02    3.021641316234810297e-03    1.000000000000000036e-10
4.236345480911946071e-02    2.917348405840620388e-03    1.000000000000000036e-10
4.258109654935456762e-02    2.814931887669392101e-03    1.000000000000000036e-10
4.279985642141598268e-02    2.711275911036782876e-03    1.000000000000000036e-10
4.301974016969246917e-02    2.609023368351747786e-03    1.000000000000000036e-10
4.324075356808460002e-02    2.506490268786370438e-03    1.000000000000000036e-10
4.346290242015627553e-02    2.404225635112603853e-03    1.000000000000000036e-10
4.368619255928713613e-02    2.305064213410264184e-03    1.000000000000000036e-10
4.391062984882577319e-02    2.205623433530165198e-03    1.000000000000000036e-10
4.413622018224357124e-02    2.106837551134252244e-03    1.000000000000000036e-10
4.436296948328963263e-02    2.010577299922040265e-03    1.000000000000000036e-10
4.459088370614622959e-02    1.915874690855510955e-03    1.000000000000000036e-10
4.481996883558517220e-02    1.821212723246639232e-03    1.000000000000000036e-10
4.505023088712498125e-02    1.728985370588057577e-03    1.000000000000000036e-10
4.528167590718877589e-02    1.638942660697302210e-03    1.000000000000000036e-10
4.551430997326315342e-02    1.550406842739674535e-03    1.000000000000000036e-10
4.574813919405771451e-02    1.464903333581049974e-03    1.000000000000000036e-10
4.598316970966547651e-02    1.380129387740923474e-03    1.000000000000000036e-10
4.621940769172414726e-02    1.298326515378520280e-03    1.000000000000000036e-10
4.645685934357805108e-02    1.218920591767309273e-03    1.000000000000000036e-10
4.669553090044121363e-02    1.141397980722189381e-03    1.000000000000000036e-10
4.693542862956097406e-02    1.066920456559553683e-03    1.000000000000000036e-10
4.717655883038256170e-02    9.946823252830808409e-04    1.000000000000000036e-10
4.741892783471457484e-02    9.253127551698939234e-04    1.000000000000000036e-10
4.766254200689511167e-02    8.583946577605639601e-04    1.000000000000000036e-10
4.790740774395906704e-02    7.939550886986439671e-04    1.000000000000000036e-10
4.815353147580599125e-02    7.319574257707489378e-04    1.000000000000000036e-10
4.840091966536897577e-02    6.734554350707802877e-04    1.000000000000000036e-10
4.864957880878437863e-02    6.173804064085067298e-04    1.000000000000000036e-10
4.889951543556229213e-02    5.637564656891862159e-04    1.000000000000000036e-10
4.915073610875816956e-02    5.130087683048576873e-04    1.000000000000000036e-10
4.940324742514506928e-02    4.649040940506591127e-04    1.000000000000000036e-10
4.965705601538688424e-02    4.198822184017883563e-04    1.000000000000000036e-10
4.991216854421247351e-02    3.771373878794116860e-04    1.000000000000000036e-10
5.016859171059060568e-02    3.369612225944128335e-04    1.000000000000000036e-10
5.042633224790599167e-02    2.993119986639594383e-04    1.000000000000000036e-10
5.068539692413599751e-02    2.649649791340047975e-04    1.000000000000000036e-10
5.094579254202839802e-02    2.326183948366989274e-04    1.000000000000000036e-10
5.120752593928000473e-02    2.031157595194604229e-04    1.000000000000000036e-10
5.147060398871617509e-02    1.754104069592632474e-04    1.000000000000000036e-10
5.173503359847136940e-02    1.505857115903486663e-04    1.000000000000000036e-10
5.200082171217049881e-02    1.281314913411992775e-04    1.000000000000000036e-10
5.226797530911125172e-02    1.075400907659438370e-04    1.000000000000000036e-10
5.253650140444741934e-02    8.982119343212687597e-05    1.000000000000000036e-10
5.280640704937295676e-02    7.329497038843823045e-05    1.000000000000000036e-10
5.307769933130733475e-02    5.898128817673048803e-05    1.000000000000000036e-10
5.335038537408154369e-02    4.584812547317102297e-05    1.000000000000000036e-10
5.362447233812513842e-02    3.534782399181102058e-05    1.000000000000000036e-10
5.389996742065435859e-02    2.654308001049383221e-05    1.000000000000000036e-10
5.417687785586094984e-02    1.900991618982037773e-05    1.000000000000000036e-10
5.445521091510231726e-02    1.339635310329730179e-05    1.000000000000000036e-10
5.473497390709235189e-02    8.726654174228852865e-06    1.000000000000000036e-10
5.501617417809336746e-02    5.469076872454812471e-06    1.000000000000000036e-10
5.529881911210906414e-02    3.060570829951540222e-06    1.000000000000000036e-10
5.558291613107825546e-02    1.931033841463626512e-06    1.000000000000000036e-10
5.586847269506999003e-02    1.856715874042553169e-06    1.000000000000000036e-10
5.615549630247927693e-02    2.529718965981035016e-06    1.000000000000000036e-10
5.644399449022405313e-02    3.980284446208491593e-06    1.000000000000000036e-10
5.673397483394312241e-02    6.667597243319210051e-06    1.000000000000000036e-10
5.702544494819492688e-02    8.833843439580166479e-06    1.000000000000000036e-10
5.731841248665772715e-02    1.207744272002041491e-05    1.000000000000000036e-10
5.761288514233040697e-02    1.560454497136261822e-05    1.000000000000000036e-10
5.790887064773456855e-02    1.936293457471822464e-05    1.000000000000000036e-10
5.820637677511752289e-02    2.336480708658106119e-05    1.000000000000000036e-10
5.850541133665645294e-02    2.855255861098650498e-05    1.000000000000000036e-10
5.880598218466342314e-02    3.174944218044254736e-05    1.000000000000000036e-10
5.910809721179172832e-02    3.633535995854196733e-05    1.000000000000000036e-10
5.941176435124307514e-02    4.025988204190384610e-05    1.000000000000000036e-10
5.971699157697585997e-02    4.444146062760326370e-05    1.000000000000000036e-10
6.002378690391466098e-02    4.856213563913098331e-05    1.000000000000000036e-10
6.033215838816052140e-02    5.155651508337704558e-05    1.000000000000000036e-10
6.064211412720269673e-02    5.476940993973017548e-05    1.000000000000000036e-10
6.095366226013119310e-02    5.782238360262305810e-05    1.000000000000000036e-10
6.126681096785045744e-02    6.087605043968632719e-05    1.000000000000000036e-10
6.158156847329428890e-02    6.292296050585001856e-05    1.000000000000000036e-10
6.189794304164161071e-02    6.473361586173016226e-05    1.000000000000000036e-10
6.221594298053369915e-02    6.642410647268717967e-05    1.000000000000000036e-10
6.253557664029220364e-02    6.711221697210991973e-05    1.000000000000000036e-10
6.285685241413845048e-02    6.739656798329738806e-05    1.000000000000000036e-10
6.317977873841387759e-02    6.758246201069786506e-05    1.000000000000000036e-10
6.350436409280142691e-02    6.701990154784542777e-05    1.000000000000000036e-10
6.383061700054838694e-02    6.637328029519602593e-05    1.000000000000000036e-10
6.415854602869013046e-02    6.487803262110199804e-05    1.000000000000000036e-10
6.448815978827505957e-02    6.378241476238491231e-05    1.000000000000000036e-10
6.481946693459073039e-02    6.189434857006267986e-05    1.000000000000000036e-10
6.515247616739110181e-02    6.011365167408778558e-05    1.000000000000000036e-10
6.548719623112504717e-02    5.694476893958102387e-05    1.000000000000000036e-10
6.582363591516594836e-02    5.444550464423199916e-05    1.000000000000000036e-10
6.616180405404248344e-02    5.081823901977994127e-05    1.000000000000000036e-10
6.650170952767064936e-02    4.758818745038627363e-05    1.000000000000000036e-10
6.684336126158678393e-02    4.425751188264581508e-05    1.000000000000000036e-10
6.718676822718216979e-02    4.035365556197479986e-05    1.000000000000000036e-10
6.753193944193848497e-02    3.677327642639739881e-05    1.000000000000000036e-10
6.787888396966459958e-02    3.378283941192313151e-05    1.000000000000000036e-10
6.822761092073464928e-02    3.013392210677812508e-05    1.000000000000000036e-10
6.857812945232705237e-02    2.606775878215033848e-05    1.000000000000000036e-10
6.893044876866527559e-02    2.241058082481706587e-05    1.000000000000000036e-10
6.928457812125933535e-02    1.910211070969065650e-05    1.000000000000000036e-10
6.964052680914871452e-02    1.624853567007936991e-05    1.000000000000000036e-10
6.999830417914672254e-02    1.320151187832500976e-05    1.000000000000000036e-10
7.035791962608561878e-02    1.033009386977266524e-05    1.000000000000000036e-10
7.071938259306366492e-02    8.138388124240089361e-06    1.000000000000000036e-10
7.108270257169285733e-02    6.041646021690593444e-06    1.000000000000000036e-10
7.144788910234825541e-02    4.731500289194948047e-06    1.000000000000000036e-10
7.181495177441851729e-02    3.068177889402528964e-06    1.000000000000000036e-10
7.218390022655754579e-02    1.786057883713957232e-06    1.000000000000000036e-10
7.255474414693782736e-02    1.641291730928074655e-06    1.000000000000000036e-10
7.292749327350468713e-02    1.311686177143363520e-06    1.000000000000000036e-10
7.330215739423202870e-02    1.483765629205732263e-06    1.000000000000000036e-10
7.367874634737939243e-02    2.152766675581695094e-06    1.000000000000000036e-10
7.405727002175011009e-02    3.086201132728748678e-06    1.000000000000000036e-10
7.443773835695130514e-02    4.753259911048799933e-06    1.000000000000000036e-10
7.482016134365461479e-02    6.840718223995746660e-06    1.000000000000000036e-10
7.520454902385864671e-02    8.630213633627095531e-06    1.000000000000000036e-10
7.559091149115272634e-02    1.195806402794302377e-05    1.000000000000000036e-10
7.597925889098169905e-02    1.452600906474208491e-05    1.000000000000000036e-10
7.636960142091268888e-02    1.886343942295155656e-05    1.000000000000000036e-10
7.676194933090260686e-02    2.192767989385687710e-05    1.000000000000000036e-10
7.715631292356743554e-02    2.578043975569215129e-05    1.000000000000000036e-10
7.755270255445273486e-02    2.974238152989230205e-05    1.000000000000000036e-10
7.795112863230545253e-02    3.434898296349877476e-05    1.000000000000000036e-10
7.835160161934746903e-02    3.932711246574124674e-05    1.000000000000000036e-10
7.875413203155014197e-02    4.331250292284531786e-05    1.000000000000000036e-10
7.915873043891052951e-02    4.833236501097707522e-05    1.000000000000000036e-10
7.956540746572896006e-02    5.328085009904687946e-05    1.000000000000000036e-10
7.997417379088785083e-02    5.751875959922709913e-05    1.000000000000000036e-10
8.038504014813235843e-02    6.188828929776910470e-05    1.000000000000000036e-10
8.079801732635211176e-02    6.674334105463178258e-05    1.000000000000000036e-10
8.121311616986451321e-02    7.133062206320735146e-05    1.000000000000000036e-10
8.163034757869956637e-02    7.498048613571709387e-05    1.000000000000000036e-10
8.204972250888589724e-02    7.924676945123302826e-05    1.000000000000000036e-10
8.247125197273877384e-02    8.306421912434842989e-05    1.000000000000000036e-10
8.289494703914900009e-02    8.673235646181173732e-05    1.000000000000000036e-10
8.332081883387372490e-02    8.943880279995702486e-05    1.000000000000000036e-10
8.374887853982850017e-02    9.241317212963848899e-05    1.000000000000000036e-10
8.417913739738103196e-02    9.451391244522666939e-05    1.000000000000000036e-10
8.461160670464618061e-02    9.578450136430420201e-05    1.000000000000000036e-10
8.504629781778280662e-02    9.664796171142043158e-05    1.000000000000000036e-10
8.548322215129190715e-02    9.857333189688578128e-05    1.000000000000000036e-10
8.592239117831630690e-02    9.957296291501565536e-05    1.000000000000000036e-10
8.636381643094202809e-02    9.915559627742586758e-05    1.000000000000000036e-10
8.680750950050092341e-02    9.844631469181951762e-05    1.000000000000000036e-10
8.725348203787526569e-02    9.737691715413887398e-05    1.000000000000000036e-10
8.770174575380358661e-02    9.663535027783643882e-05    1.000000000000000036e-10
8.815231241918820848e-02    9.545855670984862353e-05    1.000000000000000036e-10
8.860519386540431641e-02    9.323655612470204790e-05    1.000000000000000036e-10
8.906040198461054325e-02    9.024997755757148095e-05    1.000000000000000036e-10
8.951794873006148345e-02    8.818107058631258048e-05    1.000000000000000036e-10
8.997784611642138664e-02    8.492881661207419631e-05    1.000000000000000036e-10
9.044010622007966904e-02    8.147588687041380643e-05    1.000000000000000036e-10
9.090474117946811816e-02    7.785736787631481598e-05    1.000000000000000036e-10
9.137176319537944347e-02    7.354037646792576646e-05    1.000000000000000036e-10
9.184118453128790882e-02    6.982741926923191622e-05    1.000000000000000036e-10
9.231301751367115838e-02    6.588743463688898083e-05    1.000000000000000036e-10
9.278727453233401312e-02    6.163769962152939013e-05    1.000000000000000036e-10
9.326396804073376623e-02    5.730885563045080329e-05    1.000000000000000036e-10
9.374311055630710210e-02    5.305784709450512681e-05    1.000000000000000036e-10
9.422471466079899993e-02    4.914163524306134869e-05    1.000000000000000036e-10
9.470879300059294181e-02    4.476646695574683360e-05    1.000000000000000036e-10
9.519535828704310532e-02    4.052353946893994278e-05    1.000000000000000036e-10
9.568442329680809655e-02    3.640444359583444161e-05    1.000000000000000036e-10
9.617600087218632077e-02    3.271885959127516109e-05    1.000000000000000036e-10
9.667010392145349018e-02    2.916991108210502466e-05    1.000000000000000036e-10
9.716674541920136687e-02    2.567765824989766887e-05    1.000000000000000036e-10
9.766593840667854576e-02    2.237503294448533054e-05    1.000000000000000036e-10
9.816769599213290287e-02    1.948306361814096727e-05    1.000000000000000036e-10
9.867203135115563961e-02    1.664915304175274208e-05    1.000000000000000036e-10
9.917895772702756130e-02    1.462674297115622527e-05    1.000000000000000036e-10
9.968848843106659086e-02    1.243723477329591344e-05    1.000000000000000036e-10
1.002006368429774336e-01    1.111111029098816226e-05    1.000000000000000036e-10
1.007154164112028516e-01    9.742814466394612198e-06    1.000000000000000036e-10
1.012328406532767427e-01    8.004612872892975681e-06    1.000000000000000036e-10
1.017529231561792591e-01    7.439605383298084061e-06    1.000000000000000036e-10
1.022756775766934939e-01    6.693102785881692440e-06    1.000000000000000036e-10
1.028011176417640699e-01    5.908920732558933017e-06    1.000000000000000036e-10
1.033292571488577116e-01    5.797671103075038951e-06    1.000000000000000036e-10
1.038601099663252619e-01    5.597960678916936352e-06    1.000000000000000036e-10
1.043936900337662371e-01    6.156524613443971127e-06    1.000000000000000036e-10
1.049300113623946318e-01    6.349002194908612057e-06    1.000000000000000036e-10
1.054690880354068327e-01    6.636162239949488374e-06    1.000000000000000036e-10
1.060109342083516148e-01    7.272904173446289867e-06    1.000000000000000036e-10
1.065555641095014688e-01    7.709183648711233873e-06    1.000000000000000036e-10
1.071029920402266911e-01    8.144695235846091788e-06    1.000000000000000036e-10
1.076532323753706111e-01    8.635296211042793011e-06    1.000000000000000036e-10
1.082062995636271369e-01    9.571944920156609716e-06    1.000000000000000036e-10
1.087622081279202568e-01    9.937344188529238377e-06    1.000000000000000036e-10
1.093209726657850961e-01    1.044126625766762394e-05    1.000000000000000036e-10
1.098826078497516512e-01    1.160343433744291108e-05    1.000000000000000036e-10
1.104471284277297599e-01    1.177875823004525960e-05    1.000000000000000036e-10
1.110145492233965414e-01    1.219690496731625667e-05    1.000000000000000036e-10
1.115848851365855571e-01    1.252431481597219281e-05    1.000000000000000036e-10
1.121581511436779560e-01    1.245275122612386789e-05    1.000000000000000036e-10
1.127343622979960353e-01    1.307899799371935657e-05    1.000000000000000036e-10
1.133135337301982987e-01    1.289288080995283159e-05    1.000000000000000036e-10
1.138956806486768059e-01    1.235230213636794138e-05    1.000000000000000036e-10
1.144808183399566165e-01    1.191791303718090128e-05    1.000000000000000036e-10
1.150689621690969694e-01    1.183398689491972342e-05    1.000000000000000036e-10
1.156601275800950568e-01    1.099750525466622016e-05    1.000000000000000036e-10
1.162543300962914083e-01    1.064590170905542577e-05    1.000000000000000036e-10
1.168515853207774680e-01    9.691197937872826046e-06    1.000000000000000036e-10
1.174519089368054880e-01    8.968260444574042110e-06    1.000000000000000036e-10
1.180553167082000338e-01    8.432759061205197552e-06    1.000000000000000036e-10
1.186618244797723043e-01    7.415586072259568241e-06    1.000000000000000036e-10
1.192714481777359947e-01    6.583335891170010522e-06    1.000000000000000036e-10
1.198842038101255031e-01    5.630474182861143956e-06    1.000000000000000036e-10
1.205001074672163858e-01    5.472044684040613714e-06    1.000000000000000036e-10
1.211191753219476169e-01    4.632711069644214240e-06    1.000000000000000036e-10
1.217414236303466235e-01    3.603491098295244341e-06    1.000000000000000036e-10
1.223668687319559162e-01    3.406383684796342482e-06    1.000000000000000036e-10
1.229955270502622322e-01    2.802235345802070565e-06    1.000000000000000036e-10
1.236274150931277460e-01    2.602859814101342214e-06    1.000000000000000036e-10
1.242625494532236391e-01    1.925970630320306610e-06    1.000000000000000036e-10
1.249009468084655849e-01    1.736184336950114454e-06    1.000000000000000036e-10
1.255426239224519958e-01    1.790377574794129608e-06    1.000000000000000036e-10
1.261875976449040315e-01    1.408838531785201315e-06    1.000000000000000036e-10
1.268358849121080933e-01    1.833907646311198766e-06    1.000000000000000036e-10
1.274875027473606204e-01    1.754088789213848668e-06    1.000000000000000036e-10
1.281424682614148158e-01    1.752404001881688615e-06    1.000000000000000036e-10
1.288007986529303706e-01    1.815344962693988548e-06    1.000000000000000036e-10
1.294625112089248242e-01    1.899670983173745604e-06    1.000000000000000036e-10
1.301276233052275633e-01    2.233239298739156207e-06    1.000000000000000036e-10
1.307961524069361781e-01    2.643844770500801435e-06    1.000000000000000036e-10
1.314681160688747352e-01    2.462952656585166532e-06    1.000000000000000036e-10
1.321435319360552418e-01    2.616891084590429971e-06    1.000000000000000036e-10
1.328224177441406639e-01    3.162832666309757132e-06    1.000000000000000036e-10
1.335047913199107206e-01    3.003897242219206303e-06    1.000000000000000036e-10
1.341906705817300649e-01    4.138302342934249459e-06    1.000000000000000036e-10
1.348800735400185191e-01    4.024788289917943333e-06    1.000000000000000036e-10
1.355730182977244735e-01    4.246487271572823828e-06    1.000000000000000036e-10
1.362695230507998401e-01    4.105417269803732171e-06    1.000000000000000036e-10
1.369696060886781142e-01    3.939043571364097618e-06    1.000000000000000036e-10
1.376732857947545463e-01    4.168572920706219876e-06    1.000000000000000036e-10
1.383805806468686450e-01    3.823776912763020646e-06    1.000000000000000036e-10
1.390915092177898438e-01    3.961944328095195488e-06    1.000000000000000036e-10
1.398060901757048613e-01    3.471614148585481886e-06    1.000000000000000036e-10
1.405243422847080037e-01    3.387589798063555023e-06    1.000000000000000036e-10
1.412462844052939648e-01    2.987348093351074024e-06    1.000000000000000036e-10
1.419719354948528189e-01    2.814362990112209317e-06    1.000000000000000036e-10
1.427013146081681227e-01    2.789008390260792598e-06    1.000000000000000036e-10
1.434344408979172092e-01    2.340023056959477663e-06    1.000000000000000036e-10
1.441713336151739522e-01    2.434999820283341589e-06    1.000000000000000036e-10
1.449120121099145286e-01    1.857139866534746043e-06    1.000000000000000036e-10
1.456564958315251235e-01    1.501375496365610954e-06    1.000000000000000036e-10
1.464048043293131596e-01    1.410821296922484385e-06    1.000000000000000036e-10
1.471569572530203318e-01    1.194511110002040526e-06    1.000000000000000036e-10
1.479129743533385832e-01    1.392785046859948713e-06    1.000000000000000036e-10
1.486728754824289123e-01    1.141790683655473692e-06    1.000000000000000036e-10
1.494366805944423726e-01    1.120648240450907813e-06    1.000000000000000036e-10
1.502044097460443761e-01    1.299574443058619504e-06    1.000000000000000036e-10
1.509760830969412160e-01    9.640663981948742095e-07    1.000000000000000036e-10
1.517517209104093379e-01    1.391790499117484007e-06    1.000000000000000036e-10
1.525313435538277196e-01    1.608498171231467601e-06    1.000000000000000036e-10
1.533149714992121659e-01    9.171363738776782725e-07    1.000000000000000036e-10
1.541026253237535171e-01    1.685938649974183118e-06    1.000000000000000036e-10
1.548943257103575777e-01    1.953445449740758073e-06    1.000000000000000036e-10
1.556900934481883492e-01    1.591036640466492410e-06    1.000000000000000036e-10
1.564899494332139818e-01    2.142950608518966966e-06    1.000000000000000036e-10
1.572939146687551415e-01    2.192190731207622912e-06    1.000000000000000036e-10
1.581020102660371240e-01    2.677900776883136959e-06    1.000000000000000036e-10
1.589142574447437450e-01    2.916098844486455636e-06    1.000000000000000036e-10
1.597306775335746998e-01    2.746765502331403031e-06    1.000000000000000036e-10
1.605512919708056985e-01    2.455514728303745692e-06    1.000000000000000036e-10
1.613761223048511273e-01    2.829013221577692917e-06    1.000000000000000036e-10
1.622051901948303176e-01    2.718773646358782434e-06    1.000000000000000036e-10
1.630385174111359248e-01    2.620448372342859098e-06    1.000000000000000036e-10
1.638761258360058592e-01    2.473255475537711817e-06    1.000000000000000036e-10
1.647180374640977440e-01    2.813446668845088074e-06    1.000000000000000036e-10
1.655642744030662861e-01    2.755537513193161358e-06    1.000000000000000036e-10
1.664148588741442558e-01    2.418771369960750339e-06    1.000000000000000036e-10
1.672698132127256043e-01    2.662989745882798622e-06    1.000000000000000036e-10
1.681291598689521882e-01    2.332638734706940496e-06    1.000000000000000036e-10
1.689929214083032150e-01    1.582115587234374613e-06    1.000000000000000036e-10
1.698611205121875189e-01    1.206099152786417444e-06    1.000000000000000036e-10
1.707337799785397237e-01    1.177151130593270239e-06    1.000000000000000036e-10
1.716109227224183742e-01    1.171796302275894807e-06    1.000000000000000036e-10
1.724925717766079558e-01    1.345848597485044408e-06    1.000000000000000036e-10
1.733787502922236323e-01    6.485030769565814700e-07    1.000000000000000036e-10
1.742694815393189267e-01    8.229364438850607530e-07    1.000000000000000036e-10
1.751647889074971765e-01    8.415447072309600289e-07    1.000000000000000036e-10
1.760646959065254868e-01    3.224454307826070104e-07    1.000000000000000036e-10
1.769692261669521260e-01    6.711769296930706098e-07    1.000000000000000036e-10
1.778784034407269732e-01    2.384301121321423618e-07    1.000000000000000036e-10
1.787922516018254082e-01    7.075609632739881231e-07    1.000000000000000036e-10
1.797107946468747275e-01    7.459672413119447638e-07    1.000000000000000036e-10
1.806340566957849725e-01    5.799470106094295199e-07    1.000000000000000036e-10
1.815620619923817569e-01    5.424027337701745018e-07    1.000000000000000036e-10
1.824948349050431184e-01    2.782873256647941495e-07    1.000000000000000036e-10
1.834323999273393957e-01    3.200412384033053047e-07    1.000000000000000036e-10
1.843747816786761307e-01    1.664315455230335357e-07    1.000000000000000036e-10
1.853220049049409679e-01    2.710624196029990296e-07    1.000000000000000036e-10
1.862740944791532183e-01    1.036842724315298003e-06    1.000000000000000036e-10
1.872310754021170032e-01    9.203518468075987249e-07    1.000000000000000036e-10
1.881929728030778681e-01    5.764107803012289853e-07    1.000000000000000036e-10
1.891598119403822831e-01    4.607285147361007807e-07    1.000000000000000036e-10
1.901316182021414725e-01    4.627510986448820200e-07    1.000000000000000036e-10
1.911084171068976323e-01    7.624681563925647305e-07    1.000000000000000036e-10
1.920902343042941995e-01    6.056687699550829891e-07    1.000000000000000036e-10
1.930770955757494522e-01    2.329984664457544527e-07    1.000000000000000036e-10
1.940690268351330516e-01    5.714226165607636880e-07    1.000000000000000036e-10
1.950660541294471917e-01    4.463096549171878090e-07    1.000000000000000036e-10
1.960682036395101357e-01    4.999583766744598012e-07    1.000000000000000036e-10
1.970755016806437498e-01    6.367876912454033533e-07    1.000000000000000036e-10
1.980879747033646998e-01    2.735807050350561080e-07    1.000000000000000036e-10
1.991056492940784794e-01    2.483345353696510418e-07    1.000000000000000036e-10
2.001285521757782959e-01    2.553221555119918919e-07    1.000000000000000036e-10
2.011567102087462866e-01    9.212610313737785532e-07    1.000000000000000036e-10
2.021901503912589826e-01    1.227533452817032479e-07    1.000000000000000036e-10
2.032288998602963248e-01    5.678588235935946769e-07    1.000000000000000036e-10
2.042729858922538722e-01    2.747820990317304037e-07    1.000000000000000036e-10
2.053224359036595892e-01    3.488333724172626015e-07    1.000000000000000036e-10
2.063772774518934650e-01    6.573391868991967240e-07    1.000000000000000036e-10
2.074375382359112396e-01    4.714440607134710472e-07    1.000000000000000036e-10
2.085032460969717116e-01    1.625359531402545298e-07    1.000000000000000036e-10
2.095744290193675974e-01    5.332514817050847434e-07    1.000000000000000036e-10
2.106511151311608043e-01    8.385765949333476313e-07    1.000000000000000036e-10
2.117333327049207847e-01    6.762304455319705595e-07    1.000000000000000036e-10
2.128211101584669696e-01    1.291849206467055286e-06    1.000000000000000036e-10
2.139144760556150604e-01    1.426378023564908739e-06    1.000000000000000036e-10
2.150134591069267076e-01    6.614593767930978676e-07    1.000000000000000036e-10
2.161180881704641010e-01    8.446189065936600916e-07    1.000000000000000036e-10
2.172283922525472255e-01    1.505342743517968644e-06    1.000000000000000036e-10
2.183444005085156681e-01    4.082664300411354760e-07    1.000000000000000036e-10
2.194661422434943665e-01    2.338872896695395470e-07    1.000000000000000036e-10
2.205936469131626887e-01    5.318934515658212961e-07    1.000000000000000036e-10
2.217269441245284245e-01    3.525814613077204032e-07    1.000000000000000036e-10
2.228660636367050252e-01    7.204324216782277451e-07    1.000000000000000036e-10
2.240110353616929506e-01    2.189540437736951011e-07    1.000000000000000036e-10
2.251618893651653464e-01    4.087216846055724320e-07    1.000000000000000036e-10
2.263186558672570237e-01    1.182296828632513622e-06    1.000000000000000036e-10
2.274813652433587408e-01    7.550059976923441046e-07    1.000000000000000036e-10
2.286500480249143430e-01    7.314438118023589449e-08    1.000000000000000036e-10
2.298247349002226492e-01    9.888781159479701473e-07    1.000000000000000036e-10
2.310054567152432237e-01    9.442443291685197165e-08    1.000000000000000036e-10
2.321922444744062008e-01    9.349914425124642766e-07    1.000000000000000036e-10
2.333851293414268002e-01    3.085022568226016261e-07    1.000000000000000036e-10
2.345841426401234497e-01    -1.703293076474598531e-07    1.000000000000000036e-10
2.357893158552402668e-01    1.718600459494665568e-07    1.000000000000000036e-10
2.370006806332739524e-01    4.495689791247946582e-07    1.000000000000000036e-10
2.382182687833044321e-01    5.006790289745381686e-07    1.000000000000000036e-10
2.394421122778306876e-01    7.745130784149648952e-07    1.000000000000000036e-10
2.406722432536099465e-01    4.739554735007232950e-07    1.000000000000000036e-10
2.419086940125015905e-01    9.140093673831979668e-07    1.000000000000000036e-10
2.431514970223155880e-01    8.621271304967239659e-07    1.000000000000000036e-10
2.444006849176645346e-01    1.829629572795671664e-07    1.000000000000000036e-10
2.456562905008212450e-01    3.576203320320718789e-07    1.000000000000000036e-10
2.469183467425797862e-01    8.955084558687572350e-07    1.000000000000000036e-10
2.481868867831212300e-01    -1.890675452021217281e-07    1.000000000000000036e-10
2.494619439328840671e-01    -3.699025286403748104e-07    1.000000000000000036e-10
2.507435516734383696e-01    3.990421191925410203e-09    1.000000000000000036e-10
2.520317436583658366e-01    9.915176477542481260e-08    1.000000000000000036e-10
2.533265537141428103e-01    1.310730963853609931e-06    1.000000000000000036e-10
2.546280158410287320e-01    -2.038393213835160602e-07    1.000000000000000036e-10
2.559361642139592607e-01    2.267423541054632187e-09    1.000000000000000036e-10
2.572510331834428343e-01    2.752822177850308859e-07    1.000000000000000036e-10
2.585726572764636133e-01    -2.013278370736076981e-07    1.000000000000000036e-10
2.599010711973876453e-01    -5.983809229072293535e-08    1.000000000000000036e-10
2.612363098288742469e-01    1.331526977502342000e-06    1.000000000000000036e-10
2.625784082327919378e-01    1.287423463694759543e-06    1.000000000000000036e-10
2.639274016511393706e-01    1.084402362262797730e-06    1.000000000000000036e-10
2.652833255069700358e-01    1.229969432057788981e-06    1.000000000000000036e-10
2.666462154053234057e-01    1.002598702884654651e-07    1.000000000000000036e-10
2.680161071341592982e-01    -3.268061506624117500e-07    1.000000000000000036e-10
2.693930366652976804e-01    8.696676664811039493e-08    1.000000000000000036e-10
2.707770401553635242e-01    4.114273649186621220e-07    1.000000000000000036e-10
2.721681539467355471e-01    -6.417463369491431753e-07    1.000000000000000036e-10
2.735664145685013926e-01    3.115830606046371821e-08    1.000000000000000036e-10
2.749718587374164191e-01    3.995908266340573587e-06    1.000000000000000036e-10
2.763845233588678729e-01    2.441389980480980995e-06    1.000000000000000036e-10
2.778044455278440017e-01    5.007605874063282732e-06    1.000000000000000036e-10
2.792316625299077204e-01    1.348618588052471761e-06    1.000000000000000036e-10
2.806662118421766605e-01    3.586331133724392146e-07    1.000000000000000036e-10
2.821081311343063280e-01    -1.491130812495079713e-06    1.000000000000000036e-10
2.835574582694797563e-01    2.380088237454394090e-06    1.000000000000000036e-10
2.850142313054017662e-01    -1.867635430799076383e-06    1.000000000000000036e-10
2.864784884952976673e-01    -1.381092527454073501e-06    1.000000000000000036e-10
2.879502682889188425e-01    6.193958451536382406e-07    1.000000000000000036e-10
2.894296093335515518e-01    2.319210669413023646e-08    1.000000000000000036e-10
2.909165504750320097e-01    -4.769811213253834142e-06    1.000000000000000036e-10
2.924111307587666242e-01    2.823219802221481402e-07    1.000000000000000036e-10
2.939133894307566774e-01    5.558885341225395808e-06    1.000000000000000036e-10
2.954233659386298338e-01    6.808104820342986720e-06    1.000000000000000036e-10
2.969410999326751455e-01    -7.227587716656482896e-07    1.000000000000000036e-10
2.984666312668846633e-01    -3.392994201311171519e-06    1.000000000000000036e-10
2.999999999999999334e-01    -4.332990468464972808e-07    1.000000000000000036e-10
