4.999999999999999237e-03    9.999021375563736935e-01    1.000000000000000036e-10
5.041194267029587388e-03    9.998996006705350714e-01    1.000000000000000036e-10
5.082727927586390936e-03    1.000170617686182428e+00    1.000000000000000036e-10
5.124603777883937963e-03    1.000095877000107158e+00    1.000000000000000036e-10
5.166824637173335344e-03    9.997539039867431310e-01    1.000000000000000036e-10
5.209393347933089988e-03    9.998903094670767988e-01    1.000000000000000036e-10
5.252312776060467057e-03    9.998387893884700395e-01    1.000000000000000036e-10
5.295585811064457138e-03    1.000146412010413099e+00    1.000000000000000036e-10
5.339215366260274299e-03    9.998211100860229239e-01    1.000000000000000036e-10
5.383204378965509955e-03    9.996107849449996641e-01    1.000000000000000036e-10
5.427555810697900010e-03    9.999992781651977358e-01    1.000000000000000036e-10
5.472272647374675815e-03    9.998083242569495432e-01    1.000000000000000036e-10
5.517357899513603003e-03    1.000006024219451950e+00    1.000000000000000036e-10
5.562814602435676124e-03    9.999813988896888439e-01    1.000000000000000036e-10
5.608645816469441311e-03    9.997313629321122885e-01    1.000000000000000036e-10
5.654854627157045871e-03    1.000143557132016969e+00    1.000000000000000036e-10
5.701444145461961877e-03    9.997260909401283202e-01    1.000000000000000036e-10
5.748417507978449692e-03    9.999351605013876432e-01    1.000000000000000036e-10
5.795777877142694635e-03    1.000082290787635442e+00    1.000000000000000036e-10
5.843528441445726938e-03    1.000136421674810983e+00    1.000000000000000036e-10
5.891672415648108521e-03    1.000207514513998142e+00    1.000000000000000036e-10
5.940213040996321532e-03    9.999813919865256917e-01    1.000000000000000036e-10
5.989153585441003499e-03    9.995643336330968243e-01    1.000000000000000036e-10
6.038497343856977922e-03    9.996419866914355579e-01    1.000000000000000036e-10
6.088247638265037801e-03    1.000264076163449589e+00    1.000000000000000036e-10
6.138407818055626949e-03    1.000017648218937349e+00    1.000000000000000036e-10
6.188981260214319359e-03    9.996532116930717526e-01    1.000000000000000036e-10
6.239971369549196338e-03    9.997556958068267718e-01    1.000000000000000036e-10
6.291381578920034710e-03    1.000116084813897688e+00    1.000000000000000036e-10
6.343215349469440503e-03    9.999294309367295908e-01    1.000000000000000036e-10
6.395476170855885628e-03    9.997022096745782349e-01    1.000000000000000036e-10
6.448167561488605919e-03    9.998688748424096051e-01    1.000000000000000036e-10
6.501293068764496703e-03    9.998308774461417414e-01    1.000000000000000036e-10
6.554856269306955606e-03    9.999794475181374986e-01    1.000000000000000036e-10
6.608860769206635274e-03    1.000075130401351098e+00    1.000000000000000036e-10
6.663310204264248290e-03    1.000054715675437134e+00    1.000000000000000036e-10
6.718208240235328844e-03    9.999994605343326404e-01    1.000000000000000036e-10
6.773558573077055264e-03    9.997477035944610790e-01    1.000000000000000036e-10
6.829364929197033647e-03    1.000101521541331140e+00    1.000000000000000036e-10
6.885631065704195253e-03    1.000015312179421745e+00    1.000000000000000036e-10
6.942360770661764290e-03    9.998713237313272550e-01    1.000000000000000036e-10
6.999557863342239714e-03    1.000166719731247378e+00    1.000000000000000036e-10
7.057226194484553239e-03    9.998167156354695884e-01    1.000000000000000036e-10
7.115369646553306414e-03    1.000172056574132995e+00    1.000000000000000036e-10
7.173992134000174367e-03    9.997491275844444525e-01    1.000000000000000036e-10
7.233097603527407701e-03    9.998500473212774686e-01    1.000000000000000036e-10
7.292690034353555700e-03    1.000104194510938127e+00    1.000000000000000036e-10
7.352773438481390901e-03    1.000131818954573815e+00    1.000000000000000036e-10
7.413351860967963038e-03    1.000138984472020764e+00    1.000000000000000036e-10
7.474429380196956699e-03    9.996265431863576856e-01    1.000000000000000036e-10
7.536010108153282441e-03    1.000039555533585478e+00    1.000000000000000036e-10
7.598098190699871003e-03    1.000091754009993839e+00    1.000000000000000036e-10
7.660697807856806790e-03    9.997192850145494303e-01    1.000000000000000036e-10
7.723813174082772882e-03    1.000181916568549489e+00    1.000000000000000036e-10
7.787448538558735568e-03    9.997925044138038508e-01    1.000000000000000036e-10
7.851608185474048818e-03    9.999408450903858325e-01    1.000000000000000036e-10
7.916296434314863337e-03    9.998598983443504062e-01    1.000000000000000036e-10
7.981517640154971172e-03    9.996356898011743430e-01    1.000000000000000036e-10
8.047276193948953160e-03    9.997511872953439571e-01    1.000000000000000036e-10
8.113576522827820048e-03    9.996362374986509369e-01    1.000000000000000036e-10
8.180423090397093491e-03    1.000202670724816612e+00    1.000000000000000036e-10
8.247820397037258430e-03    9.998961227186574652e-01    1.000000000000000036e-10
8.315772980206784584e-03    9.999043544670802586e-01    1.000000000000000036e-10
8.384285414747590440e-03    1.000087514290526114e+00    1.000000000000000036e-10
8.453362313193067690e-03    9.998143591715263900e-01    1.000000000000000036e-10
8.523008326078574184e-03    9.999275289346103435e-01    1.000000000000000036e-10
8.593228142254541110e-03    1.000177742238331335e+00    1.000000000000000036e-10
8.664026489202182255e-03    1.000140846732093136e+00    1.000000000000000036e-10
8.735408133351704740e-03    1.000161728828005137e+00    1.000000000000000036e-10
8.807377880403241543e-03    9.999627342515249318e-01    1.000000000000000036e-10
8.879940575650403442e-03    9.999821166608517942e-01    1.000000000000000036e-10
8.953101104306446928e-03    1.000090821061332180e+00    1.000000000000000036e-10
9.026864391833177778e-03    1.000129108119726995e+00    1.000000000000000036e-10
9.101235404272588550e-03    9.998301434999009585e-01    1.000000000000000036e-10
9.176219148581136326e-03    9.997824785653424140e-01    1.000000000000000036e-10
9.251820672966870607e-03    1.000082483305153369e+00    1.000000000000000036e-10
9.328045067229272583e-03    1.000065480229763715e+00    1.000000000000000036e-10
9.404897463101967101e-03    1.000048282216234208e+00    1.000000000000000036e-10
9.482383034598149477e-03    9.998423572824685079e-01    1.000000000000000036e-10
9.560506998358954400e-03    1.000126253232618945e+00    1.000000000000000036e-10
9.639274614004681926e-03    9.999802927024985522e-01    1.000000000000000036e-10
9.718691184488849333e-03    1.000001787426149313e+00    1.000000000000000036e-10
9.798762056455237110e-03    9.999648725495776658e-01    1.000000000000000036e-10
9.879492620597828470e-03    9.997759603014567675e-01    1.000000000000000036e-10
9.960888312023777683e-03    9.993360011915759511e-01    1.000000000000000036e-10
1.004295461061925458e-02    9.933445690768041292e-01    1.000000000000000036e-10
1.012569704141843066e-02    9.726332859730774105e-01    1.000000000000000036e-10
1.020912117497540551e-02    9.331083167209978102e-01    1.000000000000000036e-10
1.029323262773927661e-02    8.934833031464175512e-01    1.000000000000000036e-10
1.037803706243222227e-02    8.620847595107700156e-01    1.000000000000000036e-10
1.046354018843077480e-02    8.362682542090514870e-01    1.000000000000000036e-10
1.054974776215018319e-02    8.147256855194423553e-01    1.000000000000000036e-10
1.063666558743193991e-02    7.946303546440117715e-01    1.000000000000000036e-10
1.072429951593455513e-02    7.756696710189558974e-01    1.000000000000000036e-10
1.081265544752749164e-02    7.579122986827255826e-01    1.000000000000000036e-10
1.090173933068836788e-02    7.403592267583407605e-01    1.000000000000000036e-10
1.099155716290342935e-02    7.238250437942781446e-01    1.000000000000000036e-10
1.108211499107134707e-02    7.077537860587905794e-01    1.000000000000000036e-10
1.117341891191030515e-02    6.916850321492681308e-01    1.000000000000000036e-10
1.126547507236843639e-02    6.765133125378212098e-01    1.000000000000000036e-10
1.135828967003769258e-02    6.613952344750718693e-01    1.000000000000000036e-10
1.145186895357108020e-02    6.460730766167406269e-01    1.000000000000000036e-10
1.154621922310332567e-02    6.315706349900783723e-01    1.000000000000000036e-10
1.164134683067506032e-02    6.165851733993447104e-01    1.000000000000000036e-10
1.173725818066042974e-02    6.021913983847841934e-01    1.000000000000000036e-10
1.183395973019829746e-02    5.880870953325026962e-01    1.000000000000000036e-10
1.193145798962692676e-02    5.738276323613493712e-01    1.000000000000000036e-10
1.202975952292232101e-02    5.596708050784605648e-01    1.000000000000000036e-10
1.212887094814011843e-02    5.456594723553697124e-01    1.000000000000000036e-10
1.222879893786113156e-02    5.317278643794581816e-01    1.000000000000000036e-10
1.232955021964060420e-02    5.180983247439820971e-01    1.000000000000000036e-10
1.243113157646112167e-02    5.044018997509024382e-01    1.000000000000000036e-10
1.253354984718925078e-02    4.906381241313010899e-01    1.000000000000000036e-10
1.263681192703600305e-02    4.773723982362952367e-01    1.000000000000000036e-10
1.274092476802099645e-02    4.638905629627200211e-01    1.000000000000000036e-10
1.284589537944054623e-02    4.504832511330822409e-01    1.000000000000000036e-10
1.295173082833950447e-02    4.374650937751188295e-01    1.000000000000000036e-10
1.305843823998708957e-02    4.244278751874000499e-01    1.000000000000000036e-10
1.316602479835657195e-02    4.115214269367905575e-01    1.000000000000000036e-10
1.327449774660889939e-02    3.987680582511458627e-01    1.000000000000000036e-10
1.338386438758038671e-02    3.859908643242631054e-01    1.000000000000000036e-10
1.349413208427434167e-02    3.736438327252911695e-01    1.000000000000000036e-10
1.360530826035676044e-02    3.611807851187649465e-01    1.000000000000000036e-10
1.371740040065615868e-02    3.491151921454529461e-01    1.000000000000000036e-10
1.383041605166743238e-02    3.368620905965131751e-01    1.000000000000000036e-10
1.394436282205997052e-02    3.249975542639933490e-01    1.000000000000000036e-10
1.405924838318984259e-02    3.132701578495393768e-01    1.000000000000000036e-10
1.417508046961631941e-02    3.016070320632371904e-01    1.000000000000000036e-10
1.429186687962257299e-02    2.902309085195252658e-01    1.000000000000000036e-10
1.440961547574066449e-02    2.790302879757941001e-01    1.000000000000000036e-10
1.452833418528092640e-02    2.679541562079442163e-01    1.000000000000000036e-10
1.464803100086563628e-02    2.570701519360178433e-01    1.000000000000000036e-10
1.476871398096709677e-02    2.465321888599177058e-01    1.000000000000000036e-10
1.489039125045021027e-02    2.360480231697109910e-01    1.000000000000000036e-10
1.501307100111941815e-02    2.258967389840055295e-01    1.000000000000000036e-10
1.513676149227027347e-02    2.158968714497003227e-01    1.000000000000000036e-10
1.526147105124541804e-02    2.061162548980008946e-01    1.000000000000000036e-10
1.538720807399527636e-02    1.965835945657730954e-01    1.000000000000000036e-10
1.551398102564327530e-02    1.873396428430106342e-01    1.000000000000000036e-10
1.564179844105572856e-02    1.783274918121575681e-01    1.000000000000000036e-10
1.577066892541648807e-02    1.694573493054316593e-01    1.000000000000000036e-10
1.590060115480625494e-02    1.608805192781059823e-01    1.000000000000000036e-10
1.603160387678666601e-02    1.526335506734808056e-01    1.000000000000000036e-10
1.616368591098924293e-02    1.445135210854337215e-01    1.000000000000000036e-10
1.629685614970917060e-02    1.367596817235304241e-01    1.000000000000000036e-10
1.643112355850395029e-02    1.291654596462154803e-01    1.000000000000000036e-10
1.656649717679697237e-02    1.218959485458804559e-01    1.000000000000000036e-10
1.670298611848614403e-02    1.148542040059383207e-01    1.000000000000000036e-10
1.684059957255742632e-02    1.080640301670041659e-01    1.000000000000000036e-10
1.697934680370347463e-02    1.015654526199649133e-01    1.000000000000000036e-10
1.711923715294741410e-02    9.527517806537723344e-02    1.000000000000000036e-10
1.726028003827168728e-02    8.926226586543743735e-02    1.000000000000000036e-10
1.740248495525209202e-02    8.352708472328886080e-02    1.000000000000000036e-10
1.754586147769708962e-02    7.798270087278842688e-02    1.000000000000000036e-10
1.769041925829236556e-02    7.275208908479019465e-02    1.000000000000000036e-10
1.783616802925065692e-02    6.770890234580467792e-02    1.000000000000000036e-10
1.798311760296695747e-02    6.292635835053102256e-02    1.000000000000000036e-10
1.813127787267916624e-02    5.839465830988405104e-02    1.000000000000000036e-10
1.828065881313412772e-02    5.411304674316228663e-02    1.000000000000000036e-10
1.843127048125913631e-02    5.005260632716188735e-02    1.000000000000000036e-10
1.858312301683902670e-02    4.619435287650158067e-02    1.000000000000000036e-10
1.873622664319889511e-02    4.258116488875713507e-02    1.000000000000000036e-10
1.889059166789225711e-02    3.917372872478938617e-02    1.000000000000000036e-10
1.904622848339505847e-02    3.598284288946028420e-02    1.000000000000000036e-10
1.920314756780535509e-02    3.301447100324289563e-02    1.000000000000000036e-10
1.936135948554870354e-02    3.022581866989979688e-02    1.000000000000000036e-10
1.952087488808940119e-02    2.762821784418717855e-02    1.000000000000000036e-10
1.968170451464761744e-02    2.522879640616390237e-02    1.000000000000000036e-10
1.984385919292238482e-02    2.301384292027640333e-02    1.000000000000000036e-10
2.000734983982054363e-02    2.096239382701641646e-02    1.000000000000000036e-10
2.017218746219170966e-02    1.908913993960149880e-02    1.000000000000000036e-10
2.033838315756939658e-02    1.737217103587954461e-02    1.000000000000000036e-10
2.050594811491799480e-02    1.581334349857623986e-02    1.000000000000000036e-10
2.067489361538614456e-02    1.439684193548246977e-02    1.000000000000000036e-10
2.084523103306623951e-02    1.313128708016445337e-02    1.000000000000000036e-10
2.101697183576015787e-02    1.200032251990242223e-02    1.000000000000000036e-10
2.119012758575127345e-02    1.099256519851342893e-02    1.000000000000000036e-10
2.136470994058295783e-02    1.010976303138835103e-02    1.000000000000000036e-10
2.154073065384336932e-02    9.343550649034063418e-03    1.000000000000000036e-10
2.171820157595674011e-02    8.682370382537408018e-03    1.000000000000000036e-10
2.189713465498120334e-02    8.124635003327168245e-03    1.000000000000000036e-10
2.207754193741321910e-02    7.659518988757903386e-03    1.000000000000000036e-10
2.225943556899856457e-02    7.291178004306246921e-03    1.000000000000000036e-10
2.244282779554999940e-02    7.000609557003427408e-03    1.000000000000000036e-10
2.262773096377177634e-02    6.786927837357021286e-03    1.000000000000000036e-10
2.281415752209083395e-02    6.646917621579554770e-03    1.000000000000000036e-10
2.300212002149483806e-02    6.568891867804686063e-03    1.000000000000000036e-10
2.319163111637724539e-02    6.553915664246975567e-03    1.000000000000000036e-10
2.338270356538919501e-02    6.588657894831183477e-03    1.000000000000000036e-10
2.357535023229846011e-02    6.674267858417285391e-03    1.000000000000000036e-10
2.376958408685551916e-02    6.804638146116742843e-03    1.000000000000000036e-10
2.396541820566674280e-02    6.970207241728883403e-03    1.000000000000000036e-10
2.416286577307473829e-02    7.171833816697036242e-03    1.000000000000000036e-10
2.436194008204595196e-02    7.400226971526775027e-03    1.000000000000000036e-10
2.456265453506566165e-02    7.654752340752780937e-03    1.000000000000000036e-10
2.476502264504026538e-02    7.925507374901982760e-03    1.000000000000000036e-10
2.496905803620696682e-02    8.218253494512994806e-03    1.000000000000000036e-10
2.517477444505111100e-02    8.514990435923798853e-03    1.000000000000000036e-10
2.538218572123092723e-02    8.824341219760311814e-03    1.000000000000000036e-10
2.559130582850992208e-02    9.139548940638725708e-03    1.000000000000000036e-10
2.580214884569700592e-02    9.452741431957303875e-03    1.000000000000000036e-10
2.601472896759435618e-02    9.764795778130053172e-03    1.000000000000000036e-10
2.622906050595304184e-02    1.006915050952839064e-02    1.000000000000000036e-10
2.644515789043651657e-02    1.036894169978328298e-02    1.000000000000000036e-10
2.666303566959215415e-02    1.065818725956189927e-02    1.000000000000000036e-10
2.688270851183067675e-02    1.093445842710518735e-02    1.000000000000000036e-10
2.710419120641366017e-02    1.119889465340599861e-02    1.000000000000000036e-10
2.732749866444923389e-02    1.144019608264130496e-02    1.000000000000000036e-10
2.755264591989604189e-02    1.166309494749093352e-02    1.000000000000000036e-10
2.777964813057521784e-02    1.186763389087748359e-02    1.000000000000000036e-10
2.800852057919098193e-02    1.204613286694467336e-02    1.000000000000000036e-10
2.823927867435955044e-02    1.220787343438849669e-02    1.000000000000000036e-10
2.847193795164645186e-02    1.234117516266892110e-02    1.000000000000000036e-10
2.870651407461243323e-02    1.245012612998054775e-02    1.000000000000000036e-10
2.894302283586805760e-02    1.253398456154858863e-02    1.000000000000000036e-10
2.918148015813689863e-02    1.258895927629826578e-02    1.000000000000000036e-10
2.942190209532748180e-02    1.261915209991650196e-02    1.000000000000000036e-10
2.966430483361411422e-02    1.262491132947030255e-02    1.000000000000000036e-10
2.990870469252671082e-02    1.259648469624128839e-02    1.000000000000000036e-10
3.015511812604931841e-02    1.254024241939218944e-02    1.000000000000000036e-10
3.040356172372795165e-02    1.247226548301517794e-02    1.000000000000000036e-10
3.065405221178749487e-02    1.236378287894865195e-02    1.000000000000000036e-10
3.090660645425775607e-02    1.223676032764966191e-02    1.000000000000000036e-10
3.116124145410875679e-02    1.207725539520788580e-02    1.000000000000000036e-10
3.141797435439554198e-02    1.189758915401312525e-02    1.000000000000000036e-10
3.167682243941228465e-02    1.169736759139918675e-02    1.000000000000000036e-10
3.193780313585588282e-02    1.147042747219227665e-02    1.000000000000000036e-10
3.220093401399923977e-02    1.122124371677056184e-02    1.000000000000000036e-10
3.246623278887418584e-02    1.095431862553378731e-02    1.000000000000000036e-10
3.273371732146411472e-02    1.066832012151340721e-02    1.000000000000000036e-10
3.300340561990638272e-02    1.036327321997036408e-02    1.000000000000000036e-10
3.327531584070481108e-02    1.004756180956424202e-02    1.000000000000000036e-10
3.354946628995198604e-02    9.707762403219381483e-03    1.000000000000000036e-10
3.382587542456165497e-02    9.364593679728526118e-03    1.000000000000000036e-10
3.410456185351143366e-02    9.005340951105470990e-03    1.000000000000000036e-10
3.438554433909556118e-02    8.637285072277924719e-03    1.000000000000000036e-10
3.466884179818804923e-02    8.264975871619322650e-03    1.000000000000000036e-10
3.495447330351624665e-02    7.883376485916391424e-03    1.000000000000000036e-10
3.524245808494495813e-02    7.497286717484940959e-03    1.000000000000000036e-10
3.553281553077101279e-02    7.111363969803495208e-03    1.000000000000000036e-10
3.582556518902852566e-02    6.725984251459021096e-03    1.000000000000000036e-10
3.612072676880506011e-02    6.335335834455274075e-03    1.000000000000000036e-10
3.641832014156844849e-02    5.950182711490206201e-03    1.000000000000000036e-10
3.671836534250458306e-02    5.570767999316477564e-03    1.000000000000000036e-10
3.702088257186638559e-02    5.196794921146726844e-03    1.000000000000000036e-10
3.732589219633367789e-02    4.828139374839476687e-03    1.000000000000000036e-10
3.763341475038435580e-02    4.468573471862778007e-03    1.000000000000000036e-10
3.794347093767685281e-02    4.119192971544140963e-03    1.000000000000000036e-10
3.825608163244404586e-02    3.779549768096128037e-03    1.000000000000000036e-10
3.857126788089856179e-02    3.455449807157786983e-03    1.000000000000000036e-10
3.888905090264964393e-02    3.143428534431951579e-03    1.000000000000000036e-10
3.920945209213182181e-02    2.845628719482125573e-03    1.000000000000000036e-10
3.953249302004524512e-02    2.561548801282841157e-03    1.000000000000000036e-10
3.985819543480785543e-02    2.293346617752756861e-03    1.000000000000000036e-10
4.018658126401961073e-02    2.041646754113017950e-03    1.000000000000000036e-10
4.051767261593886005e-02    1.806815129341907220e-03    1.000000000000000036e-10
4.085149178097054190e-02    1.589406953733900471e-03    1.000000000000000036e-10
4.118806123316698375e-02    1.388530268423794926e-03    1.000000000000000036e-10
4.152740363174097643e-02    1.205350135810969239e-03    1.000000000000000036e-10
4.186954182259126217e-02    1.038186072953481117e-03    1.000000000000000036e-10
4.221449883984050577e-02    8.883879852143984840e-04    1.000000000000000036e-10
4.256229790738620677e-02    7.561040767326693279e-04    1.000000000000000036e-10
4.291296244046415020e-02    6.390614055349359401e-04    1.000000000000000036e-10
4.326651604722478450e-02    5.370059297552281152e-04    1.000000000000000036e-10
4.362298253032260292e-02    4.501015467211975625e-04    1.000000000000000036e-10
4.398238588851883374e-02    3.783227674620184703e-04    1.000000000000000036e-10
4.434475031829683556e-02    3.190970718658831017e-04    1.000000000000000036e-10
4.471010021549128022e-02    2.718917742381670843e-04    1.000000000000000036e-10
4.507846017693056817e-02    2.368024329478160127e-04    1.000000000000000036e-10
4.544985500209279550e-02    2.119903542591202296e-04    1.000000000000000036e-10
4.582430969477522403e-02    1.964674438381573630e-04    1.000000000000000036e-10
4.620184946477781662e-02    1.898059162368427469e-04    1.000000000000000036e-10
4.658249972960039342e-02    1.903736565698050363e-04    1.000000000000000036e-10
4.696628611615376314e-02    1.968662182848307713e-04    1.000000000000000036e-10
4.735323446248511370e-02    2.086743421067427026e-04    1.000000000000000036e-10
4.774337081951755130e-02    2.248328212898891292e-04    1.000000000000000036e-10
4.813672145280391279e-02    2.441736081604641354e-04    1.000000000000000036e-10
4.853331284429503178e-02    2.647532034143415818e-04    1.000000000000000036e-10
4.893317169412268741e-02    2.877623611005919197e-04    1.000000000000000036e-10
4.933632492239715950e-02    3.100403007715135770e-04    1.000000000000000036e-10
4.974279967101948030e-02    3.325336100620868217e-04    1.000000000000000036e-10
5.015262330550893100e-02    3.533329012309640812e-04    1.000000000000000036e-10
5.056582341684520004e-02    3.727725354244569968e-04    1.000000000000000036e-10
5.098242782332607775e-02    3.891423179277669940e-04    1.000000000000000036e-10
5.140246457244023598e-02    4.032031271359346825e-04    1.000000000000000036e-10
5.182596194275541218e-02    4.136395884694503487e-04    1.000000000000000036e-10
5.225294844582243498e-02    4.211628119257547010e-04    1.000000000000000036e-10
5.268345282809450830e-02    4.244893448891895352e-04    1.000000000000000036e-10
5.311750407286272568e-02    4.244292398091791181e-04    1.000000000000000036e-10
5.355513140220727331e-02    4.197863007899224922e-04    1.000000000000000036e-10
5.399636427896468277e-02    4.120070763874115745e-04    1.000000000000000036e-10
5.444123240871159147e-02    4.010662932569378832e-04    1.000000000000000036e-10
5.488976574176442774e-02    3.868483064905826082e-04    1.000000000000000036e-10
5.534199447519595055e-02    3.696895017518181848e-04    1.000000000000000036e-10
5.579794905486819279e-02    3.495735738422693249e-04    1.000000000000000036e-10
5.625766017748207865e-02    3.281123828214943181e-04    1.000000000000000036e-10
5.672115879264428423e-02    3.037433119976768077e-04    1.000000000000000036e-10
5.718847610495061962e-02    2.792254151262397229e-04    1.000000000000000036e-10
5.765964357608709817e-02    2.535057504857755276e-04    1.000000000000000036e-10
5.813469292694793678e-02    2.274993524715418199e-04    1.000000000000000036e-10
5.861365613977106287e-02    2.017166861998797190e-04    1.000000000000000036e-10
5.909656546029149610e-02    1.769852955809949019e-04    1.000000000000000036e-10
5.958345339991202166e-02    1.531348919334919636e-04    1.000000000000000036e-10
6.007435273789221708e-02    1.308052623973854551e-04    1.000000000000000036e-10
6.056929652355506205e-02    1.100098666840966923e-04    1.000000000000000036e-10
6.106831807851215155e-02    9.137544093081681354e-05    1.000000000000000036e-10
6.157145099890695694e-02    7.580028235465902141e-05    1.000000000000000036e-10
6.207872915767655847e-02    6.164456904605541531e-05    1.000000000000000036e-10
6.259018670683230701e-02    5.110069303077411409e-05    1.000000000000000036e-10
6.310585807975888084e-02    4.222643825202727078e-05    1.000000000000000036e-10
6.362577799353262564e-02    3.608600606979499596e-05    1.000000000000000036e-10
6.414998145125878903e-02    3.254939032762024472e-05    1.000000000000000036e-10
6.467850374442801753e-02    3.150129645736790665e-05    1.000000000000000036e-10
6.521138045529244198e-02    3.208423358075532348e-05    1.000000000000000036e-10
6.574864745926108089e-02    3.498208235337062167e-05    1.000000000000000036e-10
6.629034092731525551e-02    3.828577707455131586e-05    1.000000000000000036e-10
6.683649732844369751e-02    4.409665363216329982e-05    1.000000000000000036e-10
6.738715343209772390e-02    4.957988472615473780e-05    1.000000000000000036e-10
6.794234631066684016e-02    5.663263013987192540e-05    1.000000000000000036e-10
6.850211334197447988e-02    6.295423966450926093e-05    1.000000000000000036e-10
6.906649221179451958e-02    6.923128384464639722e-05    1.000000000000000036e-10
6.963552091638844366e-02    7.605504911309790941e-05    1.000000000000000036e-10
7.020923776506324265e-02    8.092353015795168930e-05    1.000000000000000036e-10
7.078768138275080835e-02    8.482886747478699842e-05    1.000000000000000036e-10
7.137089071260804829e-02    8.708943583917843354e-05    1.000000000000000036e-10
7.195890501863895505e-02    8.903459653339065210e-05    1.000000000000000036e-10
7.255176388833786683e-02    8.921123888687017517e-05    1.000000000000000036e-10
7.314950723535458554e-02    8.711896472667239664e-05    1.000000000000000036e-10
7.375217530218178275e-02    8.483776205007784025e-05    1.000000000000000036e-10
7.435980866286395763e-02    8.057347661382864730e-05    1.000000000000000036e-10
7.497244822572933509e-02    7.515656670818742684e-05    1.000000000000000036e-10
7.559013523614385721e-02    6.861272587342625293e-05    1.000000000000000036e-10
7.621291127928789266e-02    6.149695421124709484e-05    1.000000000000000036e-10
7.684081828295614980e-02    5.404743028807539951e-05    1.000000000000000036e-10
7.747389852038012725e-02    4.621433584951918351e-05    1.000000000000000036e-10
7.811219461307443435e-02    3.891162633996565843e-05    1.000000000000000036e-10
7.875574953370606535e-02    3.148492065018071705e-05    1.000000000000000036e-10
7.940460660898739087e-02    2.503329219252247210e-05    1.000000000000000036e-10
8.005880952259337990e-02    1.969434431836339036e-05    1.000000000000000036e-10
8.071840231810226141e-02    1.455271843554670606e-05    1.000000000000000036e-10
8.138342940196094388e-02    1.162112096730497245e-05    1.000000000000000036e-10
8.205393554647454069e-02    1.008881293556011990e-05    1.000000000000000036e-10
8.272996589282051449e-02    9.336510760405370018e-06    1.000000000000000036e-10
8.341156595408802388e-02    1.034129117676299347e-05    1.000000000000000036e-10
8.409878161834173638e-02    1.282732482445376343e-05    1.000000000000000036e-10
8.479165915171148205e-02    1.683720861891057995e-05    1.000000000000000036e-10
8.549024520150695639e-02    2.163902787959743506e-05    1.000000000000000036e-10
8.619458679935808332e-02    2.762490319425531599e-05    1.000000000000000036e-10
8.690473136438163493e-02    3.364412820516936596e-05    1.000000000000000036e-10
8.762072670637337246e-02    4.058833484382299596e-05    1.000000000000000036e-10
8.834262102902715186e-02    4.809003696055820547e-05    1.000000000000000036e-10
8.907046293317978647e-02    5.379223665849994208e-05    1.000000000000000036e-10
8.980430142008342942e-02    6.005486644432255752e-05    1.000000000000000036e-10
9.054418589470432377e-02    6.563392269254689269e-05    1.000000000000000036e-10
9.129016616904889192e-02    6.921269619174346961e-05    1.000000000000000036e-10
9.204229246551753896e-02    7.225232309465562928e-05    1.000000000000000036e-10
9.280061542028548993e-02    7.367156746983036925e-05    1.000000000000000036e-10
9.356518608671210435e-02    7.458885745783597426e-05    1.000000000000000036e-10
9.433605593877791851e-02    7.373712649530259750e-05    1.000000000000000036e-10
9.511327687454990132e-02    7.124530217554558527e-05    1.000000000000000036e-10
9.589690121967577030e-02    6.727626352167295927e-05    1.000000000000000036e-10
9.668698173090638226e-02    6.264509506901980271e-05    1.000000000000000036e-10
9.748357159964790575e-02    5.746816554656468970e-05    1.000000000000000036e-10
9.828672445554266501e-02    5.128908233236986096e-05    1.000000000000000036e-10
9.909649437007965467e-02    4.475420282426964628e-05    1.000000000000000036e-10
9.991293586023507201e-02    3.776021961270425385e-05    1.000000000000000036e-10
1.007361038921423396e-01    3.186126484375822391e-05    1.000000000000000036e-10
1.015660538847929367e-01    2.533865340459930389e-05    1.000000000000000036e-10
1.024028417137672620e-01    1.949219142583960196e-05    1.000000000000000036e-10
1.032465237149963189e-01    1.489056671523200641e-05    1.000000000000000036e-10
1.040971566885547650e-01    1.068705833103913744e-05    1.000000000000000036e-10
1.049547979024845479e-01    7.391343312639466948e-06    1.000000000000000036e-10
1.058195050966507650e-01    5.686550007978860418e-06    1.000000000000000036e-10
1.066913364866288183e-01    3.735400005330675491e-06    1.000000000000000036e-10
1.075703507676235154e-01    3.008003557215488068e-06    1.000000000000000036e-10
1.084566071184211028e-01    3.732665023746091743e-06    1.000000000000000036e-10
1.093501652053729123e-01    3.782767031782182372e-06    1.000000000000000036e-10
1.102510851864127867e-01    4.346669215410935555e-06    1.000000000000000036e-10
1.111594277151069787e-01    5.801088295948348917e-06    1.000000000000000036e-10
1.120752539447373713e-01    6.795965309757532981e-06    1.000000000000000036e-10
1.129986255324190447e-01    7.536314428475931282e-06    1.000000000000000036e-10
1.139296046432507620e-01    8.366059159309062853e-06    1.000000000000000036e-10
1.148682539545005932e-01    8.968186065175807317e-06    1.000000000000000036e-10
1.158146366598254290e-01    9.331370712422059352e-06    1.000000000000000036e-10
1.167688164735252859e-01    9.270584009172316709e-06    1.000000000000000036e-10
1.177308576348331526e-01    8.783871653423644654e-06    1.000000000000000036e-10
1.187008249122394332e-01    7.537883558514089852e-06    1.000000000000000036e-10
1.196787836078527928e-01    6.615349393121455978e-06    1.000000000000000036e-10
1.206647995617964320e-01    5.791548087957697800e-06    1.000000000000000036e-10
1.216589391566404305e-01    4.542291585033807604e-06    1.000000000000000036e-10
1.226612693218714356e-01    3.097506397885773488e-06    1.000000000000000036e-10
1.236718575383980445e-01    2.161367847224609959e-06    1.000000000000000036e-10
1.246907718430943640e-01    2.620705711028729477e-06    1.000000000000000036e-10
1.257180808333803190e-01    2.075311354969698731e-06    1.000000000000000036e-10
1.267538536718397779e-01    1.497687147171776733e-06    1.000000000000000036e-10
1.277981600908771886e-01    1.844851518909160279e-06    1.000000000000000036e-10
1.288510703974118377e-01    1.813082496782072808e-06    1.000000000000000036e-10
1.299126554776116882e-01    2.395286176112038321e-06    1.000000000000000036e-10
1.309829868016651466e-01    3.035054250881066964e-06    1.000000000000000036e-10
1.320621364285932131e-01    3.322737719098064072e-06    1.000000000000000036e-10
1.331501770111006844e-01    2.978969153994460300e-06    1.000000000000000036e-10
1.342471818004670470e-01    3.931078558328267490e-06    1.000000000000000036e-10
1.353532246514786708e-01    3.860524497305808497e-06    1.000000000000000036e-10
1.364683800274003600e-01    3.377787908253118275e-06    1.000000000000000036e-10
1.375927230049890926e-01    3.255348132885300298e-06    1.000000000000000036e-10
1.387263292795481995e-01    2.694707518166254532e-06    1.000000000000000036e-10
1.398692751700233994e-01    2.197614334643334700e-06    1.000000000000000036e-10
1.410216376241411607e-01    1.774940569270568618e-06    1.000000000000000036e-10
1.421834942235888077e-01    1.478514513196784953e-06    1.000000000000000036e-10
1.433549231892380094e-01    1.162775551588921304e-06    1.000000000000000036e-10
1.445360033864107052e-01    1.107902503754168584e-06    1.000000000000000036e-10
1.457268143301884700e-01    7.252659709213706510e-07    1.000000000000000036e-10
1.469274361907662863e-01    1.426903804886648765e-06    1.000000000000000036e-10
1.481379497988492278e-01    1.568762689430631537e-06    1.000000000000000036e-10
1.493584366510950501e-01    2.134836226492479135e-06    1.000000000000000036e-10
1.505889789156004410e-01    2.348845404849901236e-06    1.000000000000000036e-10
1.518296594374328179e-01    2.703305453204020380e-06    1.000000000000000036e-10
1.530805617442081989e-01    3.247697243395452686e-06    1.000000000000000036e-10
1.543417700517141777e-01    3.194548786249608981e-06    1.000000000000000036e-10
1.556133692695799986e-01    3.729980319358472117e-06    1.000000000000000036e-10
1.568954450069929840e-01    3.977579799314332158e-06    1.000000000000000036e-10
1.581880835784617301e-01    3.777569031232876511e-06    1.000000000000000036e-10
1.594913720096277077e-01    3.377590346857741127e-06    1.000000000000000036e-10
1.608053980431236041e-01    3.108771986546614940e-06    1.000000000000000036e-10
1.621302501444810418e-01    2.281138076426869572e-06    1.000000000000000036e-10
1.634660175080861755e-01    1.804675194640788333e-06    1.000000000000000036e-10
1.648127900631843612e-01    1.426310783863456757e-06    1.000000000000000036e-10
1.661706584799352016e-01    1.148472761973582710e-06    1.000000000000000036e-10
1.675397141755160801e-01    7.872860595551780063e-07    1.000000000000000036e-10
1.689200493202774045e-01    9.051161885693368850e-07    1.000000000000000036e-10
1.703117568439475316e-01    7.561679379079582354e-07    1.000000000000000036e-10
1.717149304418890132e-01    6.541064646600059118e-07    1.000000000000000036e-10
1.731296645814070778e-01    4.351280602830316749e-07    1.000000000000000036e-10
1.745560545081088766e-01    1.115653663877570722e-06    1.000000000000000036e-10
1.759941962523164372e-01    1.092735669610867286e-06    1.000000000000000036e-10
1.774441866355315756e-01    8.169224519072498787e-07    1.000000000000000036e-10
1.789061232769539045e-01    9.062067380276688462e-07    1.000000000000000036e-10
1.803801046000537422e-01    5.550549786100790164e-07    1.000000000000000036e-10
1.818662298391975629e-01    6.664377818501066459e-07    1.000000000000000036e-10
1.833645990463295128e-01    1.048765566778858703e-06    1.000000000000000036e-10
1.848753130977070780e-01    7.900860965257743433e-07    1.000000000000000036e-10
1.863984737006920966e-01    6.587084220416072048e-07    1.000000000000000036e-10
1.879341834005988920e-01    6.317907279397398148e-07    1.000000000000000036e-10
1.894825455875971676e-01    1.208066363498593430e-06    1.000000000000000036e-10
1.910436645036734660e-01    2.263758143259804993e-07    1.000000000000000036e-10
1.926176452496484170e-01    3.808450402990666669e-07    1.000000000000000036e-10
1.942045937922532162e-01    5.954254737256464770e-07    1.000000000000000036e-10
1.958046169712633622e-01    1.228446972579376564e-06    1.000000000000000036e-10
1.974178225066913206e-01    2.562020512682482999e-07    1.000000000000000036e-10
1.990443190060394163e-01    1.161686947134568347e-06    1.000000000000000036e-10
2.006842159716107632e-01    9.239210042605583657e-07    1.000000000000000036e-10
2.023376238078822553e-01    6.633522939866487797e-07    1.000000000000000036e-10
2.040046538289370937e-01    2.085045908168816133e-07    1.000000000000000036e-10
2.056854182659585695e-01    6.510055507516972798e-07    1.000000000000000036e-10
2.073800302747866309e-01    3.049436223669874926e-07    1.000000000000000036e-10
2.090886039435352339e-01    9.006345650630378079e-07    1.000000000000000036e-10
2.108112543002738648e-01    6.085784870543239070e-07    1.000000000000000036e-10
2.125480973207714286e-01    1.936414170338540592e-06    1.000000000000000036e-10
2.142992499363038650e-01    6.283141098380154566e-07    1.000000000000000036e-10
2.160648300415271561e-01    7.252102907935555353e-07    1.000000000000000036e-10
2.178449565024136725e-01    1.347415798321606692e-06    1.000000000000000036e-10
2.196397491642554378e-01    2.585325240928838563e-07    1.000000000000000036e-10
2.214493288597322584e-01    1.645039427484035182e-06    1.000000000000000036e-10
2.232738174170462997e-01    1.033596020275655020e-07    1.000000000000000036e-10
2.251133376681249409e-01    8.520677743774267154e-07    1.000000000000000036e-10
2.269680134568893282e-01    1.345211999959398073e-06    1.000000000000000036e-10
2.288379696475928426e-01    1.354640000536268165e-06    1.000000000000000036e-10
2.307233321332271825e-01    1.697777538290791191e-06    1.000000000000000036e-10
2.326242278439975553e-01    1.638395309916553690e-06    1.000000000000000036e-10
2.345407847558690084e-01    1.431170539638477256e-06    1.000000000000000036e-10
2.364731318991813713e-01    7.749786507623882516e-07    1.000000000000000036e-10
2.384213993673368059e-01    1.025239232547478853e-06    1.000000000000000036e-10
2.403857183255580232e-01    3.377767343560464437e-08    1.000000000000000036e-10
2.423662210197183586e-01    2.438375421970928364e-07    1.000000000000000036e-10
2.443630407852460384e-01    7.776211901428473153e-07    1.000000000000000036e-10
2.463763120560998054e-01    4.147642731034007316e-07    1.000000000000000036e-10
2.484061703738204840e-01    1.824933056067129206e-06    1.000000000000000036e-10
2.504527523966557645e-01    6.790876251392298649e-07    1.000000000000000036e-10
2.525161959087602326e-01    7.966098540842762684e-08    1.000000000000000036e-10
2.545966398294725042e-01    1.604651518212139997e-08    1.000000000000000036e-10
2.566942242226665782e-01    -2.787092721934551702e-07    1.000000000000000036e-10
2.588090903061827097e-01    7.553820214786557814e-08    1.000000000000000036e-10
2.609413804613342491e-01    7.337144556821457129e-08    1.000000000000000036e-10
2.630912382424928087e-01    -5.195038490925291901e-07    1.000000000000000036e-10
2.652588083867540303e-01    1.672132904840958428e-08    1.000000000000000036e-10
2.674442368236807366e-01    -1.593108862324749683e-06    1.000000000000000036e-10
2.696476706851284044e-01    4.950523188183504267e-09    1.000000000000000036e-10
2.718692583151502973e-01    1.188662257238488624e-07    1.000000000000000036e-10
2.741091492799842544e-01    2.693729491384736739e-07    1.000000000000000036e-10
2.763674943781228022e-01    -8.178663179556131855e-07    1.000000000000000036e-10
2.786444456504647560e-01    3.890576129875537387e-08    1.000000000000000036e-10
2.809401563905520871e-01    5.630764598219621515e-07    1.000000000000000036e-10
2.832547811548892791e-01    -2.886199575211188439e-06    1.000000000000000036e-10
2.855884757733495039e-01    -1.217483370706818305e-06    1.000000000000000036e-10
2.879413973596655629e-01    3.329496684177438253e-07    1.000000000000000036e-10
2.903137043220067603e-01    -4.337832777905633646e-07    1.000000000000000036e-10
2.927055563736447041e-01    -8.203174229618776794e-09    1.000000000000000036e-10
2.951171145437045396e-01    9.224723512422311266e-07    1.000000000000000036e-10
2.975485411880073316e-01    -2.708874440588722252e-06    1.000000000000000036e-10
2.999999999999999334e-01    4.977259136320331526e-06    1.000000000000000036e-10
