4.999999999999999237e-03    9.997736079021534161e-01    1.000000000000000036e-10
5.041194267029587388e-03    9.998603968667939546e-01    1.000000000000000036e-10
5.082727927586390936e-03    1.000083051297361969e+00    1.000000000000000036e-10
5.124603777883937963e-03    9.998331384274016242e-01    1.000000000000000036e-10
5.166824637173335344e-03    1.000105109393095049e+00    1.000000000000000036e-10
5.209393347933089988e-03    1.000056466455607085e+00    1.000000000000000036e-10
5.252312776060467057e-03    1.000124297076061985e+00    1.000000000000000036e-10
5.295585811064457138e-03    1.000076964552522041e+00    1.000000000000000036e-10
5.339215366260274299e-03    9.999461469600511299e-01    1.000000000000000036e-10
5.383204378965509955e-03    1.000079789572395850e+00    1.000000000000000036e-10
5.427555810697900010e-03    9.999564467849889615e-01    1.000000000000000036e-10
5.472272647374675815e-03    9.999201872723733064e-01    1.000000000000000036e-10
5.517357899513603003e-03    1.000218777722096108e+00    1.000000000000000036e-10
5.562814602435676124e-03    9.998303915160331456e-01    1.000000000000000036e-10
5.608645816469441311e-03    1.000044836057630393e+00    1.000000000000000036e-10
5.654854627157045871e-03    9.999413537137189500e-01    1.000000000000000036e-10
5.701444145461961877e-03    9.998495060574735804e-01    1.000000000000000036e-10
5.748417507978449692e-03    1.000200208023527049e+00    1.000000000000000036e-10
5.795777877142694635e-03    1.000169937965282196e+00    1.000000000000000036e-10
5.843528441445726938e-03    1.000028540200185834e+00    1.000000000000000036e-10
5.891672415648108521e-03    1.000058067568878828e+00    1.000000000000000036e-10
5.940213040996321532e-03    1.000021490450235806e+00    1.000000000000000036e-10
5.989153585441003499e-03    9.999877315461564997e-01    1.000000000000000036e-10
6.038497343856977922e-03    9.999898861057170407e-01    1.000000000000000036e-10
6.088247638265037801e-03    9.998571997235893294e-01    1.000000000000000036e-10
6.138407818055626949e-03    1.000042782747564862e+00    1.000000000000000036e-10
6.188981260214319359e-03    9.996069887330756298e-01    1.000000000000000036e-10
6.239971369549196338e-03    9.996145376425932261e-01    1.000000000000000036e-10
6.291381578920034710e-03    9.999820138466604114e-01    1.000000000000000036e-10
6.343215349469440503e-03    1.000611587099250688e+00    1.000000000000000036e-10
6.395476170855885628e-03    9.999486994830415476e-01    1.000000000000000036e-10
6.448167561488605919e-03    9.999636269687429690e-01    1.000000000000000036e-10
6.501293068764496703e-03    1.000018820341714854e+00    1.000000000000000036e-10
6.554856269306955606e-03    9.998915217394350741e-01    1.000000000000000036e-10
6.608860769206635274e-03    1.000049256828385857e+00    1.000000000000000036e-10
6.663310204264248290e-03    9.999503709335404444e-01    1.000000000000000036e-10
6.718208240235328844e-03    1.000298920567309180e+00    1.000000000000000036e-10
6.773558573077055264e-03    1.000101602843177506e+00    1.000000000000000036e-10
6.829364929197033647e-03    9.996089190559095394e-01    1.000000000000000036e-10
6.885631065704195253e-03    9.999918590631428073e-01    1.000000000000000036e-10
6.942360770661764290e-03    9.998582483953847300e-01    1.000000000000000036e-10
6.999557863342239714e-03    9.998713049609334602e-01    1.000000000000000036e-10
7.057226194484553239e-03    9.998201121985430539e-01    1.000000000000000036e-10
7.115369646553306414e-03    9.997604870355110140e-01    1.000000000000000036e-10
7.173992134000174367e-03    9.999890780082629771e-01    1.000000000000000036e-10
7.233097603527407701e-03    9.996236100751224596e-01    1.000000000000000036e-10
7.292690034353555700e-03    9.999323896549615620e-01    1.000000000000000036e-10
7.352773438481390901e-03    9.997232347473372638e-01    1.000000000000000036e-10
7.413351860967963038e-03    9.997730638699049432e-01    1.000000000000000036e-10
7.474429380196956699e-03    9.998532547181305796e-01    1.000000000000000036e-10
7.536010108153282441e-03    9.998041125640180216e-01    1.000000000000000036e-10
7.598098190699871003e-03    9.999863383856347765e-01    1.000000000000000036e-10
7.660697807856806790e-03    1.000110472849194521e+00    1.000000000000000036e-10
7.723813174082772882e-03    9.999803678632663839e-01    1.000000000000000036e-10
7.787448538558735568e-03    1.000488858655366409e+00    1.000000000000000036e-10
7.851608185474048818e-03    9.997303679586285741e-01    1.000000000000000036e-10
7.916296434314863337e-03    9.999764822406946863e-01    1.000000000000000036e-10
7.981517640154971172e-03    1.000181646154842285e+00    1.000000000000000036e-10
8.047276193948953160e-03    9.998411760405240267e-01    1.000000000000000036e-10
8.113576522827820048e-03    1.000017971077928003e+00    1.000000000000000036e-10
8.180423090397093491e-03    9.999166363180537198e-01    1.000000000000000036e-10
8.247820397037258430e-03    1.000074753361680280e+00    1.000000000000000036e-10
8.315772980206784584e-03    9.999711822228699587e-01    1.000000000000000036e-10
8.384285414747590440e-03    9.997417730631555921e-01    1.000000000000000036e-10
8.453362313193067690e-03    9.997611334844528352e-01    1.000000000000000036e-10
8.523008326078574184e-03    1.000027871509868715e+00    1.000000000000000036e-10
8.593228142254541110e-03    9.998983173981020878e-01    1.000000000000000036e-10
8.664026489202182255e-03    1.000066422018135892e+00    1.000000000000000036e-10
8.735408133351704740e-03    1.000046617305228924e+00    1.000000000000000036e-10
8.807377880403241543e-03    1.000005562540550397e+00    1.000000000000000036e-10
8.879940575650403442e-03    1.000067355969943117e+00    1.000000000000000036e-10
8.953101104306446928e-03    9.999134577108522715e-01    1.000000000000000036e-10
9.026864391833177778e-03    9.999323537824553743e-01    1.000000000000000036e-10
9.101235404272588550e-03    1.000020372566715832e+00    1.000000000000000036e-10
9.176219148581136326e-03    1.000272930675320415e+00    1.000000000000000036e-10
9.251820672966870607e-03    9.999852464469819457e-01    1.000000000000000036e-10
9.328045067229272583e-03    9.998186240573712080e-01    1.000000000000000036e-10
9.404897463101967101e-03    9.999930309776423609e-01    1.000000000000000036e-10
9.482383034598149477e-03    9.998600794785156287e-01    1.000000000000000036e-10
9.560506998358954400e-03    9.996214056871866038e-01    1.000000000000000036e-10
9.639274614004681926e-03    9.999837339618700138e-01    1.000000000000000036e-10
9.718691184488849333e-03    9.998808112892286770e-01    1.000000000000000036e-10
9.798762056455237110e-03    9.999910133075717855e-01    1.000000000000000036e-10
9.879492620597828470e-03    9.998964396625706907e-01    1.000000000000000036e-10
9.960888312023777683e-03    9.994278416176948232e-01    1.000000000000000036e-10
1.004295461061925458e-02    9.950914528444204654e-01    1.000000000000000036e-10
1.012569704141843066e-02    9.779535290130898506e-01    1.000000000000000036e-10
1.020912117497540551e-02    9.473691778756657689e-01    1.000000000000000036e-10
1.029323262773927661e-02    9.149601908132585226e-01    1.000000000000000036e-10
1.037803706243222227e-02    8.891892128594559574e-01    1.000000000000000036e-10
1.046354018843077480e-02    8.680587034801453550e-01    1.000000000000000036e-10
1.054974776215018319e-02    8.492168427656469065e-01    1.000000000000000036e-10
1.063666558743193991e-02    8.313426296365770130e-01    1.000000000000000036e-10
1.072429951593455513e-02    8.143493365584570931e-01    1.000000000000000036e-10
1.081265544752749164e-02    7.981875309469884661e-01    1.000000000000000036e-10
1.090173933068836788e-02    7.817787684192009090e-01    1.000000000000000036e-10
1.099155716290342935e-02    7.664124393902582710e-01    1.000000000000000036e-10
1.108211499107134707e-02    7.508850308836203524e-01    1.000000000000000036e-10
1.117341891191030515e-02    7.354862932221102323e-01    1.000000000000000036e-10
1.126547507236843639e-02    7.200011710430302969e-01    1.000000000000000036e-10
1.135828967003769258e-02    7.046592194685470378e-01    1.000000000000000036e-10
1.145186895357108020e-02    6.893991759278691456e-01    1.000000000000000036e-10
1.154621922310332567e-02    6.740083933499485536e-01    1.000000000000000036e-10
1.164134683067506032e-02    6.588100074932926598e-01    1.000000000000000036e-10
1.173725818066042974e-02    6.435098033258989103e-01    1.000000000000000036e-10
1.183395973019829746e-02    6.279348690374841890e-01    1.000000000000000036e-10
1.193145798962692676e-02    6.123535544079101722e-01    1.000000000000000036e-10
1.202975952292232101e-02    5.967905946727766198e-01    1.000000000000000036e-10
1.212887094814011843e-02    5.811970297146532571e-01    1.000000000000000036e-10
1.222879893786113156e-02    5.655805477699785699e-01    1.000000000000000036e-10
1.232955021964060420e-02    5.499105076016387317e-01    1.000000000000000036e-10
1.243113157646112167e-02    5.341931300921490822e-01    1.000000000000000036e-10
1.253354984718925078e-02    5.185305303994695025e-01    1.000000000000000036e-10
1.263681192703600305e-02    5.027373092703085744e-01    1.000000000000000036e-10
1.274092476802099645e-02    4.871812124787425202e-01    1.000000000000000036e-10
1.284589537944054623e-02    4.713778311386792041e-01    1.000000000000000036e-10
1.295173082833950447e-02    4.554904685669081132e-01    1.000000000000000036e-10
1.305843823998708957e-02    4.400371729513231633e-01    1.000000000000000036e-10
1.316602479835657195e-02    4.243701281215073728e-01    1.000000000000000036e-10
1.327449774660889939e-02    4.087657032162219095e-01    1.000000000000000036e-10
1.338386438758038671e-02    3.931549108649869950e-01    1.000000000000000036e-10
1.349413208427434167e-02    3.779110139943938074e-01    1.000000000000000036e-10
1.360530826035676044e-02    3.628162055954144982e-01    1.000000000000000036e-10
1.371740040065615868e-02    3.475452787841886715e-01    1.000000000000000036e-10
1.383041605166743238e-02    3.325645615249965825e-01    1.000000000000000036e-10
1.394436282205997052e-02    3.179213581127918187e-01    1.000000000000000036e-10
1.405924838318984259e-02    3.033457179899130551e-01    1.000000000000000036e-10
1.417508046961631941e-02    2.890279755338389656e-01    1.000000000000000036e-10
1.429186687962257299e-02    2.750442253132316939e-01    1.000000000000000036e-10
1.440961547574066449e-02    2.612107446904258223e-01    1.000000000000000036e-10
1.452833418528092640e-02    2.475709145022122193e-01    1.000000000000000036e-10
1.464803100086563628e-02    2.344416462818102453e-01    1.000000000000000036e-10
1.476871398096709677e-02    2.215795201252525881e-01    1.000000000000000036e-10
1.489039125045021027e-02    2.090096437129864981e-01    1.000000000000000036e-10
1.501307100111941815e-02    1.968069450867501180e-01    1.000000000000000036e-10
1.513676149227027347e-02    1.849473473961600889e-01    1.000000000000000036e-10
1.526147105124541804e-02    1.734460744010170585e-01    1.000000000000000036e-10
1.538720807399527636e-02    1.623514996202824745e-01    1.000000000000000036e-10
1.551398102564327530e-02    1.515721479839709784e-01    1.000000000000000036e-10
1.564179844105572856e-02    1.412736141538460666e-01    1.000000000000000036e-10
1.577066892541648807e-02    1.313884311837625329e-01    1.000000000000000036e-10
1.590060115480625494e-02    1.218984849701167245e-01    1.000000000000000036e-10
1.603160387678666601e-02    1.128293705867711300e-01    1.000000000000000036e-10
1.616368591098924293e-02    1.042368096196871208e-01    1.000000000000000036e-10
1.629685614970917060e-02    9.600820808995866318e-02    1.000000000000000036e-10
1.643112355850395029e-02    8.821258444385049469e-02    1.000000000000000036e-10
1.656649717679697237e-02    8.086771778174917102e-02    1.000000000000000036e-10
1.670298611848614403e-02    7.394459404007167058e-02    1.000000000000000036e-10
1.684059957255742632e-02    6.741357104340631179e-02    1.000000000000000036e-10
1.697934680370347463e-02    6.131222763111253415e-02    1.000000000000000036e-10
1.711923715294741410e-02    5.560134914532148531e-02    1.000000000000000036e-10
1.726028003827168728e-02    5.028805694349793715e-02    1.000000000000000036e-10
1.740248495525209202e-02    4.535614491845965657e-02    1.000000000000000036e-10
1.754586147769708962e-02    4.081037979644411284e-02    1.000000000000000036e-10
1.769041925829236556e-02    3.664161614397867112e-02    1.000000000000000036e-10
1.783616802925065692e-02    3.281978468995980225e-02    1.000000000000000036e-10
1.798311760296695747e-02    2.933198261622021324e-02    1.000000000000000036e-10
1.813127787267916624e-02    2.617905441458273988e-02    1.000000000000000036e-10
1.828065881313412772e-02    2.335427768327138359e-02    1.000000000000000036e-10
1.843127048125913631e-02    2.082776296921670309e-02    1.000000000000000036e-10
1.858312301683902670e-02    1.857942555834259796e-02    1.000000000000000036e-10
1.873622664319889511e-02    1.662525126303323816e-02    1.000000000000000036e-10
1.889059166789225711e-02    1.491380591401482263e-02    1.000000000000000036e-10
1.904622848339505847e-02    1.345860478464796367e-02    1.000000000000000036e-10
1.920314756780535509e-02    1.223686872260529648e-02    1.000000000000000036e-10
1.936135948554870354e-02    1.122265540874153693e-02    1.000000000000000036e-10
1.952087488808940119e-02    1.041883823350074623e-02    1.000000000000000036e-10
1.968170451464761744e-02    9.800666164372230649e-03    1.000000000000000036e-10
1.984385919292238482e-02    9.351777674211553260e-03    1.000000000000000036e-10
2.000734983982054363e-02    9.069142689193789367e-03    1.000000000000000036e-10
2.017218746219170966e-02    8.925980828719632873e-03    1.000000000000000036e-10
2.033838315756939658e-02    8.917398915929011446e-03    1.000000000000000036e-10
2.050594811491799480e-02    9.032324452699176318e-03    1.000000000000000036e-10
2.067489361538614456e-02    9.250660995632381187e-03    1.000000000000000036e-10
2.084523103306623951e-02    9.566942782479284646e-03    1.000000000000000036e-10
2.101697183576015787e-02    9.963048985783831690e-03    1.000000000000000036e-10
2.119012758575127345e-02    1.043625768895214273e-02    1.000000000000000036e-10
2.136470994058295783e-02    1.096449178840661412e-02    1.000000000000000036e-10
2.154073065384336932e-02    1.154943718734900183e-02    1.000000000000000036e-10
2.171820157595674011e-02    1.217205431520057557e-02    1.000000000000000036e-10
2.189713465498120334e-02    1.282846239553729444e-02    1.000000000000000036e-10
2.207754193741321910e-02    1.350459869663009696e-02    1.000000000000000036e-10
2.225943556899856457e-02    1.420080094871060961e-02    1.000000000000000036e-10
2.244282779554999940e-02    1.490344315597694549e-02    1.000000000000000036e-10
2.262773096377177634e-02    1.560139091784217349e-02    1.000000000000000036e-10
2.281415752209083395e-02    1.630021944075782034e-02    1.000000000000000036e-10
2.300212002149483806e-02    1.698311907936742027e-02    1.000000000000000036e-10
2.319163111637724539e-02    1.764346919465333355e-02    1.000000000000000036e-10
2.338270356538919501e-02    1.827244510831398452e-02    1.000000000000000036e-10
2.357535023229846011e-02    1.887883968600801918e-02    1.000000000000000036e-10
2.376958408685551916e-02    1.945112335590609351e-02    1.000000000000000036e-10
2.396541820566674280e-02    1.998195595062235777e-02    1.000000000000000036e-10
2.416286577307473829e-02    2.047664741745161901e-02    1.000000000000000036e-10
2.436194008204595196e-02    2.092687280790943641e-02    1.000000000000000036e-10
2.456265453506566165e-02    2.132910725211572753e-02    1.000000000000000036e-10
2.476502264504026538e-02    2.166738915470008478e-02    1.000000000000000036e-10
2.496905803620696682e-02    2.197214671467546607e-02    1.000000000000000036e-10
2.517477444505111100e-02    2.220892272027657349e-02    1.000000000000000036e-10
2.538218572123092723e-02    2.239295456832446005e-02    1.000000000000000036e-10
2.559130582850992208e-02    2.252886385597912058e-02    1.000000000000000036e-10
2.580214884569700592e-02    2.260484625135875114e-02    1.000000000000000036e-10
2.601472896759435618e-02    2.262408177708560841e-02    1.000000000000000036e-10
2.622906050595304184e-02    2.258602018972311748e-02    1.000000000000000036e-10
2.644515789043651657e-02    2.249526367084870096e-02    1.000000000000000036e-10
2.666303566959215415e-02    2.234634744747036536e-02    1.000000000000000036e-10
2.688270851183067675e-02    2.213891594606836460e-02    1.000000000000000036e-10
2.710419120641366017e-02    2.189256624620718530e-02    1.000000000000000036e-10
2.732749866444923389e-02    2.158465078559076988e-02    1.000000000000000036e-10
2.755264591989604189e-02    2.122530690271889550e-02    1.000000000000000036e-10
2.777964813057521784e-02    2.082774910251434727e-02    1.000000000000000036e-10
2.800852057919098193e-02    2.038514894193121929e-02    1.000000000000000036e-10
2.823927867435955044e-02    1.990161102965652684e-02    1.000000000000000036e-10
2.847193795164645186e-02    1.937571611204958605e-02    1.000000000000000036e-10
2.870651407461243323e-02    1.881491052709049344e-02    1.000000000000000036e-10
2.894302283586805760e-02    1.822032426192430818e-02    1.000000000000000036e-10
2.918148015813689863e-02    1.761452973263994901e-02    1.000000000000000036e-10
2.942190209532748180e-02    1.696254345820669834e-02    1.000000000000000036e-10
2.966430483361411422e-02    1.628899383290642600e-02    1.000000000000000036e-10
2.990870469252671082e-02    1.559938813012732954e-02    1.000000000000000036e-10
3.015511812604931841e-02    1.489921106026824947e-02    1.000000000000000036e-10
3.040356172372795165e-02    1.418172215065670316e-02    1.000000000000000036e-10
3.065405221178749487e-02    1.345979267632986011e-02    1.000000000000000036e-10
3.090660645425775607e-02    1.273366201299982493e-02    1.000000000000000036e-10
3.116124145410875679e-02    1.200316147524367778e-02    1.000000000000000036e-10
3.141797435439554198e-02    1.127549045562167493e-02    1.000000000000000036e-10
3.167682243941228465e-02    1.055790389614494340e-02    1.000000000000000036e-10
3.193780313585588282e-02    9.843665147047618580e-03    1.000000000000000036e-10
3.220093401399923977e-02    9.153543042413480810e-03    1.000000000000000036e-10
3.246623278887418584e-02    8.469797637444251293e-03    1.000000000000000036e-10
3.273371732146411472e-02    7.804140960528715802e-03    1.000000000000000036e-10
3.300340561990638272e-02    7.162758039640966697e-03    1.000000000000000036e-10
3.327531584070481108e-02    6.544972724841959487e-03    1.000000000000000036e-10
3.354946628995198604e-02    5.954678000832050282e-03    1.000000000000000036e-10
3.382587542456165497e-02    5.389968865377262226e-03    1.000000000000000036e-10
3.410456185351143366e-02    4.855983685059133900e-03    1.000000000000000036e-10
3.438554433909556118e-02    4.353588811087604447e-03    1.000000000000000036e-10
3.466884179818804923e-02    3.882777962303363313e-03    1.000000000000000036e-10
3.495447330351624665e-02    3.448867409648431921e-03    1.000000000000000036e-10
3.524245808494495813e-02    3.045869032747202179e-03    1.000000000000000036e-10
3.553281553077101279e-02    2.678606983444422295e-03    1.000000000000000036e-10
3.582556518902852566e-02    2.346393188446302402e-03    1.000000000000000036e-10
3.612072676880506011e-02    2.049119985051372356e-03    1.000000000000000036e-10
3.641832014156844849e-02    1.785972714525769101e-03    1.000000000000000036e-10
3.671836534250458306e-02    1.557514780339877862e-03    1.000000000000000036e-10
3.702088257186638559e-02    1.360998328279191790e-03    1.000000000000000036e-10
3.732589219633367789e-02    1.195519306672244162e-03    1.000000000000000036e-10
3.763341475038435580e-02    1.060818670438251838e-03    1.000000000000000036e-10
3.794347093767685281e-02    9.542798085261995937e-04    1.000000000000000036e-10
3.825608163244404586e-02    8.753807302036952908e-04    1.000000000000000036e-10
3.857126788089856179e-02    8.201897106297055019e-04    1.000000000000000036e-10
3.888905090264964393e-02    7.883024080145579603e-04    1.000000000000000036e-10
3.920945209213182181e-02    7.778144506288847291e-04    1.000000000000000036e-10
3.953249302004524512e-02    7.840391614182477386e-04    1.000000000000000036e-10
3.985819543480785543e-02    8.069403139292820066e-04    1.000000000000000036e-10
4.018658126401961073e-02    8.433616685146993726e-04    1.000000000000000036e-10
4.051767261593886005e-02    8.901419233491153753e-04    1.000000000000000036e-10
4.085149178097054190e-02    9.465381769205958185e-04    1.000000000000000036e-10
4.118806123316698375e-02    1.008513148667992141e-03    1.000000000000000036e-10
4.152740363174097643e-02    1.074726233089704896e-03    1.000000000000000036e-10
4.186954182259126217e-02    1.142052009024078314e-03    1.000000000000000036e-10
4.221449883984050577e-02    1.210679938183932330e-03    1.000000000000000036e-10
4.256229790738620677e-02    1.276484357972062838e-03    1.000000000000000036e-10
4.291296244046415020e-02    1.339243993206166777e-03    1.000000000000000036e-10
4.326651604722478450e-02    1.395878174810863837e-03    1.000000000000000036e-10
4.362298253032260292e-02    1.445785912819594430e-03    1.000000000000000036e-10
4.398238588851883374e-02    1.486785258772001022e-03    1.000000000000000036e-10
4.434475031829683556e-02    1.519945692020437241e-03    1.000000000000000036e-10
4.471010021549128022e-02    1.543130491445963764e-03    1.000000000000000036e-10
4.507846017693056817e-02    1.555266917797644768e-03    1.000000000000000036e-10
4.544985500209279550e-02    1.557070369010286979e-03    1.000000000000000036e-10
4.582430969477522403e-02    1.547811469775445389e-03    1.000000000000000036e-10
4.620184946477781662e-02    1.528841296958116484e-03    1.000000000000000036e-10
4.658249972960039342e-02    1.497744072900858599e-03    1.000000000000000036e-10
4.696628611615376314e-02    1.457514840408413899e-03    1.000000000000000036e-10
4.735323446248511370e-02    1.408753184512747964e-03    1.000000000000000036e-10
4.774337081951755130e-02    1.349959970915772011e-03    1.000000000000000036e-10
4.813672145280391279e-02    1.284274359450728476e-03    1.000000000000000036e-10
4.853331284429503178e-02    1.211371239810473278e-03    1.000000000000000036e-10
4.893317169412268741e-02    1.134466329397774888e-03    1.000000000000000036e-10
4.933632492239715950e-02    1.051602114625169605e-03    1.000000000000000036e-10
4.974279967101948030e-02    9.669742944295880256e-04    1.000000000000000036e-10
5.015262330550893100e-02    8.803459379854919461e-04    1.000000000000000036e-10
5.056582341684520004e-02    7.926311194673812130e-04    1.000000000000000036e-10
5.098242782332607775e-02    7.062895903749633530e-04    1.000000000000000036e-10
5.140246457244023598e-02    6.213927791736587698e-04    1.000000000000000036e-10
5.182596194275541218e-02    5.396181560511810471e-04    1.000000000000000036e-10
5.225294844582243498e-02    4.626737203526110368e-04    1.000000000000000036e-10
5.268345282809450830e-02    3.896164395485623880e-04    1.000000000000000036e-10
5.311750407286272568e-02    3.224628247620474255e-04    1.000000000000000036e-10
5.355513140220727331e-02    2.609880869154708352e-04    1.000000000000000036e-10
5.399636427896468277e-02    2.063886757336010221e-04    1.000000000000000036e-10
5.444123240871159147e-02    1.585080166430483431e-04    1.000000000000000036e-10
5.488976574176442774e-02    1.178991211809587720e-04    1.000000000000000036e-10
5.534199447519595055e-02    8.354496699969141940e-05    1.000000000000000036e-10
5.579794905486819279e-02    5.591166056936868882e-05    1.000000000000000036e-10
5.625766017748207865e-02    3.550836746394733161e-05    1.000000000000000036e-10
5.672115879264428423e-02    2.077951912510275662e-05    1.000000000000000036e-10
5.718847610495061962e-02    1.057292421705460747e-05    1.000000000000000036e-10
5.765964357608709817e-02    6.609108339619648470e-06    1.000000000000000036e-10
5.813469292694793678e-02    5.358092823521496488e-06    1.000000000000000036e-10
5.861365613977106287e-02    8.190558154220428059e-06    1.000000000000000036e-10
5.909656546029149610e-02    1.349041490530703908e-05    1.000000000000000036e-10
5.958345339991202166e-02    2.010872312368061594e-05    1.000000000000000036e-10
6.007435273789221708e-02    2.819110226411221230e-05    1.000000000000000036e-10
6.056929652355506205e-02    3.681837238139578484e-05    1.000000000000000036e-10
6.106831807851215155e-02    4.481395566239458286e-05    1.000000000000000036e-10
6.157145099890695694e-02    5.211828074598823620e-05    1.000000000000000036e-10
6.207872915767655847e-02    5.814556868344490518e-05    1.000000000000000036e-10
6.259018670683230701e-02    6.320842216347020612e-05    1.000000000000000036e-10
6.310585807975888084e-02    6.552931397174685134e-05    1.000000000000000036e-10
6.362577799353262564e-02    6.710004047230926517e-05    1.000000000000000036e-10
6.414998145125878903e-02    6.478940640555086060e-05    1.000000000000000036e-10
6.467850374442801753e-02    6.222987178307738503e-05    1.000000000000000036e-10
6.521138045529244198e-02    5.747021645543710119e-05    1.000000000000000036e-10
6.574864745926108089e-02    5.122077478260869004e-05    1.000000000000000036e-10
6.629034092731525551e-02    4.512348987388324704e-05    1.000000000000000036e-10
6.683649732844369751e-02    3.780176303207820153e-05    1.000000000000000036e-10
6.738715343209772390e-02    2.978912347528285700e-05    1.000000000000000036e-10
6.794234631066684016e-02    2.340144740509237319e-05    1.000000000000000036e-10
6.850211334197447988e-02    1.666331555317950594e-05    1.000000000000000036e-10
6.906649221179451958e-02    1.117281502181040571e-05    1.000000000000000036e-10
6.963552091638844366e-02    7.931375818561064609e-06    1.000000000000000036e-10
7.020923776506324265e-02    5.540583862775684880e-06    1.000000000000000036e-10
7.078768138275080835e-02    5.685200441645996895e-06    1.000000000000000036e-10
7.137089071260804829e-02    7.752624156931310252e-06    1.000000000000000036e-10
7.195890501863895505e-02    1.127282363935858100e-05    1.000000000000000036e-10
7.255176388833786683e-02    1.760660535614493545e-05    1.000000000000000036e-10
7.314950723535458554e-02    2.541605884780259925e-05    1.000000000000000036e-10
7.375217530218178275e-02    3.396779705743084847e-05    1.000000000000000036e-10
7.435980866286395763e-02    4.381901023056787982e-05    1.000000000000000036e-10
7.497244822572933509e-02    5.466222632898141439e-05    1.000000000000000036e-10
7.559013523614385721e-02    6.549892450969067457e-05    1.000000000000000036e-10
7.621291127928789266e-02    7.549961522905737263e-05    1.000000000000000036e-10
7.684081828295614980e-02    8.504653241764375757e-05    1.000000000000000036e-10
7.747389852038012725e-02    9.380196422890892160e-05    1.000000000000000036e-10
7.811219461307443435e-02    1.000862468841848794e-04    1.000000000000000036e-10
7.875574953370606535e-02    1.050336405077437625e-04    1.000000000000000036e-10
7.940460660898739087e-02    1.070564358811577866e-04    1.000000000000000036e-10
8.005880952259337990e-02    1.071140912591217378e-04    1.000000000000000036e-10
8.071840231810226141e-02    1.055190234357061791e-04    1.000000000000000036e-10
8.138342940196094388e-02    1.011487296153983729e-04    1.000000000000000036e-10
8.205393554647454069e-02    9.449357643805269104e-05    1.000000000000000036e-10
8.272996589282051449e-02    8.689719442678384121e-05    1.000000000000000036e-10
8.341156595408802388e-02    7.768952464093377256e-05    1.000000000000000036e-10
8.409878161834173638e-02    6.822971998885859926e-05    1.000000000000000036e-10
8.479165915171148205e-02    5.761205052116268261e-05    1.000000000000000036e-10
8.549024520150695639e-02    4.775519588138489639e-05    1.000000000000000036e-10
8.619458679935808332e-02    3.856791329401272140e-05    1.000000000000000036e-10
8.690473136438163493e-02    3.010619134094817819e-05    1.000000000000000036e-10
8.762072670637337246e-02    2.318957605244350626e-05    1.000000000000000036e-10
8.834262102902715186e-02    1.792521404146556354e-05    1.000000000000000036e-10
8.907046293317978647e-02    1.435532085499255581e-05    1.000000000000000036e-10
8.980430142008342942e-02    1.328027939585244172e-05    1.000000000000000036e-10
9.054418589470432377e-02    1.407168469565839061e-05    1.000000000000000036e-10
9.129016616904889192e-02    1.609250327401522997e-05    1.000000000000000036e-10
9.204229246551753896e-02    1.964380782200789993e-05    1.000000000000000036e-10
9.280061542028548993e-02    2.487238998820478353e-05    1.000000000000000036e-10
9.356518608671210435e-02    3.007806784229036129e-05    1.000000000000000036e-10
9.433605593877791851e-02    3.584646562375016382e-05    1.000000000000000036e-10
9.511327687454990132e-02    4.218150677536443147e-05    1.000000000000000036e-10
9.589690121967577030e-02    4.715346101741501271e-05    1.000000000000000036e-10
9.668698173090638226e-02    5.052945270116822909e-05    1.000000000000000036e-10
9.748357159964790575e-02    5.362222551824817569e-05    1.000000000000000036e-10
9.828672445554266501e-02    5.494962471455201936e-05    1.000000000000000036e-10
9.909649437007965467e-02    5.458661155140067474e-05    1.000000000000000036e-10
9.991293586023507201e-02    5.328692824563242229e-05    1.000000000000000036e-10
1.007361038921423396e-01    5.010397191743984444e-05    1.000000000000000036e-10
1.015660538847929367e-01    4.537595704894757724e-05    1.000000000000000036e-10
1.024028417137672620e-01    4.025507792239074175e-05    1.000000000000000036e-10
1.032465237149963189e-01    3.389995243222522530e-05    1.000000000000000036e-10
1.040971566885547650e-01    2.864578936110362609e-05    1.000000000000000036e-10
1.049547979024845479e-01    2.210538993707342035e-05    1.000000000000000036e-10
1.058195050966507650e-01    1.683174245966069936e-05    1.000000000000000036e-10
1.066913364866288183e-01    1.171495769756582291e-05    1.000000000000000036e-10
1.075703507676235154e-01    7.879407564170421563e-06    1.000000000000000036e-10
1.084566071184211028e-01    5.238822689112962183e-06    1.000000000000000036e-10
1.093501652053729123e-01    3.298160555657724673e-06    1.000000000000000036e-10
1.102510851864127867e-01    1.676095410647433239e-06    1.000000000000000036e-10
1.111594277151069787e-01    1.781671714087936541e-06    1.000000000000000036e-10
1.120752539447373713e-01    2.516777967379474147e-06    1.000000000000000036e-10
1.129986255324190447e-01    4.050789382054410914e-06    1.000000000000000036e-10
1.139296046432507620e-01    4.647938720477961909e-06    1.000000000000000036e-10
1.148682539545005932e-01    5.735728022120793881e-06    1.000000000000000036e-10
1.158146366598254290e-01    6.948428426232149527e-06    1.000000000000000036e-10
1.167688164735252859e-01    7.309331556627555023e-06    1.000000000000000036e-10
1.177308576348331526e-01    7.415196604291139335e-06    1.000000000000000036e-10
1.187008249122394332e-01    7.255860965795967048e-06    1.000000000000000036e-10
1.196787836078527928e-01    6.453981742915364371e-06    1.000000000000000036e-10
1.206647995617964320e-01    5.295060844626357332e-06    1.000000000000000036e-10
1.216589391566404305e-01    4.430618817496092323e-06    1.000000000000000036e-10
1.226612693218714356e-01    3.706201129514623284e-06    1.000000000000000036e-10
1.236718575383980445e-01    2.273950283351467346e-06    1.000000000000000036e-10
1.246907718430943640e-01    1.649990439185811736e-06    1.000000000000000036e-10
1.257180808333803190e-01    1.235056523943633862e-06    1.000000000000000036e-10
1.267538536718397779e-01    1.550010654714042935e-06    1.000000000000000036e-10
1.277981600908771886e-01    2.150634244468843243e-06    1.000000000000000036e-10
1.288510703974118377e-01    2.100637959037395237e-06    1.000000000000000036e-10
1.299126554776116882e-01    2.108489929607548791e-06    1.000000000000000036e-10
1.309829868016651466e-01    3.206587829528993392e-06    1.000000000000000036e-10
1.320621364285932131e-01    3.050811443591116957e-06    1.000000000000000036e-10
1.331501770111006844e-01    3.288569177601315940e-06    1.000000000000000036e-10
1.342471818004670470e-01    3.395527780026437922e-06    1.000000000000000036e-10
1.353532246514786708e-01    3.240665466186842376e-06    1.000000000000000036e-10
1.364683800274003600e-01    2.579145581845691744e-06    1.000000000000000036e-10
1.375927230049890926e-01    1.726597831419473992e-06    1.000000000000000036e-10
1.387263292795481995e-01    1.436773775348984777e-06    1.000000000000000036e-10
1.398692751700233994e-01    7.600001292210694259e-07    1.000000000000000036e-10
1.410216376241411607e-01    8.026117781570130178e-07    1.000000000000000036e-10
1.421834942235888077e-01    8.187154114745236245e-07    1.000000000000000036e-10
1.433549231892380094e-01    1.388122983638496122e-06    1.000000000000000036e-10
1.445360033864107052e-01    9.641174090644339597e-07    1.000000000000000036e-10
1.457268143301884700e-01    2.137510061060993827e-06    1.000000000000000036e-10
1.469274361907662863e-01    2.259139110893127097e-06    1.000000000000000036e-10
1.481379497988492278e-01    3.262347101072024223e-06    1.000000000000000036e-10
1.493584366510950501e-01    4.293600774261096544e-06    1.000000000000000036e-10
1.505889789156004410e-01    3.949419267851413324e-06    1.000000000000000036e-10
1.518296594374328179e-01    4.434996037550716913e-06    1.000000000000000036e-10
1.530805617442081989e-01    4.492423801545302672e-06    1.000000000000000036e-10
1.543417700517141777e-01    3.844869789341601419e-06    1.000000000000000036e-10
1.556133692695799986e-01    3.272765422026381225e-06    1.000000000000000036e-10
1.568954450069929840e-01    2.566164168436576586e-06    1.000000000000000036e-10
1.581880835784617301e-01    1.909259847071336492e-06    1.000000000000000036e-10
1.594913720096277077e-01    1.535265743700093773e-06    1.000000000000000036e-10
1.608053980431236041e-01    1.544883068938782086e-06    1.000000000000000036e-10
1.621302501444810418e-01    1.109850159164271343e-06    1.000000000000000036e-10
1.634660175080861755e-01    1.081685573619049822e-06    1.000000000000000036e-10
1.648127900631843612e-01    1.162877270423445155e-06    1.000000000000000036e-10
1.661706584799352016e-01    1.497405972048386029e-06    1.000000000000000036e-10
1.675397141755160801e-01    8.159879239718429603e-07    1.000000000000000036e-10
1.689200493202774045e-01    2.032652763326916916e-06    1.000000000000000036e-10
1.703117568439475316e-01    1.931485172372614507e-06    1.000000000000000036e-10
1.717149304418890132e-01    1.409953745582643764e-06    1.000000000000000036e-10
1.731296645814070778e-01    1.942563023868985559e-06    1.000000000000000036e-10
1.745560545081088766e-01    1.269414866980888511e-06    1.000000000000000036e-10
1.759941962523164372e-01    1.079026233695617908e-06    1.000000000000000036e-10
1.774441866355315756e-01    9.812711541883043201e-07    1.000000000000000036e-10
1.789061232769539045e-01    1.034833886567768855e-06    1.000000000000000036e-10
1.803801046000537422e-01    6.997004336762736804e-07    1.000000000000000036e-10
1.818662298391975629e-01    4.423881335185393130e-07    1.000000000000000036e-10
1.833645990463295128e-01    4.091308627888849973e-07    1.000000000000000036e-10
1.848753130977070780e-01    5.863267950749320326e-07    1.000000000000000036e-10
1.863984737006920966e-01    8.093717341416132060e-07    1.000000000000000036e-10
1.879341834005988920e-01    7.655356010836577271e-07    1.000000000000000036e-10
1.894825455875971676e-01    5.028244705033624720e-07    1.000000000000000036e-10
1.910436645036734660e-01    7.575740606402581070e-07    1.000000000000000036e-10
1.926176452496484170e-01    7.496028240816504448e-07    1.000000000000000036e-10
1.942045937922532162e-01    1.177412798577106620e-06    1.000000000000000036e-10
1.958046169712633622e-01    9.580495103769571656e-08    1.000000000000000036e-10
1.974178225066913206e-01    6.355287458359192140e-07    1.000000000000000036e-10
1.990443190060394163e-01    7.823505896758675271e-07    1.000000000000000036e-10
2.006842159716107632e-01    6.153648272369932138e-07    1.000000000000000036e-10
2.023376238078822553e-01    8.849191891684422773e-07    1.000000000000000036e-10
2.040046538289370937e-01    3.271071008160282964e-07    1.000000000000000036e-10
2.056854182659585695e-01    9.825183787580996545e-07    1.000000000000000036e-10
2.073800302747866309e-01    9.749768072821748624e-07    1.000000000000000036e-10
2.090886039435352339e-01    9.314497596369800709e-07    1.000000000000000036e-10
2.108112543002738648e-01    8.462127398659092763e-07    1.000000000000000036e-10
2.125480973207714286e-01    5.842071349903805626e-07    1.000000000000000036e-10
2.142992499363038650e-01    1.199815733632851600e-07    1.000000000000000036e-10
2.160648300415271561e-01    1.539945226505122873e-07    1.000000000000000036e-10
2.178449565024136725e-01    7.627827860608842516e-07    1.000000000000000036e-10
2.196397491642554378e-01    6.578160572537895873e-07    1.000000000000000036e-10
2.214493288597322584e-01    2.934887362902902450e-07    1.000000000000000036e-10
2.232738174170462997e-01    4.252619133929219499e-07    1.000000000000000036e-10
2.251133376681249409e-01    5.427975289036059034e-07    1.000000000000000036e-10
2.269680134568893282e-01    1.514027044684240927e-06    1.000000000000000036e-10
2.288379696475928426e-01    2.850995098075807442e-08    1.000000000000000036e-10
2.307233321332271825e-01    1.094357097457701100e-07    1.000000000000000036e-10
2.326242278439975553e-01    1.221876646397437272e-06    1.000000000000000036e-10
2.345407847558690084e-01    3.381534250426829733e-07    1.000000000000000036e-10
2.364731318991813713e-01    2.691925367838050924e-07    1.000000000000000036e-10
2.384213993673368059e-01    2.187065761912746171e-06    1.000000000000000036e-10
2.403857183255580232e-01    3.962794912447647868e-07    1.000000000000000036e-10
2.423662210197183586e-01    3.682701068796231377e-07    1.000000000000000036e-10
2.443630407852460384e-01    -4.857049065992860511e-09    1.000000000000000036e-10
2.463763120560998054e-01    1.791829203989038966e-06    1.000000000000000036e-10
2.484061703738204840e-01    5.532846099484219758e-07    1.000000000000000036e-10
2.504527523966557645e-01    1.281717007601048558e-07    1.000000000000000036e-10
2.525161959087602326e-01    1.343576683434968732e-06    1.000000000000000036e-10
2.545966398294725042e-01    7.996727508092146034e-08    1.000000000000000036e-10
2.566942242226665782e-01    2.788225022111328897e-07    1.000000000000000036e-10
2.588090903061827097e-01    2.809835057357942024e-07    1.000000000000000036e-10
2.609413804613342491e-01    -2.706411711678990358e-07    1.000000000000000036e-10
2.630912382424928087e-01    1.264285453802697943e-06    1.000000000000000036e-10
2.652588083867540303e-01    -1.268815039230829348e-07    1.000000000000000036e-10
2.674442368236807366e-01    7.758713668827024796e-10    1.000000000000000036e-10
2.696476706851284044e-01    5.325668690614357048e-07    1.000000000000000036e-10
2.718692583151502973e-01    -1.032995839498859623e-07    1.000000000000000036e-10
2.741091492799842544e-01    1.132836120878026232e-06    1.000000000000000036e-10
2.763674943781228022e-01    -2.039652748792611337e-06    1.000000000000000036e-10
2.786444456504647560e-01    8.481310665428097491e-07    1.000000000000000036e-10
2.809401563905520871e-01    -7.351697582299520350e-07    1.000000000000000036e-10
2.832547811548892791e-01    1.614159313785236010e-06    1.000000000000000036e-10
2.855884757733495039e-01    1.486859042473042894e-06    1.000000000000000036e-10
2.879413973596655629e-01    -2.132549039247029565e-06    1.000000000000000036e-10
2.903137043220067603e-01    1.607100352398701046e-07    1.000000000000000036e-10
2.927055563736447041e-01    2.249351382866065081e-07    1.000000000000000036e-10
2.951171145437045396e-01    6.851597363002176701e-07    1.000000000000000036e-10
2.975485411880073316e-01    -9.035100728531056624e-07    1.000000000000000036e-10
2.999999999999999334e-01    1.636664072117258417e-06    1.000000000000000036e-10
