4.999999999999999237e-03    9.999718264184369598e-01    1.000000000000000036e-10
5.025687439942728117e-03    9.996373791819842536e-01    1.000000000000000036e-10
5.051506848799613807e-03    9.997857411302495390e-01    1.000000000000000036e-10
5.077458904559377893e-03    1.000167510187837783e+00    1.000000000000000036e-10
5.103544288693881090e-03    1.000116112431853388e+00    1.000000000000000036e-10
5.129763686176056804e-03    9.996948616610261684e-01    1.000000000000000036e-10
5.156117785497863794e-03    1.000184988528489249e+00    1.000000000000000036e-10
5.182607278688381065e-03    9.998843320318664407e-01    1.000000000000000036e-10
5.209232861331992114e-03    1.000242780730739689e+00    1.000000000000000036e-10
5.235995232586617733e-03    9.997612308697462202e-01    1.000000000000000036e-10
5.262895095202113627e-03    1.000255782579742903e+00    1.000000000000000036e-10
5.289933155538690569e-03    1.000216746198934636e+00    1.000000000000000036e-10
5.317110123585475079e-03    9.999972445963780654e-01    1.000000000000000036e-10
5.344426712979170706e-03    1.000122635288420270e+00    1.000000000000000036e-10
5.371883641022758352e-03    9.999903950895944194e-01    1.000000000000000036e-10
5.399481628704377867e-03    9.999832363617147113e-01    1.000000000000000036e-10
5.427221400716220057e-03    9.998891076201816830e-01    1.000000000000000036e-10
5.455103685473572210e-03    1.000123984385485443e+00    1.000000000000000036e-10
5.483129215133963376e-03    1.000021979171050068e+00    1.000000000000000036e-10
5.511298725616353006e-03    9.998701832250942445e-01    1.000000000000000036e-10
5.539612956620493939e-03    9.997518359289183643e-01    1.000000000000000036e-10
5.568072651646324006e-03    9.999575484705096606e-01    1.000000000000000036e-10
5.596678558013501621e-03    1.000099968739612377e+00    1.000000000000000036e-10
5.625431426881047185e-03    1.000184974215308609e+00    1.000000000000000036e-10
5.654332013267030464e-03    9.997785431338384043e-01    1.000000000000000036e-10
5.683381076068439244e-03    9.997199849445478348e-01    1.000000000000000036e-10
5.712579378081068804e-03    9.997039521329124101e-01    1.000000000000000036e-10
5.741927686019568378e-03    9.998389034934924702e-01    1.000000000000000036e-10
5.771426770537591705e-03    1.000259555266490796e+00    1.000000000000000036e-10
5.801077406247993548e-03    9.997504210150626180e-01    1.000000000000000036e-10
5.830880371743217029e-03    9.996810444825826591e-01    1.000000000000000036e-10
5.860836449615694846e-03    1.000150224615445671e+00    1.000000000000000036e-10
5.890946426478419623e-03    1.000392544087427060e+00    1.000000000000000036e-10
5.921211092985619213e-03    9.996611223674928270e-01    1.000000000000000036e-10
5.951631243853470164e-03    9.999917744326541902e-01    1.000000000000000036e-10
5.982207677881021084e-03    1.000038110155771376e+00    1.000000000000000036e-10
6.012941197971120345e-03    1.000382277440889034e+00    1.000000000000000036e-10
6.043832611151522469e-03    9.998553282048899815e-01    1.000000000000000036e-10
6.074882728596094246e-03    9.998694709531433800e-01    1.000000000000000036e-10
6.106092365646074646e-03    9.997727301985868120e-01    1.000000000000000036e-10
6.137462341831531609e-03    9.998601312430838162e-01    1.000000000000000036e-10
6.168993480892842260e-03    1.000309174435436876e+00    1.000000000000000036e-10
6.200686610802340522e-03    9.997427827149616419e-01    1.000000000000000036e-10
6.232542563786073152e-03    9.998897041698050492e-01    1.000000000000000036e-10
6.264562176345617357e-03    1.000176229008241879e+00    1.000000000000000036e-10
6.296746289280090968e-03    9.998819668015160866e-01    1.000000000000000036e-10
6.329095747708186892e-03    9.998024093474030538e-01    1.000000000000000036e-10
6.361611401090387120e-03    9.995235585495170216e-01    1.000000000000000036e-10
6.394294103251284278e-03    9.998135178713474236e-01    1.000000000000000036e-10
6.427144712401960426e-03    9.997448773595014604e-01    1.000000000000000036e-10
6.460164091162570559e-03    9.997713324248151956e-01    1.000000000000000036e-10
6.493353106584952121e-03    9.999940045830963964e-01    1.000000000000000036e-10
6.526712630175411471e-03    1.000115213606197040e+00    1.000000000000000036e-10
6.560243537917627432e-03    9.997506054470035597e-01    1.000000000000000036e-10
6.593946710295606889e-03    9.999010652912309061e-01    1.000000000000000036e-10
6.627823032316861561e-03    9.998699653634378626e-01    1.000000000000000036e-10
6.661873393535596051e-03    1.000179454821846337e+00    1.000000000000000036e-10
6.696098688076090183e-03    1.000055733204725739e+00    1.000000000000000036e-10
6.730499814656197566e-03    9.998321384967859826e-01    1.000000000000000036e-10
6.765077676610896200e-03    9.997493975921246667e-01    1.000000000000000036e-10
6.799833181916063729e-03    1.000463635963133591e+00    1.000000000000000036e-10
6.834767243212271776e-03    1.000271989506420933e+00    1.000000000000000036e-10
6.869880777828773696e-03    9.997741586954763671e-01    1.000000000000000036e-10
6.905174707807610300e-03    9.999947227834296015e-01    1.000000000000000036e-10
6.940649959927773678e-03    1.000152213382822897e+00    1.000000000000000036e-10
6.976307465729603488e-03    1.000118566670468834e+00    1.000000000000000036e-10
7.012148161539191044e-03    9.999185585388785658e-01    1.000000000000000036e-10
7.048172988492994173e-03    1.000104072461195814e+00    1.000000000000000036e-10
7.084382892562569173e-03    9.998638341598597989e-01    1.000000000000000036e-10
7.120778824579360872e-03    1.000054735288103291e+00    1.000000000000000036e-10
7.157361740259727753e-03    9.998242115734803370e-01    1.000000000000000036e-10
7.194132600229988760e-03    9.998876884122220865e-01    1.000000000000000036e-10
7.231092370051667856e-03    9.999887078106814986e-01    1.000000000000000036e-10
7.268242020246873034e-03    9.997009385335314802e-01    1.000000000000000036e-10
7.305582526323727358e-03    9.998504841177273672e-01    1.000000000000000036e-10
7.343114868802044608e-03    1.000002340033988357e+00    1.000000000000000036e-10
7.380840033239026605e-03    9.998860555897463032e-01    1.000000000000000036e-10
7.418759010255161768e-03    9.999995068438251034e-01    1.000000000000000036e-10
7.456872795560262439e-03    1.000022209583638189e+00    1.000000000000000036e-10
7.495182389979559469e-03    1.000056761581336051e+00    1.000000000000000036e-10
7.533688799480038785e-03    9.999047918463421780e-01    1.000000000000000036e-10
7.572393035196808321e-03    1.000275803802524566e+00    1.000000000000000036e-10
7.611296113459671379e-03    9.999246443078717572e-01    1.000000000000000036e-10
7.650399055819835301e-03    1.000022207015805575e+00    1.000000000000000036e-10
7.689702889076683451e-03    9.999464807718813075e-01    1.000000000000000036e-10
7.729208645304799612e-03    9.997001295251802810e-01    1.000000000000000036e-10
7.768917361881016656e-03    1.000155800300263520e+00    1.000000000000000036e-10
7.808830081511676860e-03    1.000143094997022919e+00    1.000000000000000036e-10
7.848947852260037064e-03    1.000135687538067142e+00    1.000000000000000036e-10
7.889271727573737153e-03    9.999015318603799996e-01    1.000000000000000036e-10
7.929802766312520068e-03    1.000214110415042823e+00    1.000000000000000036e-10
7.970542032775987384e-03    1.000376962508730205e+00    1.000000000000000036e-10
8.011490596731564787e-03    9.999927027799059287e-01    1.000000000000000036e-10
8.052649533442620203e-03    9.997096801960017043e-01    1.000000000000000036e-10
8.094019923696640917e-03    9.999489223950780437e-01    1.000000000000000036e-10
8.135602853833683035e-03    9.999657057212881783e-01    1.000000000000000036e-10
8.177399415774831357e-03    1.000004042016459538e+00    1.000000000000000036e-10
8.219410707050907317e-03    9.998233279554047392e-01    1.000000000000000036e-10
8.261637830831305290e-03    9.996985491772034660e-01    1.000000000000000036e-10
8.304081895952906966e-03    1.000026703156932761e+00    1.000000000000000036e-10
8.346744016949264600e-03    9.997503521102235613e-01    1.000000000000000036e-10
8.389625314079798141e-03    9.999365058295580644e-01    1.000000000000000036e-10
8.432726913359282067e-03    9.999313129247133780e-01    1.000000000000000036e-10
8.476049946587353029e-03    9.997572921042430227e-01    1.000000000000000036e-10
8.519595551378249948e-03    1.000164895856507252e+00    1.000000000000000036e-10
8.563364871190722385e-03    9.999164621121365837e-01    1.000000000000000036e-10
8.607359055357990951e-03    9.998818908579649722e-01    1.000000000000000036e-10
8.651579259117992207e-03    9.997727017646335090e-01    1.000000000000000036e-10
8.696026643643661735e-03    9.997595914245247517e-01    1.000000000000000036e-10
8.740702376073446189e-03    9.999267190191259980e-01    1.000000000000000036e-10
8.785607629541976674e-03    9.999648410161174894e-01    1.000000000000000036e-10
8.830743583210814984e-03    9.995598455783630820e-01    1.000000000000000036e-10
8.876111422299487810e-03    9.998138677152835774e-01    1.000000000000000036e-10
8.921712338116543489e-03    1.000285247956691048e+00    1.000000000000000036e-10
8.967547528090868969e-03    1.000054088897899707e+00    1.000000000000000036e-10
9.013618195803149019e-03    1.000003702445543707e+00    1.000000000000000036e-10
9.059925551017424319e-03    9.996954459165648954e-01    1.000000000000000036e-10
9.106470809712885472e-03    9.998365574851078019e-01    1.000000000000000036e-10
9.153255194115826610e-03    9.997315720239520198e-01    1.000000000000000036e-10
9.200279932731682264e-03    9.998926400647788482e-01    1.000000000000000036e-10
9.247546260377348740e-03    9.999854862027128810e-01    1.000000000000000036e-10
9.295055418213548845e-03    9.999519136628860494e-01    1.000000000000000036e-10
9.342808653777488065e-03    1.000062614570137454e+00    1.000000000000000036e-10
9.390807221015550627e-03    1.000123486743911050e+00    1.000000000000000036e-10
9.439052380316255778e-03    9.996369554848555383e-01    1.000000000000000036e-10
9.487545398543384065e-03    9.999995144144891990e-01    1.000000000000000036e-10
9.536287549069173003e-03    9.996377049193857500e-01    1.000000000000000036e-10
9.585280111807835401e-03    1.000130511181659632e+00    1.000000000000000036e-10
9.634524373249093304e-03    1.000024015959118051e+00    1.000000000000000036e-10
9.684021626492001628e-03    1.000031189179237279e+00    1.000000000000000036e-10
9.733773171278920985e-03    9.997883742959283726e-01    1.000000000000000036e-10
9.783780314029584188e-03    1.000275716115073488e+00    1.000000000000000036e-10
9.834044367875481932e-03    9.997792795265627586e-01    1.000000000000000036e-10
9.884566652694267569e-03    9.998607898778401060e-01    1.000000000000000036e-10
9.935348495144453312e-03    9.998357832295093894e-01    1.000000000000000036e-10
9.986391228700274708e-03    9.991661967540240719e-01    1.000000000000000036e-10
1.003769619368663490e-02    9.969083276752225276e-01    1.000000000000000036e-10
1.008926473731436638e-02    9.904485078892464323e-01    1.000000000000000036e-10
1.014109821371557071e-02    9.788510376527129742e-01    1.000000000000000036e-10
1.019319798397919259e-02    9.634112473587679304e-01    1.000000000000000036e-10
1.024556541618675334e-02    9.464618126728638892e-01    1.000000000000000036e-10
1.029820188544826667e-02    9.309256673111251379e-01    1.000000000000000036e-10
1.035110877393837121e-02    9.174782003364273519e-01    1.000000000000000036e-10
1.040428747093260359e-02    9.053770819439210804e-01    1.000000000000000036e-10
1.045773937284389180e-02    8.941937498969330100e-01    1.000000000000000036e-10
1.051146588325921859e-02    8.838331307377115253e-01    1.000000000000000036e-10
1.056546841297646526e-02    8.738651355692403921e-01    1.000000000000000036e-10
1.061974838004148616e-02    8.641534765146657859e-01    1.000000000000000036e-10
1.067430720978532026e-02    8.545785406191087619e-01    1.000000000000000036e-10
1.072914633486163512e-02    8.454545289077739501e-01    1.000000000000000036e-10
1.078426719528433574e-02    8.358823503293396628e-01    1.000000000000000036e-10
1.083967123846537109e-02    8.266414124730407931e-01    1.000000000000000036e-10
1.089535991925276448e-02    8.170675344629000358e-01    1.000000000000000036e-10
1.095133469996880347e-02    8.077490477119864121e-01    1.000000000000000036e-10
1.100759705044843106e-02    7.985845803130863230e-01    1.000000000000000036e-10
1.106414844807786062e-02    7.890452160840594198e-01    1.000000000000000036e-10
1.112099037783334174e-02    7.801984697091053356e-01    1.000000000000000036e-10
1.117812433232018635e-02    7.707887453117829857e-01    1.000000000000000036e-10
1.123555181181194740e-02    7.606423742279009304e-01    1.000000000000000036e-10
1.129327432428980753e-02    7.515469992840347890e-01    1.000000000000000036e-10
1.135129338548219839e-02    7.419124730853763339e-01    1.000000000000000036e-10
1.140961051890456573e-02    7.320676557153662500e-01    1.000000000000000036e-10
1.146822725589941722e-02    7.219244058944748188e-01    1.000000000000000036e-10
1.152714513567650728e-02    7.120900968843115741e-01    1.000000000000000036e-10
1.158636570535326142e-02    7.020827688903272801e-01    1.000000000000000036e-10
1.164589051999541207e-02    6.917105882080250012e-01    1.000000000000000036e-10
1.170572114265780103e-02    6.816114920569757984e-01    1.000000000000000036e-10
1.176585914442546468e-02    6.714037285929650434e-01    1.000000000000000036e-10
1.182630610445486487e-02    6.608452484730934495e-01    1.000000000000000036e-10
1.188706361001536094e-02    6.503536244004114453e-01    1.000000000000000036e-10
1.194813325653089342e-02    6.397513737914187759e-01    1.000000000000000036e-10
1.200951664762185851e-02    6.290309429052430845e-01    1.000000000000000036e-10
1.207121539514724971e-02    6.181955262636144033e-01    1.000000000000000036e-10
1.213323111924696079e-02    6.071452902015601616e-01    1.000000000000000036e-10
1.219556544838433336e-02    5.958889075602847862e-01    1.000000000000000036e-10
1.225822001938893166e-02    5.847120683085356152e-01    1.000000000000000036e-10
1.232119647749948740e-02    5.734279604241290240e-01    1.000000000000000036e-10
1.238449647640714642e-02    5.622488030355050626e-01    1.000000000000000036e-10
1.244812167829886795e-02    5.510831220240793860e-01    1.000000000000000036e-10
1.251207375390107727e-02    5.395824059159226582e-01    1.000000000000000036e-10
1.257635438252354201e-02    5.279016071569729851e-01    1.000000000000000036e-10
1.264096525210344456e-02    5.163305871818183457e-01    1.000000000000000036e-10
1.270590805924974240e-02    5.048050396810745966e-01    1.000000000000000036e-10
1.277118450928769848e-02    4.929455002176613698e-01    1.000000000000000036e-10
1.283679631630365789e-02    4.812225436864876471e-01    1.000000000000000036e-10
1.290274520319007606e-02    4.693559260928286125e-01    1.000000000000000036e-10
1.296903290169072395e-02    4.576883403664188665e-01    1.000000000000000036e-10
1.303566115244620717e-02    4.456691109267460482e-01    1.000000000000000036e-10
1.310263170503964472e-02    4.338115118988021823e-01    1.000000000000000036e-10
1.316994631804261837e-02    4.221656127749201515e-01    1.000000000000000036e-10
1.323760675906135269e-02    4.101437146053831806e-01    1.000000000000000036e-10
1.330561480478311548e-02    3.983456926637152784e-01    1.000000000000000036e-10
1.337397224102289742e-02    3.865180296097006640e-01    1.000000000000000036e-10
1.344268086277028949e-02    3.747646758961183933e-01    1.000000000000000036e-10
1.351174247423661892e-02    3.630864251301585965e-01    1.000000000000000036e-10
1.358115888890233311e-02    3.513724697123606355e-01    1.000000000000000036e-10
1.365093192956459180e-02    3.396997134538479735e-01    1.000000000000000036e-10
1.372106342838517838e-02    3.283270215659779834e-01    1.000000000000000036e-10
1.379155522693857432e-02    3.170277418809472336e-01    1.000000000000000036e-10
1.386240917626032840e-02    3.056712348016781822e-01    1.000000000000000036e-10
1.393362713689567066e-02    2.944644247951584415e-01    1.000000000000000036e-10
1.400521097894833963e-02    2.834489167245948793e-01    1.000000000000000036e-10
1.407716258212972880e-02    2.724934086313465231e-01    1.000000000000000036e-10
1.414948383580821867e-02    2.617411200671746485e-01    1.000000000000000036e-10
1.422217663905879677e-02    2.511404312290957397e-01    1.000000000000000036e-10
1.429524290071293620e-02    2.407294839463397784e-01    1.000000000000000036e-10
1.436868453940868574e-02    2.303867747442286396e-01    1.000000000000000036e-10
1.444250348364109308e-02    2.203537768566631860e-01    1.000000000000000036e-10
1.451670167181282056e-02    2.105089422499505369e-01    1.000000000000000036e-10
1.459128105228505411e-02    2.007812116091314825e-01    1.000000000000000036e-10
1.466624358342866197e-02    1.912638214265265091e-01    1.000000000000000036e-10
1.474159123367559804e-02    1.820449735943880654e-01    1.000000000000000036e-10
1.481732598157065733e-02    1.729781668672565886e-01    1.000000000000000036e-10
1.489344981582333381e-02    1.641932504199362652e-01    1.000000000000000036e-10
1.496996473536012749e-02    1.556369468514562371e-01    1.000000000000000036e-10
1.504687274937699382e-02    1.473249869641901633e-01    1.000000000000000036e-10
1.512417587739207751e-02    1.392731887505810617e-01    1.000000000000000036e-10
1.520187614929883156e-02    1.314513091716046911e-01    1.000000000000000036e-10
1.527997560541920728e-02    1.239246982175049722e-01    1.000000000000000036e-10
1.535847629655731107e-02    1.166381357542156244e-01    1.000000000000000036e-10
1.543738028405323807e-02    1.096033693199482406e-01    1.000000000000000036e-10
1.551668963983715913e-02    1.028518396812394542e-01    1.000000000000000036e-10
1.559640644648381362e-02    9.635828623535742932e-02    1.000000000000000036e-10
1.567653279726709259e-02    9.014912962776504279e-02    1.000000000000000036e-10
1.575707079621508841e-02    8.415842445517300596e-02    1.000000000000000036e-10
1.583802255816530585e-02    7.849411488787474966e-02    1.000000000000000036e-10
1.591939020882018191e-02    7.304200321101537996e-02    1.000000000000000036e-10
1.600117588480296643e-02    6.787611780908424375e-02    1.000000000000000036e-10
1.608338173371373983e-02    6.298574352053926129e-02    1.000000000000000036e-10
1.616600991418588179e-02    5.833389090490954249e-02    1.000000000000000036e-10
1.624906259594272387e-02    5.395444673592308255e-02    1.000000000000000036e-10
1.633254195985449006e-02    4.980614090502977903e-02    1.000000000000000036e-10
1.641645019799566063e-02    4.592291046612868161e-02    1.000000000000000036e-10
1.650078951370241229e-02    4.228290856118077645e-02    1.000000000000000036e-10
1.658556212163057181e-02    3.887878046568486040e-02    1.000000000000000036e-10
1.667077024781372929e-02    3.569667824960216090e-02    1.000000000000000036e-10
1.675641612972166017e-02    3.276012524400137571e-02    1.000000000000000036e-10
1.684250201631917743e-02    3.002540736951329545e-02    1.000000000000000036e-10
1.692903016812506711e-02    2.751231136951549916e-02    1.000000000000000036e-10
1.701600285727152689e-02    2.519816711242176335e-02    1.000000000000000036e-10
1.710342236756381973e-02    2.310192258268816898e-02    1.000000000000000036e-10
1.719129099454018428e-02    2.119304890317399645e-02    1.000000000000000036e-10
1.727961104553222757e-02    1.948006488855101234e-02    1.000000000000000036e-10
1.736838483972538358e-02    1.794560433489459511e-02    1.000000000000000036e-10
1.745761470821990263e-02    1.658262263014852189e-02    1.000000000000000036e-10
1.754730299409204206e-02    1.538420070475518715e-02    1.000000000000000036e-10
1.763745205245554476e-02    1.433814514312138286e-02    1.000000000000000036e-10
1.772806425052358623e-02    1.345756619739640544e-02    1.000000000000000036e-10
1.781914196767080821e-02    1.271334100374151531e-02    1.000000000000000036e-10
1.791068759549589717e-02    1.211340515222754897e-02    1.000000000000000036e-10
1.800270353788435349e-02    1.163829479998375153e-02    1.000000000000000036e-10
1.809519221107156600e-02    1.128536019909501947e-02    1.000000000000000036e-10
1.818815604370636885e-02    1.105041483916257075e-02    1.000000000000000036e-10
1.828159747691469883e-02    1.092547553302948039e-02    1.000000000000000036e-10
1.837551896436376633e-02    1.090121638506081833e-02    1.000000000000000036e-10
1.846992297232647948e-02    1.097580219469893731e-02    1.000000000000000036e-10
1.856481197974614930e-02    1.113528645764227942e-02    1.000000000000000036e-10
1.866018847830170496e-02    1.137986129418398079e-02    1.000000000000000036e-10
1.875605497247297138e-02    1.169659932126056873e-02    1.000000000000000036e-10
1.885241397960654361e-02    1.208382575638514145e-02    1.000000000000000036e-10
1.894926802998186249e-02    1.253879323268853110e-02    1.000000000000000036e-10
1.904661966687760943e-02    1.304352893519226085e-02    1.000000000000000036e-10
1.914447144663859041e-02    1.360929758629468231e-02    1.000000000000000036e-10
1.924282593874274486e-02    1.421750740968998061e-02    1.000000000000000036e-10
1.934168572586869930e-02    1.486753669721425919e-02    1.000000000000000036e-10
1.944105340396357767e-02    1.555782208337736991e-02    1.000000000000000036e-10
1.954093158231109614e-02    1.626824193842495159e-02    1.000000000000000036e-10
1.964132288360021308e-02    1.701449487491307061e-02    1.000000000000000036e-10
1.974222994399384493e-02    1.777791427064047761e-02    1.000000000000000036e-10
1.984365541319821000e-02    1.857149644503482133e-02    1.000000000000000036e-10
1.994560195453235624e-02    1.935673552051322965e-02    1.000000000000000036e-10
2.004807224499806015e-02    2.016609380967095133e-02    1.000000000000000036e-10
2.015106897535023575e-02    2.097783117163765781e-02    1.000000000000000036e-10
2.025459485016744068e-02    2.178706826730292603e-02    1.000000000000000036e-10
2.035865258792302762e-02    2.260875027018718550e-02    1.000000000000000036e-10
2.046324492105644488e-02    2.340549518647285290e-02    1.000000000000000036e-10
2.056837459604503315e-02    2.420627829316232896e-02    1.000000000000000036e-10
2.067404437347612062e-02    2.498741312668190800e-02    1.000000000000000036e-10
2.078025702811950662e-02    2.576403393769988170e-02    1.000000000000000036e-10
2.088701534900035128e-02    2.651996739003529419e-02    1.000000000000000036e-10
2.099432213947239820e-02    2.724980453108221887e-02    1.000000000000000036e-10
2.110218021729158913e-02    2.796867223026027957e-02    1.000000000000000036e-10
2.121059241469004999e-02    2.865391874745290210e-02    1.000000000000000036e-10
2.131956157845044803e-02    2.931064385975121200e-02    1.000000000000000036e-10
2.142909056998078612e-02    2.995388756289949286e-02    1.000000000000000036e-10
2.153918226538950945e-02    3.056744215483287244e-02    1.000000000000000036e-10
2.164983955556103526e-02    3.113662331991314675e-02    1.000000000000000036e-10
2.176106534623167138e-02    3.167715060030183022e-02    1.000000000000000036e-10
2.187286255806588156e-02    3.219469492733270655e-02    1.000000000000000036e-10
2.198523412673304700e-02    3.266402999648999883e-02    1.000000000000000036e-10
2.209818300298449154e-02    3.311389797891463316e-02    1.000000000000000036e-10
2.221171215273099950e-02    3.350898774653877921e-02    1.000000000000000036e-10
2.232582455712068745e-02    3.387377983542485399e-02    1.000000000000000036e-10
2.244052321261726449e-02    3.419398543822746439e-02    1.000000000000000036e-10
2.255581113107875402e-02    3.446801654821366606e-02    1.000000000000000036e-10
2.267169133983656590e-02    3.474186201010801001e-02    1.000000000000000036e-10
2.278816688177497801e-02    3.493571408077855711e-02    1.000000000000000036e-10
2.290524081541107232e-02    3.512326549332548536e-02    1.000000000000000036e-10
2.302291621497498317e-02    3.525542326897822265e-02    1.000000000000000036e-10
2.314119617049070071e-02    3.533118670222153840e-02    1.000000000000000036e-10
2.326008378785716230e-02    3.537391870899962015e-02    1.000000000000000036e-10
2.337958218892983303e-02    3.538458915891341816e-02    1.000000000000000036e-10
2.349969451160267842e-02    3.534713341089398830e-02    1.000000000000000036e-10
2.362042390989051860e-02    3.527908561333223392e-02    1.000000000000000036e-10
2.374177355401192735e-02    3.517234732729099950e-02    1.000000000000000036e-10
2.386374663047242245e-02    3.502471656876923051e-02    1.000000000000000036e-10
2.398634634214815917e-02    3.484389523125717286e-02    1.000000000000000036e-10
2.410957590837004352e-02    3.461944083077521384e-02    1.000000000000000036e-10
2.423343856500821333e-02    3.435974443040572951e-02    1.000000000000000036e-10
2.435793756455709169e-02    3.406608732360814212e-02    1.000000000000000036e-10
2.448307617622073884e-02    3.374669264958442966e-02    1.000000000000000036e-10
2.460885768599870710e-02    3.337689100041107970e-02    1.000000000000000036e-10
2.473528539677235724e-02    3.297185104389924182e-02    1.000000000000000036e-10
2.486236262839150099e-02    3.255563562229295271e-02    1.000000000000000036e-10
2.499009271776173047e-02    3.210359696557953113e-02    1.000000000000000036e-10
2.511847901893186213e-02    3.160127164330402832e-02    1.000000000000000036e-10
2.524752490318214748e-02    3.109908090870613581e-02    1.000000000000000036e-10
2.537723375911275434e-02    3.056452879533647082e-02    1.000000000000000036e-10
2.550760899273268531e-02    2.998881277297373374e-02    1.000000000000000036e-10
2.563865402754937281e-02    2.939886574677558206e-02    1.000000000000000036e-10
2.577037230465837117e-02    2.880916089520615953e-02    1.000000000000000036e-10
2.590276728283389188e-02    2.818280080766451257e-02    1.000000000000000036e-10
2.603584243861954695e-02    2.751949710543940414e-02    1.000000000000000036e-10
2.616960126641959539e-02    2.685031501479123728e-02    1.000000000000000036e-10
2.630404727859085579e-02    2.616392940355619784e-02    1.000000000000000036e-10
2.643918400553474379e-02    2.546723541402267851e-02    1.000000000000000036e-10
2.657501499579011453e-02    2.475748751395128941e-02    1.000000000000000036e-10
2.671154381612640683e-02    2.404223051273587583e-02    1.000000000000000036e-10
2.684877405163724196e-02    2.331118284197478824e-02    1.000000000000000036e-10
2.698670930583470587e-02    2.257105054160120014e-02    1.000000000000000036e-10
2.712535320074379100e-02    2.182532608874629756e-02    1.000000000000000036e-10
2.726470937699766034e-02    2.107761633049935746e-02    1.000000000000000036e-10
2.740478149393317520e-02    2.033119778007444478e-02    1.000000000000000036e-10
2.754557322968694683e-02    1.957409189289135987e-02    1.000000000000000036e-10
2.768708828129207156e-02    1.881499394773424733e-02    1.000000000000000036e-10
2.782933036477499775e-02    1.806225319378843355e-02    1.000000000000000036e-10
2.797230321525328786e-02    1.731874950296896296e-02    1.000000000000000036e-10
2.811601058703360953e-02    1.658084444096787416e-02    1.000000000000000036e-10
2.826045625371028866e-02    1.584232713813224502e-02    1.000000000000000036e-10
2.840564400826454602e-02    1.511418727212700611e-02    1.000000000000000036e-10
2.855157766316389692e-02    1.439405188169690618e-02    1.000000000000000036e-10
2.869826105046241818e-02    1.369464118199360120e-02    1.000000000000000036e-10
2.884569802190131704e-02    1.299709361132626514e-02    1.000000000000000036e-10
2.899389244901002041e-02    1.231667348997271712e-02    1.000000000000000036e-10
2.914284822320799620e-02    1.164785570683808148e-02    1.000000000000000036e-10
2.929256925590672384e-02    1.100235273289562957e-02    1.000000000000000036e-10
2.944305947861257378e-02    1.036330775623124124e-02    1.000000000000000036e-10
2.959432284302998192e-02    9.752386854758574725e-03    1.000000000000000036e-10
2.974636332116516180e-02    9.158473798544345540e-03    1.000000000000000036e-10
2.989918490543056265e-02    8.581989403207108263e-03    1.000000000000000036e-10
3.005279160874950450e-02    8.027133604929813371e-03    1.000000000000000036e-10
3.020718746466170834e-02    7.492167635297177809e-03    1.000000000000000036e-10
3.036237652742915585e-02    6.984050904189521326e-03    1.000000000000000036e-10
3.051836287214249391e-02    6.495313126488046554e-03    1.000000000000000036e-10
3.067515059482820577e-02    6.030696512948107053e-03    1.000000000000000036e-10
3.083274381255594887e-02    5.591077149024343065e-03    1.000000000000000036e-10
3.099114666354684661e-02    5.173505361648345069e-03    1.000000000000000036e-10
3.115036330728207861e-02    4.784716425285515627e-03    1.000000000000000036e-10
3.131039792461204341e-02    4.415359942904089653e-03    1.000000000000000036e-10
3.147125471786632600e-02    4.071974753059302322e-03    1.000000000000000036e-10
3.163293791096380425e-02    3.755030821600461189e-03    1.000000000000000036e-10
3.179545174952377873e-02    3.459453715904920769e-03    1.000000000000000036e-10
3.195880050097734543e-02    3.191703705511717785e-03    1.000000000000000036e-10
3.212298845467941033e-02    2.945903646025507111e-03    1.000000000000000036e-10
3.228801992202151583e-02    2.724108763737584284e-03    1.000000000000000036e-10
3.245389923654481285e-02    2.525968245190220954e-03    1.000000000000000036e-10
3.262063075405401830e-02    2.350755962807917106e-03    1.000000000000000036e-10
3.278821885273175418e-02    2.197973181531616763e-03    1.000000000000000036e-10
3.295666793325343485e-02    2.065387268613568146e-03    1.000000000000000036e-10
3.312598241890301470e-02    1.954004182803471216e-03    1.000000000000000036e-10
3.329616675568888851e-02    1.863431691842245630e-03    1.000000000000000036e-10
3.346722541246083954e-02    1.793860500136670129e-03    1.000000000000000036e-10
3.363916288102730690e-02    1.739904291353375687e-03    1.000000000000000036e-10
3.381198367627328422e-02    1.705374431757238421e-03    1.000000000000000036e-10
3.398569233627904418e-02    1.686155395739448752e-03    1.000000000000000036e-10
3.416029342243907113e-02    1.683232963592194535e-03    1.000000000000000036e-10
3.433579151958202763e-02    1.694252461848677182e-03    1.000000000000000036e-10
3.451219123609108874e-02    1.719141902244523869e-03    1.000000000000000036e-10
3.468949720402486614e-02    1.756238897930289828e-03    1.000000000000000036e-10
3.486771407923923427e-02    1.804645158298835749e-03    1.000000000000000036e-10
3.504684654150935080e-02    1.864224306784167994e-03    1.000000000000000036e-10
3.522689929465274566e-02    1.931257781352139699e-03    1.000000000000000036e-10
3.540787706665272927e-02    2.006673739954790200e-03    1.000000000000000036e-10
3.558978460978252933e-02    2.089329040629525798e-03    1.000000000000000036e-10
3.577262670073021178e-02    2.177525809341617196e-03    1.000000000000000036e-10
3.595640814072392777e-02    2.269426255133018613e-03    1.000000000000000036e-10
3.614113375565812525e-02    2.364946717724141986e-03    1.000000000000000036e-10
3.632680839622023927e-02    2.463474182888559984e-03    1.000000000000000036e-10
3.651343693801798601e-02    2.562736446348636357e-03    1.000000000000000036e-10
3.670102428170757269e-02    2.660864678460979436e-03    1.000000000000000036e-10
3.688957535312215041e-02    2.760870460379660080e-03    1.000000000000000036e-10
3.707909510340134940e-02    2.858053987643987583e-03    1.000000000000000036e-10
3.726958850912121674e-02    2.951415531721625699e-03    1.000000000000000036e-10
3.746106057242483411e-02    3.042513637688913555e-03    1.000000000000000036e-10
3.765351632115385150e-02    3.128362356778856442e-03    1.000000000000000036e-10
3.784696080898026366e-02    3.209769487418903753e-03    1.000000000000000036e-10
3.804139911553934550e-02    3.282976690385931966e-03    1.000000000000000036e-10
3.823683634656289965e-02    3.352520287398108676e-03    1.000000000000000036e-10
3.843327763401331587e-02    3.414631530474904024e-03    1.000000000000000036e-10
3.863072813621849788e-02    3.469427670959068007e-03    1.000000000000000036e-10
3.882919303800708155e-02    3.515357724303663257e-03    1.000000000000000036e-10
3.902867755084474255e-02    3.552805452419432672e-03    1.000000000000000036e-10
3.922918691297103133e-02    3.581154188042709463e-03    1.000000000000000036e-10
3.943072638953679099e-02    3.601268009149921623e-03    1.000000000000000036e-10
3.963330127274267145e-02    3.611435348067255652e-03    1.000000000000000036e-10
3.983691688197778247e-02    3.614351730684109160e-03    1.000000000000000036e-10
4.004157856395961640e-02    3.606011909966525854e-03    1.000000000000000036e-10
4.024729169287436653e-02    3.588866507013161941e-03    1.000000000000000036e-10
4.045406167051796009e-02    3.563609275415036831e-03    1.000000000000000036e-10
4.066189392643813211e-02    3.526748179599989950e-03    1.000000000000000036e-10
4.087079391807670742e-02    3.484071312059053120e-03    1.000000000000000036e-10
4.108076713091313170e-02    3.430157780756015046e-03    1.000000000000000036e-10
4.129181907860844658e-02    3.367940907267877836e-03    1.000000000000000036e-10
4.150395530314995862e-02    3.297662170788207177e-03    1.000000000000000036e-10
4.171718137499702550e-02    3.221924324997839546e-03    1.000000000000000036e-10
4.193150289322703644e-02    3.136389813293779822e-03    1.000000000000000036e-10
4.214692548568263475e-02    3.045554613096125747e-03    1.000000000000000036e-10
4.236345480911946071e-02    2.948767188539203055e-03    1.000000000000000036e-10
4.258109654935456762e-02    2.846280866057274150e-03    1.000000000000000036e-10
4.279985642141598268e-02    2.738608398756663988e-03    1.000000000000000036e-10
4.301974016969246917e-02    2.625971540355036705e-03    1.000000000000000036e-10
4.324075356808460002e-02    2.511092538207518841e-03    1.000000000000000036e-10
4.346290242015627553e-02    2.393500712328625567e-03    1.000000000000000036e-10
4.368619255928713613e-02    2.271889295758863173e-03    1.000000000000000036e-10
4.391062984882577319e-02    2.148668461997802273e-03    1.000000000000000036e-10
4.413622018224357124e-02    2.025515222078084088e-03    1.000000000000000036e-10
4.436296948328963263e-02    1.902118436715645152e-03    1.000000000000000036e-10
4.459088370614622959e-02    1.778283539452852474e-03    1.000000000000000036e-10
4.481996883558517220e-02    1.655745992061130861e-03    1.000000000000000036e-10
4.505023088712498125e-02    1.534876176720052126e-03    1.000000000000000036e-10
4.528167590718877589e-02    1.416162545987910805e-03    1.000000000000000036e-10
4.551430997326315342e-02    1.299801721794032047e-03    1.000000000000000036e-10
4.574813919405771451e-02    1.187863888875234858e-03    1.000000000000000036e-10
4.598316970966547651e-02    1.078215377688178248e-03    1.000000000000000036e-10
4.621940769172414726e-02    9.731337150430157323e-04    1.000000000000000036e-10
4.645685934357805108e-02    8.731298191733778344e-04    1.000000000000000036e-10
4.669553090044121363e-02    7.781491195002185378e-04    1.000000000000000036e-10
4.693542862956097406e-02    6.883148850771236621e-04    1.000000000000000036e-10
4.717655883038256170e-02    6.046633132669574804e-04    1.000000000000000036e-10
4.741892783471457484e-02    5.262017296553407174e-04    1.000000000000000036e-10
4.766254200689511167e-02    4.531850665902354336e-04    1.000000000000000036e-10
4.790740774395906704e-02    3.872768150649406535e-04    1.000000000000000036e-10
4.815353147580599125e-02    3.272715363896563966e-04    1.000000000000000036e-10
4.840091966536897577e-02    2.735435582844060161e-04    1.000000000000000036e-10
4.864957880878437863e-02    2.260183985585451116e-04    1.000000000000000036e-10
4.889951543556229213e-02    1.839017621333875546e-04    1.000000000000000036e-10
4.915073610875816956e-02    1.486418717174170566e-04    1.000000000000000036e-10
4.940324742514506928e-02    1.185765463228640072e-04    1.000000000000000036e-10
4.965705601538688424e-02    9.395122951357959154e-05    1.000000000000000036e-10
4.991216854421247351e-02    7.494514820974658073e-05    1.000000000000000036e-10
5.016859171059060568e-02    6.033440778259229544e-05    1.000000000000000036e-10
5.042633224790599167e-02    5.165608290281660498e-05    1.000000000000000036e-10
5.068539692413599751e-02    4.621538061996930281e-05    1.000000000000000036e-10
5.094579254202839802e-02    4.492687749203484119e-05    1.000000000000000036e-10
5.120752593928000473e-02    4.730890226497814609e-05    1.000000000000000036e-10
5.147060398871617509e-02    5.246158241404466329e-05    1.000000000000000036e-10
5.173503359847136940e-02    6.062361576378247103e-05    1.000000000000000036e-10
5.200082171217049881e-02    7.154593283473203297e-05    1.000000000000000036e-10
5.226797530911125172e-02    8.441645885209110177e-05    1.000000000000000036e-10
5.253650140444741934e-02    9.791980679799280277e-05    1.000000000000000036e-10
5.280640704937295676e-02    1.122411538467489508e-04    1.000000000000000036e-10
5.307769933130733475e-02    1.283547545143406932e-04    1.000000000000000036e-10
5.335038537408154369e-02    1.440247789586673736e-04    1.000000000000000036e-10
5.362447233812513842e-02    1.594487704669950493e-04    1.000000000000000036e-10
5.389996742065435859e-02    1.747461179397684762e-04    1.000000000000000036e-10
5.417687785586094984e-02    1.896854923267814316e-04    1.000000000000000036e-10
5.445521091510231726e-02    2.029658564730172287e-04    1.000000000000000036e-10
5.473497390709235189e-02    2.153423593633495563e-04    1.000000000000000036e-10
5.501617417809336746e-02    2.261485425456281515e-04    1.000000000000000036e-10
5.529881911210906414e-02    2.353890233446609675e-04    1.000000000000000036e-10
5.558291613107825546e-02    2.427985512246276989e-04    1.000000000000000036e-10
5.586847269506999003e-02    2.482375505283242103e-04    1.000000000000000036e-10
5.615549630247927693e-02    2.514454026289597295e-04    1.000000000000000036e-10
5.644399449022405313e-02    2.531442214223455882e-04    1.000000000000000036e-10
5.673397483394312241e-02    2.531624471697956308e-04    1.000000000000000036e-10
5.702544494819492688e-02    2.506044920520044219e-04    1.000000000000000036e-10
5.731841248665772715e-02    2.461306635519124758e-04    1.000000000000000036e-10
5.761288514233040697e-02    2.403247793921454252e-04    1.000000000000000036e-10
5.790887064773456855e-02    2.327191575757386909e-04    1.000000000000000036e-10
5.820637677511752289e-02    2.236658081766188151e-04    1.000000000000000036e-10
5.850541133665645294e-02    2.133511254888425677e-04    1.000000000000000036e-10
5.880598218466342314e-02    2.020094938040357306e-04    1.000000000000000036e-10
5.910809721179172832e-02    1.894742385395183472e-04    1.000000000000000036e-10
5.941176435124307514e-02    1.770349996397939689e-04    1.000000000000000036e-10
5.971699157697585997e-02    1.630419192633027670e-04    1.000000000000000036e-10
6.002378690391466098e-02    1.497875978347046951e-04    1.000000000000000036e-10
6.033215838816052140e-02    1.361121730913023324e-04    1.000000000000000036e-10
6.064211412720269673e-02    1.224130717058703082e-04    1.000000000000000036e-10
6.095366226013119310e-02    1.091995873691740872e-04    1.000000000000000036e-10
6.126681096785045744e-02    9.727979971640139212e-05    1.000000000000000036e-10
6.158156847329428890e-02    8.560972447183376076e-05    1.000000000000000036e-10
6.189794304164161071e-02    7.474723633962256292e-05    1.000000000000000036e-10
6.221594298053369915e-02    6.521084457504231565e-05    1.000000000000000036e-10
6.253557664029220364e-02    5.659534349275851785e-05    1.000000000000000036e-10
6.285685241413845048e-02    4.900773924091290934e-05    1.000000000000000036e-10
6.317977873841387759e-02    4.304892677008942799e-05    1.000000000000000036e-10
6.350436409280142691e-02    3.845865569027975795e-05    1.000000000000000036e-10
6.383061700054838694e-02    3.478945445287089208e-05    1.000000000000000036e-10
6.415854602869013046e-02    3.303588723197518976e-05    1.000000000000000036e-10
6.448815978827505957e-02    3.233074729632633208e-05    1.000000000000000036e-10
6.481946693459073039e-02    3.212093567566879872e-05    1.000000000000000036e-10
6.515247616739110181e-02    3.387905371652913470e-05    1.000000000000000036e-10
6.548719623112504717e-02    3.508882310146346599e-05    1.000000000000000036e-10
6.582363591516594836e-02    3.840582400713977941e-05    1.000000000000000036e-10
6.616180405404248344e-02    4.222192509265644431e-05    1.000000000000000036e-10
6.650170952767064936e-02    4.640124101869999823e-05    1.000000000000000036e-10
6.684336126158678393e-02    5.084300987702808361e-05    1.000000000000000036e-10
6.718676822718216979e-02    5.529901318205121503e-05    1.000000000000000036e-10
6.753193944193848497e-02    5.987417511440717662e-05    1.000000000000000036e-10
6.787888396966459958e-02    6.456215326085070253e-05    1.000000000000000036e-10
6.822761092073464928e-02    6.786827858618466036e-05    1.000000000000000036e-10
6.857812945232705237e-02    7.164768839094694784e-05    1.000000000000000036e-10
6.893044876866527559e-02    7.431170858121658384e-05    1.000000000000000036e-10
6.928457812125933535e-02    7.694748620650158064e-05    1.000000000000000036e-10
6.964052680914871452e-02    7.825096898239736307e-05    1.000000000000000036e-10
6.999830417914672254e-02    7.885150354282113578e-05    1.000000000000000036e-10
7.035791962608561878e-02    7.859120564290332056e-05    1.000000000000000036e-10
7.071938259306366492e-02    7.729082954682195460e-05    1.000000000000000036e-10
7.108270257169285733e-02    7.503688331689025858e-05    1.000000000000000036e-10
7.144788910234825541e-02    7.268565926322427941e-05    1.000000000000000036e-10
7.181495177441851729e-02    6.872780045136809212e-05    1.000000000000000036e-10
7.218390022655754579e-02    6.450450607106121440e-05    1.000000000000000036e-10
7.255474414693782736e-02    5.937080023065632536e-05    1.000000000000000036e-10
7.292749327350468713e-02    5.399020127429287642e-05    1.000000000000000036e-10
7.330215739423202870e-02    4.821588526505524993e-05    1.000000000000000036e-10
7.367874634737939243e-02    4.204060197806125452e-05    1.000000000000000036e-10
7.405727002175011009e-02    3.602176449940347957e-05    1.000000000000000036e-10
7.443773835695130514e-02    3.008039588689823834e-05    1.000000000000000036e-10
7.482016134365461479e-02    2.426219166545648821e-05    1.000000000000000036e-10
7.520454902385864671e-02    1.963601953400968714e-05    1.000000000000000036e-10
7.559091149115272634e-02    1.433932465207228594e-05    1.000000000000000036e-10
7.597925889098169905e-02    1.124781457741207640e-05    1.000000000000000036e-10
7.636960142091268888e-02    7.710342467018896137e-06    1.000000000000000036e-10
7.676194933090260686e-02    6.222908921990472708e-06    1.000000000000000036e-10
7.715631292356743554e-02    4.353635848794414135e-06    1.000000000000000036e-10
7.755270255445273486e-02    4.500124887261691337e-06    1.000000000000000036e-10
7.795112863230545253e-02    5.678767115218959696e-06    1.000000000000000036e-10
7.835160161934746903e-02    7.667643553237829898e-06    1.000000000000000036e-10
7.875413203155014197e-02    1.107845496123439974e-05    1.000000000000000036e-10
7.915873043891052951e-02    1.444803322163112902e-05    1.000000000000000036e-10
7.956540746572896006e-02    1.978299217776081266e-05    1.000000000000000036e-10
7.997417379088785083e-02    2.570397473613975507e-05    1.000000000000000036e-10
8.038504014813235843e-02    3.196581821340615707e-05    1.000000000000000036e-10
8.079801732635211176e-02    3.915164678198470530e-05    1.000000000000000036e-10
8.121311616986451321e-02    4.627263413021409150e-05    1.000000000000000036e-10
8.163034757869956637e-02    5.370101668048446052e-05    1.000000000000000036e-10
8.204972250888589724e-02    6.150247844761009804e-05    1.000000000000000036e-10
8.247125197273877384e-02    6.839913482508059098e-05    1.000000000000000036e-10
8.289494703914900009e-02    7.522871532397766917e-05    1.000000000000000036e-10
8.332081883387372490e-02    8.131965228734753365e-05    1.000000000000000036e-10
8.374887853982850017e-02    8.718332909672630595e-05    1.000000000000000036e-10
8.417913739738103196e-02    9.215209258204482186e-05    1.000000000000000036e-10
8.461160670464618061e-02    9.572363402285753557e-05    1.000000000000000036e-10
8.504629781778280662e-02    9.798499741175610859e-05    1.000000000000000036e-10
8.548322215129190715e-02    9.955117091439362302e-05    1.000000000000000036e-10
8.592239117831630690e-02    9.987634751754703743e-05    1.000000000000000036e-10
8.636381643094202809e-02    9.946382993287989976e-05    1.000000000000000036e-10
8.680750950050092341e-02    9.715875745086935411e-05    1.000000000000000036e-10
8.725348203787526569e-02    9.455200282540704838e-05    1.000000000000000036e-10
8.770174575380358661e-02    9.022400291474707949e-05    1.000000000000000036e-10
8.815231241918820848e-02    8.575379245044657524e-05    1.000000000000000036e-10
8.860519386540431641e-02    7.994375105997058098e-05    1.000000000000000036e-10
8.906040198461054325e-02    7.419925884442165785e-05    1.000000000000000036e-10
8.951794873006148345e-02    6.690610723883470086e-05    1.000000000000000036e-10
8.997784611642138664e-02    5.983007735189283677e-05    1.000000000000000036e-10
9.044010622007966904e-02    5.308954284130737255e-05    1.000000000000000036e-10
9.090474117946811816e-02    4.635675416072714846e-05    1.000000000000000036e-10
9.137176319537944347e-02    3.965341034838551471e-05    1.000000000000000036e-10
9.184118453128790882e-02    3.336554132217475126e-05    1.000000000000000036e-10
9.231301751367115838e-02    2.809105166969277489e-05    1.000000000000000036e-10
9.278727453233401312e-02    2.381642815472742152e-05    1.000000000000000036e-10
9.326396804073376623e-02    1.899514920099391969e-05    1.000000000000000036e-10
9.374311055630710210e-02    1.612025937975697279e-05    1.000000000000000036e-10
9.422471466079899993e-02    1.349444861430279509e-05    1.000000000000000036e-10
9.470879300059294181e-02    1.194374588363289390e-05    1.000000000000000036e-10
9.519535828704310532e-02    1.215030114907711831e-05    1.000000000000000036e-10
9.568442329680809655e-02    1.226913719247620807e-05    1.000000000000000036e-10
9.617600087218632077e-02    1.327296445387826425e-05    1.000000000000000036e-10
9.667010392145349018e-02    1.551235840008202222e-05    1.000000000000000036e-10
9.716674541920136687e-02    1.769740530172790943e-05    1.000000000000000036e-10
9.766593840667854576e-02    2.083702186570187664e-05    1.000000000000000036e-10
9.816769599213290287e-02    2.340959220415745958e-05    1.000000000000000036e-10
9.867203135115563961e-02    2.656375973673645295e-05    1.000000000000000036e-10
9.917895772702756130e-02    2.978733628625149165e-05    1.000000000000000036e-10
9.968848843106659086e-02    3.339035365006169946e-05    1.000000000000000036e-10
1.002006368429774336e-01    3.584875654998740448e-05    1.000000000000000036e-10
1.007154164112028516e-01    3.809233218677961674e-05    1.000000000000000036e-10
1.012328406532767427e-01    4.021694536670043855e-05    1.000000000000000036e-10
1.017529231561792591e-01    4.126985096380540328e-05    1.000000000000000036e-10
1.022756775766934939e-01    4.157883199775090047e-05    1.000000000000000036e-10
1.028011176417640699e-01    4.107615389848467236e-05    1.000000000000000036e-10
1.033292571488577116e-01    4.036725341122159423e-05    1.000000000000000036e-10
1.038601099663252619e-01    3.928189956674850295e-05    1.000000000000000036e-10
1.043936900337662371e-01    3.684974641708733067e-05    1.000000000000000036e-10
1.049300113623946318e-01    3.502124817038443887e-05    1.000000000000000036e-10
1.054690880354068327e-01    3.239144285130079169e-05    1.000000000000000036e-10
1.060109342083516148e-01    2.964353247348970572e-05    1.000000000000000036e-10
1.065555641095014688e-01    2.544320892161971667e-05    1.000000000000000036e-10
1.071029920402266911e-01    2.211760730991896293e-05    1.000000000000000036e-10
1.076532323753706111e-01    1.825704643106629922e-05    1.000000000000000036e-10
1.082062995636271369e-01    1.477662768661252421e-05    1.000000000000000036e-10
1.087622081279202568e-01    1.180407175060884093e-05    1.000000000000000036e-10
1.093209726657850961e-01    9.727291289872646459e-06    1.000000000000000036e-10
1.098826078497516512e-01    6.826334052468359711e-06    1.000000000000000036e-10
1.104471284277297599e-01    5.090094217580410975e-06    1.000000000000000036e-10
1.110145492233965414e-01    3.352420194888903123e-06    1.000000000000000036e-10
1.115848851365855571e-01    2.546342609887511339e-06    1.000000000000000036e-10
1.121581511436779560e-01    2.448434708223866407e-06    1.000000000000000036e-10
1.127343622979960353e-01    1.040814969118853585e-06    1.000000000000000036e-10
1.133135337301982987e-01    1.427490418814065644e-06    1.000000000000000036e-10
1.138956806486768059e-01    1.969955334076531287e-06    1.000000000000000036e-10
1.144808183399566165e-01    2.156424829693571730e-06    1.000000000000000036e-10
1.150689621690969694e-01    2.659542504076820523e-06    1.000000000000000036e-10
1.156601275800950568e-01    3.772142292520403017e-06    1.000000000000000036e-10
1.162543300962914083e-01    4.376645366570110114e-06    1.000000000000000036e-10
1.168515853207774680e-01    5.295912197602927020e-06    1.000000000000000036e-10
1.174519089368054880e-01    5.257708373895261583e-06    1.000000000000000036e-10
1.180553167082000338e-01    6.002706520153920364e-06    1.000000000000000036e-10
1.186618244797723043e-01    6.172928528725924125e-06    1.000000000000000036e-10
1.192714481777359947e-01    6.174688699913573443e-06    1.000000000000000036e-10
1.198842038101255031e-01    6.516734800213871409e-06    1.000000000000000036e-10
1.205001074672163858e-01    5.501207649189256866e-06    1.000000000000000036e-10
1.211191753219476169e-01    5.116376244945912668e-06    1.000000000000000036e-10
1.217414236303466235e-01    4.616878626697685764e-06    1.000000000000000036e-10
1.223668687319559162e-01    4.529874100205890092e-06    1.000000000000000036e-10
1.229955270502622322e-01    3.326848412763119430e-06    1.000000000000000036e-10
1.236274150931277460e-01    3.104466603122742450e-06    1.000000000000000036e-10
1.242625494532236391e-01    2.084894592253000706e-06    1.000000000000000036e-10
1.249009468084655849e-01    1.561380620330428607e-06    1.000000000000000036e-10
1.255426239224519958e-01    2.183350393025873120e-06    1.000000000000000036e-10
1.261875976449040315e-01    1.548437721242560172e-06    1.000000000000000036e-10
1.268358849121080933e-01    1.762786753892868016e-06    1.000000000000000036e-10
1.274875027473606204e-01    2.126040215819890554e-06    1.000000000000000036e-10
1.281424682614148158e-01    1.545828576758402373e-06    1.000000000000000036e-10
1.288007986529303706e-01    2.426067779349069962e-06    1.000000000000000036e-10
1.294625112089248242e-01    2.548128011998027872e-06    1.000000000000000036e-10
1.301276233052275633e-01    2.717968570382092095e-06    1.000000000000000036e-10
1.307961524069361781e-01    2.925766844127513200e-06    1.000000000000000036e-10
1.314681160688747352e-01    3.307170893127045251e-06    1.000000000000000036e-10
1.321435319360552418e-01    3.210626225148223104e-06    1.000000000000000036e-10
1.328224177441406639e-01    3.249816046381613512e-06    1.000000000000000036e-10
1.335047913199107206e-01    3.148119810367033406e-06    1.000000000000000036e-10
1.341906705817300649e-01    2.742359214905248947e-06    1.000000000000000036e-10
1.348800735400185191e-01    2.714056014054184577e-06    1.000000000000000036e-10
1.355730182977244735e-01    2.130885681627815574e-06    1.000000000000000036e-10
1.362695230507998401e-01    2.002978486700213147e-06    1.000000000000000036e-10
1.369696060886781142e-01    1.205600309507707848e-06    1.000000000000000036e-10
1.376732857947545463e-01    1.011386220206643381e-06    1.000000000000000036e-10
1.383805806468686450e-01    1.004839098604521327e-06    1.000000000000000036e-10
1.390915092177898438e-01    1.120156247292577552e-06    1.000000000000000036e-10
1.398060901757048613e-01    8.602310392385627842e-07    1.000000000000000036e-10
1.405243422847080037e-01    1.228142663607091181e-06    1.000000000000000036e-10
1.412462844052939648e-01    1.394308134261193201e-06    1.000000000000000036e-10
1.419719354948528189e-01    1.148135455902229889e-06    1.000000000000000036e-10
1.427013146081681227e-01    1.855623588897901598e-06    1.000000000000000036e-10
1.434344408979172092e-01    2.287055308155981719e-06    1.000000000000000036e-10
1.441713336151739522e-01    2.945417427735004374e-06    1.000000000000000036e-10
1.449120121099145286e-01    3.304397556066041992e-06    1.000000000000000036e-10
1.456564958315251235e-01    3.482800564988436905e-06    1.000000000000000036e-10
1.464048043293131596e-01    3.915474323938809139e-06    1.000000000000000036e-10
1.471569572530203318e-01    4.174628232115141152e-06    1.000000000000000036e-10
1.479129743533385832e-01    5.211007296549254232e-06    1.000000000000000036e-10
1.486728754824289123e-01    4.250419232847816757e-06    1.000000000000000036e-10
1.494366805944423726e-01    4.892616178507381621e-06    1.000000000000000036e-10
1.502044097460443761e-01    4.331133471217674653e-06    1.000000000000000036e-10
1.509760830969412160e-01    4.182083583005093637e-06    1.000000000000000036e-10
1.517517209104093379e-01    3.643275457906351228e-06    1.000000000000000036e-10
1.525313435538277196e-01    3.218087962383577499e-06    1.000000000000000036e-10
1.533149714992121659e-01    2.529884887793569537e-06    1.000000000000000036e-10
1.541026253237535171e-01    2.384317387509933583e-06    1.000000000000000036e-10
1.548943257103575777e-01    1.637876505783347531e-06    1.000000000000000036e-10
1.556900934481883492e-01    1.302835089411124128e-06    1.000000000000000036e-10
1.564899494332139818e-01    1.312181685041744178e-06    1.000000000000000036e-10
1.572939146687551415e-01    1.324084676191698647e-06    1.000000000000000036e-10
1.581020102660371240e-01    1.284565152841958119e-06    1.000000000000000036e-10
1.589142574447437450e-01    1.196511215602773658e-06    1.000000000000000036e-10
1.597306775335746998e-01    1.394434019755440516e-06    1.000000000000000036e-10
1.605512919708056985e-01    1.599400044655020361e-06    1.000000000000000036e-10
1.613761223048511273e-01    1.669504908004862264e-06    1.000000000000000036e-10
1.622051901948303176e-01    2.119399771916845935e-06    1.000000000000000036e-10
1.630385174111359248e-01    2.448094322042545467e-06    1.000000000000000036e-10
1.638761258360058592e-01    2.644843128464992530e-06    1.000000000000000036e-10
1.647180374640977440e-01    2.007241553466748918e-06    1.000000000000000036e-10
1.655642744030662861e-01    2.633669582438042523e-06    1.000000000000000036e-10
1.664148588741442558e-01    2.382778904081535816e-06    1.000000000000000036e-10
1.672698132127256043e-01    1.945067215837774872e-06    1.000000000000000036e-10
1.681291598689521882e-01    1.837845848562373003e-06    1.000000000000000036e-10
1.689929214083032150e-01    1.703650830747612910e-06    1.000000000000000036e-10
1.698611205121875189e-01    1.564757010545388365e-06    1.000000000000000036e-10
1.707337799785397237e-01    1.463275293331577277e-06    1.000000000000000036e-10
1.716109227224183742e-01    1.042635830166171068e-06    1.000000000000000036e-10
1.724925717766079558e-01    9.778066086547355269e-07    1.000000000000000036e-10
1.733787502922236323e-01    1.053852230647048594e-06    1.000000000000000036e-10
1.742694815393189267e-01    1.002245951249697737e-06    1.000000000000000036e-10
1.751647889074971765e-01    9.528387865953374158e-07    1.000000000000000036e-10
1.760646959065254868e-01    5.788647283985003432e-07    1.000000000000000036e-10
1.769692261669521260e-01    3.703302387979290952e-07    1.000000000000000036e-10
1.778784034407269732e-01    5.207576196257655525e-07    1.000000000000000036e-10
1.787922516018254082e-01    8.924722646994332251e-07    1.000000000000000036e-10
1.797107946468747275e-01    7.681916951026949689e-07    1.000000000000000036e-10
1.806340566957849725e-01    9.603110813861271736e-07    1.000000000000000036e-10
1.815620619923817569e-01    9.763144440355109688e-07    1.000000000000000036e-10
1.824948349050431184e-01    9.036317951737304268e-07    1.000000000000000036e-10
1.834323999273393957e-01    5.947511034036535307e-07    1.000000000000000036e-10
1.843747816786761307e-01    4.733410023634569247e-07    1.000000000000000036e-10
1.853220049049409679e-01    4.307852242311651855e-07    1.000000000000000036e-10
1.862740944791532183e-01    8.575607403797729874e-07    1.000000000000000036e-10
1.872310754021170032e-01    7.686680654816215926e-07    1.000000000000000036e-10
1.881929728030778681e-01    7.119220471020606399e-07    1.000000000000000036e-10
1.891598119403822831e-01    2.069824056279702757e-07    1.000000000000000036e-10
1.901316182021414725e-01    4.137153774453316883e-07    1.000000000000000036e-10
1.911084171068976323e-01    8.062069909218076701e-08    1.000000000000000036e-10
1.920902343042941995e-01    4.905403116510368426e-07    1.000000000000000036e-10
1.930770955757494522e-01    9.387120630717142946e-07    1.000000000000000036e-10
1.940690268351330516e-01    8.013461028733253865e-07    1.000000000000000036e-10
1.950660541294471917e-01    7.101244507337097372e-07    1.000000000000000036e-10
1.960682036395101357e-01    8.434296139089243758e-07    1.000000000000000036e-10
1.970755016806437498e-01    7.048270484226926060e-07    1.000000000000000036e-10
1.980879747033646998e-01    1.306401422223876494e-06    1.000000000000000036e-10
1.991056492940784794e-01    3.689230383451877434e-07    1.000000000000000036e-10
2.001285521757782959e-01    4.371082214191467166e-07    1.000000000000000036e-10
2.011567102087462866e-01    7.871052185226814029e-07    1.000000000000000036e-10
2.021901503912589826e-01    4.382964592470790542e-07    1.000000000000000036e-10
2.032288998602963248e-01    4.281677309719739329e-07    1.000000000000000036e-10
2.042729858922538722e-01    5.568341712367525711e-07    1.000000000000000036e-10
2.053224359036595892e-01    1.547155331009160816e-07    1.000000000000000036e-10
2.063772774518934650e-01    2.489012546646058812e-07    1.000000000000000036e-10
2.074375382359112396e-01    2.548958474958048684e-07    1.000000000000000036e-10
2.085032460969717116e-01    1.016155968328133840e-06    1.000000000000000036e-10
2.095744290193675974e-01    6.877909244505333406e-07    1.000000000000000036e-10
2.106511151311608043e-01    5.353385881951707786e-07    1.000000000000000036e-10
2.117333327049207847e-01    7.354697736378092757e-07    1.000000000000000036e-10
2.128211101584669696e-01    3.802321157785840096e-07    1.000000000000000036e-10
2.139144760556150604e-01    8.963303703043875881e-07    1.000000000000000036e-10
2.150134591069267076e-01    1.650889999262849972e-06    1.000000000000000036e-10
2.161180881704641010e-01    1.719841037306964558e-07    1.000000000000000036e-10
2.172283922525472255e-01    9.494060315481700026e-07    1.000000000000000036e-10
2.183444005085156681e-01    4.337244486940214584e-07    1.000000000000000036e-10
2.194661422434943665e-01    5.528890192773199746e-07    1.000000000000000036e-10
2.205936469131626887e-01    6.199249969449030774e-07    1.000000000000000036e-10
2.217269441245284245e-01    7.837967870694566046e-07    1.000000000000000036e-10
2.228660636367050252e-01    4.817567754356508509e-07    1.000000000000000036e-10
2.240110353616929506e-01    4.619747293170313053e-07    1.000000000000000036e-10
2.251618893651653464e-01    1.205406497055711306e-07    1.000000000000000036e-10
2.263186558672570237e-01    3.642906232235512896e-07    1.000000000000000036e-10
2.274813652433587408e-01    2.720890541419988328e-07    1.000000000000000036e-10
2.286500480249143430e-01    1.653329189170286040e-06    1.000000000000000036e-10
2.298247349002226492e-01    5.457662425311478609e-07    1.000000000000000036e-10
2.310054567152432237e-01    2.398288478020625360e-07    1.000000000000000036e-10
2.321922444744062008e-01    1.459729954432093318e-06    1.000000000000000036e-10
2.333851293414268002e-01    4.406693217779619764e-07    1.000000000000000036e-10
2.345841426401234497e-01    -6.506755822318637434e-08    1.000000000000000036e-10
2.357893158552402668e-01    1.271892070208518634e-06    1.000000000000000036e-10
2.370006806332739524e-01    3.937808857096020672e-07    1.000000000000000036e-10
2.382182687833044321e-01    4.187361913638419466e-07    1.000000000000000036e-10
2.394421122778306876e-01    3.663238328428717304e-07    1.000000000000000036e-10
2.406722432536099465e-01    8.958690663361309311e-08    1.000000000000000036e-10
2.419086940125015905e-01    -2.422247358146578972e-08    1.000000000000000036e-10
2.431514970223155880e-01    5.793629365368862525e-07    1.000000000000000036e-10
2.444006849176645346e-01    4.193564911816089403e-09    1.000000000000000036e-10
2.456562905008212450e-01    1.397242476019323857e-06    1.000000000000000036e-10
2.469183467425797862e-01    4.471854189675642249e-07    1.000000000000000036e-10
2.481868867831212300e-01    1.467013584359903065e-06    1.000000000000000036e-10
2.494619439328840671e-01    8.140611729534985712e-07    1.000000000000000036e-10
2.507435516734383696e-01    3.372537153770732952e-07    1.000000000000000036e-10
2.520317436583658366e-01    2.623393439782350728e-07    1.000000000000000036e-10
2.533265537141428103e-01    7.756439969587453358e-07    1.000000000000000036e-10
2.546280158410287320e-01    4.012031087960190818e-07    1.000000000000000036e-10
2.559361642139592607e-01    1.289633011221734066e-07    1.000000000000000036e-10
2.572510331834428343e-01    -2.098779229407088124e-07    1.000000000000000036e-10
2.585726572764636133e-01    -6.105320546214801846e-08    1.000000000000000036e-10
2.599010711973876453e-01    2.809422640373403160e-09    1.000000000000000036e-10
2.612363098288742469e-01    2.234511053448152133e-06    1.000000000000000036e-10
2.625784082327919378e-01    -5.617546205549037655e-07    1.000000000000000036e-10
2.639274016511393706e-01    5.201525223227361219e-07    1.000000000000000036e-10
2.652833255069700358e-01    6.157783839122861782e-07    1.000000000000000036e-10
2.666462154053234057e-01    -1.815327289780251179e-08    1.000000000000000036e-10
2.680161071341592982e-01    3.492301378740345892e-07    1.000000000000000036e-10
2.693930366652976804e-01    1.048649235704377764e-06    1.000000000000000036e-10
2.707770401553635242e-01    -7.644172598840068569e-07    1.000000000000000036e-10
2.721681539467355471e-01    1.120593761687561249e-06    1.000000000000000036e-10
2.735664145685013926e-01    -7.668079329519568090e-08    1.000000000000000036e-10
2.749718587374164191e-01    7.607893324292698761e-07    1.000000000000000036e-10
2.763845233588678729e-01    -4.073641051166224493e-06    1.000000000000000036e-10
2.778044455278440017e-01    9.634847638189210506e-07    1.000000000000000036e-10
2.792316625299077204e-01    4.258551909424149435e-07    1.000000000000000036e-10
2.806662118421766605e-01    5.416854713713721091e-06    1.000000000000000036e-10
2.821081311343063280e-01    9.006071556620690282e-08    1.000000000000000036e-10
2.835574582694797563e-01    6.402621102003865231e-07    1.000000000000000036e-10
2.850142313054017662e-01    -6.159160853997068337e-06    1.000000000000000036e-10
2.864784884952976673e-01    1.604283712612027503e-06    1.000000000000000036e-10
2.879502682889188425e-01    1.565031287864335649e-06    1.000000000000000036e-10
2.894296093335515518e-01    8.645843523355660130e-07    1.000000000000000036e-10
2.909165504750320097e-01    -2.047951577649818817e-06    1.000000000000000036e-10
2.924111307587666242e-01    2.231606628523749118e-06    1.000000000000000036e-10
2.939133894307566774e-01    -9.610358280060424569e-06    1.000000000000000036e-10
2.954233659386298338e-01    9.148321499127327999e-07    1.000000000000000036e-10
2.969410999326751455e-01    1.907921506620523907e-06    1.000000000000000036e-10
2.984666312668846633e-01    4.854924314994577396e-06    1.000000000000000036e-10
2.999999999999999334e-01    -9.997677301408382685e-07    1.000000000000000036e-10
