4.999999999999999237e-03    1.000024129985754184e+00    1.000000000000000036e-10
5.025687439942728117e-03    9.999060279016326325e-01    1.000000000000000036e-10
5.051506848799613807e-03    9.997162076120592600e-01    1.000000000000000036e-10
5.077458904559377893e-03    1.000075707316004481e+00    1.000000000000000036e-10
5.103544288693881090e-03    1.000116723466945023e+00    1.000000000000000036e-10
5.129763686176056804e-03    9.998614087729581490e-01    1.000000000000000036e-10
5.156117785497863794e-03    9.999407222781253601e-01    1.000000000000000036e-10
5.182607278688381065e-03    9.998422747246349385e-01    1.000000000000000036e-10
5.209232861331992114e-03    9.996661307985067468e-01    1.000000000000000036e-10
5.235995232586617733e-03    1.000077029617129520e+00    1.000000000000000036e-10
5.262895095202113627e-03    1.000015704631522118e+00    1.000000000000000036e-10
5.289933155538690569e-03    9.996344940854492434e-01    1.000000000000000036e-10
5.317110123585475079e-03    1.000060322979398064e+00    1.000000000000000036e-10
5.344426712979170706e-03    1.000278453305915694e+00    1.000000000000000036e-10
5.371883641022758352e-03    9.999628439495024113e-01    1.000000000000000036e-10
5.399481628704377867e-03    1.000094085001151711e+00    1.000000000000000036e-10
5.427221400716220057e-03    9.998374639478242454e-01    1.000000000000000036e-10
5.455103685473572210e-03    1.000040193451769754e+00    1.000000000000000036e-10
5.483129215133963376e-03    9.999433614987375263e-01    1.000000000000000036e-10
5.511298725616353006e-03    9.997876590325596169e-01    1.000000000000000036e-10
5.539612956620493939e-03    9.999962529919337317e-01    1.000000000000000036e-10
5.568072651646324006e-03    9.999487829214345203e-01    1.000000000000000036e-10
5.596678558013501621e-03    9.998387061905763540e-01    1.000000000000000036e-10
5.625431426881047185e-03    9.996556922703450088e-01    1.000000000000000036e-10
5.654332013267030464e-03    9.999114505648329931e-01    1.000000000000000036e-10
5.683381076068439244e-03    9.999728552993726316e-01    1.000000000000000036e-10
5.712579378081068804e-03    9.998894528742471310e-01    1.000000000000000036e-10
5.741927686019568378e-03    9.996496154282863422e-01    1.000000000000000036e-10
5.771426770537591705e-03    1.000044878452917452e+00    1.000000000000000036e-10
5.801077406247993548e-03    9.996243682084925419e-01    1.000000000000000036e-10
5.830880371743217029e-03    1.000326797493120479e+00    1.000000000000000036e-10
5.860836449615694846e-03    1.000000187252398920e+00    1.000000000000000036e-10
5.890946426478419623e-03    1.000528533557206279e+00    1.000000000000000036e-10
5.921211092985619213e-03    9.997208646139142951e-01    1.000000000000000036e-10
5.951631243853470164e-03    1.000194906775434767e+00    1.000000000000000036e-10
5.982207677881021084e-03    9.998495111506311428e-01    1.000000000000000036e-10
6.012941197971120345e-03    1.000116183910837897e+00    1.000000000000000036e-10
6.043832611151522469e-03    9.999485157969120186e-01    1.000000000000000036e-10
6.074882728596094246e-03    9.999577573665692221e-01    1.000000000000000036e-10
6.106092365646074646e-03    9.999745702839565320e-01    1.000000000000000036e-10
6.137462341831531609e-03    1.000038321870994507e+00    1.000000000000000036e-10
6.168993480892842260e-03    9.997956660417252062e-01    1.000000000000000036e-10
6.200686610802340522e-03    9.998003359613576446e-01    1.000000000000000036e-10
6.232542563786073152e-03    1.000027283022561830e+00    1.000000000000000036e-10
6.264562176345617357e-03    9.999408147483801468e-01    1.000000000000000036e-10
6.296746289280090968e-03    1.000023222152049529e+00    1.000000000000000036e-10
6.329095747708186892e-03    1.000115973192850616e+00    1.000000000000000036e-10
6.361611401090387120e-03    9.998868413171569935e-01    1.000000000000000036e-10
6.394294103251284278e-03    9.997538641414921434e-01    1.000000000000000036e-10
6.427144712401960426e-03    9.999152793402137362e-01    1.000000000000000036e-10
6.460164091162570559e-03    1.000158451299498985e+00    1.000000000000000036e-10
6.493353106584952121e-03    1.000067115222142755e+00    1.000000000000000036e-10
6.526712630175411471e-03    1.000093998114118365e+00    1.000000000000000036e-10
6.560243537917627432e-03    9.999122197522682942e-01    1.000000000000000036e-10
6.593946710295606889e-03    9.996936786738366276e-01    1.000000000000000036e-10
6.627823032316861561e-03    9.997929915538397161e-01    1.000000000000000036e-10
6.661873393535596051e-03    1.000077320563406813e+00    1.000000000000000036e-10
6.696098688076090183e-03    9.997894381248451090e-01    1.000000000000000036e-10
6.730499814656197566e-03    9.999387144068515587e-01    1.000000000000000036e-10
6.765077676610896200e-03    9.999143418370995962e-01    1.000000000000000036e-10
6.799833181916063729e-03    1.000066480508700728e+00    1.000000000000000036e-10
6.834767243212271776e-03    1.000210618752614522e+00    1.000000000000000036e-10
6.869880777828773696e-03    9.999127193439429906e-01    1.000000000000000036e-10
6.905174707807610300e-03    9.999262884421877828e-01    1.000000000000000036e-10
6.940649959927773678e-03    9.997588250243679697e-01    1.000000000000000036e-10
6.976307465729603488e-03    1.000036197818129358e+00    1.000000000000000036e-10
7.012148161539191044e-03    9.997400269224331337e-01    1.000000000000000036e-10
7.048172988492994173e-03    9.997132249098205081e-01    1.000000000000000036e-10
7.084382892562569173e-03    9.999485866884588736e-01    1.000000000000000036e-10
7.120778824579360872e-03    9.997687859374368990e-01    1.000000000000000036e-10
7.157361740259727753e-03    9.999389154420329495e-01    1.000000000000000036e-10
7.194132600229988760e-03    1.000013245938980555e+00    1.000000000000000036e-10
7.231092370051667856e-03    1.000319779293726619e+00    1.000000000000000036e-10
7.268242020246873034e-03    9.996316718248287048e-01    1.000000000000000036e-10
7.305582526323727358e-03    1.000088887604160481e+00    1.000000000000000036e-10
7.343114868802044608e-03    9.997488606610980266e-01    1.000000000000000036e-10
7.380840033239026605e-03    1.000176163445197108e+00    1.000000000000000036e-10
7.418759010255161768e-03    1.000232738815718392e+00    1.000000000000000036e-10
7.456872795560262439e-03    1.000131917793698477e+00    1.000000000000000036e-10
7.495182389979559469e-03    9.997838865810171338e-01    1.000000000000000036e-10
7.533688799480038785e-03    1.000084359281284918e+00    1.000000000000000036e-10
7.572393035196808321e-03    9.998009292851817165e-01    1.000000000000000036e-10
7.611296113459671379e-03    1.000050394027717227e+00    1.000000000000000036e-10
7.650399055819835301e-03    9.998651325860634653e-01    1.000000000000000036e-10
7.689702889076683451e-03    9.997708953092768747e-01    1.000000000000000036e-10
7.729208645304799612e-03    9.999680970315887318e-01    1.000000000000000036e-10
7.768917361881016656e-03    1.000009611966280021e+00    1.000000000000000036e-10
7.808830081511676860e-03    9.999349938575311514e-01    1.000000000000000036e-10
7.848947852260037064e-03    9.999394875617160228e-01    1.000000000000000036e-10
7.889271727573737153e-03    9.998770690162166463e-01    1.000000000000000036e-10
7.929802766312520068e-03    9.997602417995483659e-01    1.000000000000000036e-10
7.970542032775987384e-03    1.000005587115220473e+00    1.000000000000000036e-10
8.011490596731564787e-03    1.000006583500889557e+00    1.000000000000000036e-10
8.052649533442620203e-03    1.000034474040256027e+00    1.000000000000000036e-10
8.094019923696640917e-03    9.998589957690279251e-01    1.000000000000000036e-10
8.135602853833683035e-03    9.999396434844913806e-01    1.000000000000000036e-10
8.177399415774831357e-03    1.000064305517612162e+00    1.000000000000000036e-10
8.219410707050907317e-03    1.000087850109893761e+00    1.000000000000000036e-10
8.261637830831305290e-03    1.000088788605165036e+00    1.000000000000000036e-10
8.304081895952906966e-03    1.000227091445962779e+00    1.000000000000000036e-10
8.346744016949264600e-03    9.999773249144421339e-01    1.000000000000000036e-10
8.389625314079798141e-03    1.000291923685900475e+00    1.000000000000000036e-10
8.432726913359282067e-03    9.999489091899855797e-01    1.000000000000000036e-10
8.476049946587353029e-03    1.000057591585364447e+00    1.000000000000000036e-10
8.519595551378249948e-03    9.999080979475152287e-01    1.000000000000000036e-10
8.563364871190722385e-03    9.998003411141355157e-01    1.000000000000000036e-10
8.607359055357990951e-03    9.999028075931338799e-01    1.000000000000000036e-10
8.651579259117992207e-03    1.000134850681372978e+00    1.000000000000000036e-10
8.696026643643661735e-03    9.997304345558484240e-01    1.000000000000000036e-10
8.740702376073446189e-03    9.997791891468646996e-01    1.000000000000000036e-10
8.785607629541976674e-03    9.997365285904115106e-01    1.000000000000000036e-10
8.830743583210814984e-03    1.000093777310038234e+00    1.000000000000000036e-10
8.876111422299487810e-03    9.999961962606818133e-01    1.000000000000000036e-10
8.921712338116543489e-03    1.000070308132961827e+00    1.000000000000000036e-10
8.967547528090868969e-03    9.997470775143426636e-01    1.000000000000000036e-10
9.013618195803149019e-03    1.000197096580075051e+00    1.000000000000000036e-10
9.059925551017424319e-03    9.999344147900680602e-01    1.000000000000000036e-10
9.106470809712885472e-03    9.997425977524968532e-01    1.000000000000000036e-10
9.153255194115826610e-03    1.000011711571366479e+00    1.000000000000000036e-10
9.200279932731682264e-03    1.000069417725804488e+00    1.000000000000000036e-10
9.247546260377348740e-03    9.999257117504343206e-01    1.000000000000000036e-10
9.295055418213548845e-03    1.000011860760261273e+00    1.000000000000000036e-10
9.342808653777488065e-03    1.000260577512805282e+00    1.000000000000000036e-10
9.390807221015550627e-03    9.996421586141193139e-01    1.000000000000000036e-10
9.439052380316255778e-03    1.000045842200354196e+00    1.000000000000000036e-10
9.487545398543384065e-03    9.999236522465760890e-01    1.000000000000000036e-10
9.536287549069173003e-03    9.998593099916484039e-01    1.000000000000000036e-10
9.585280111807835401e-03    9.997715392255390743e-01    1.000000000000000036e-10
9.634524373249093304e-03    1.000430162169146486e+00    1.000000000000000036e-10
9.684021626492001628e-03    1.000221526698296781e+00    1.000000000000000036e-10
9.733773171278920985e-03    1.000018639419162803e+00    1.000000000000000036e-10
9.783780314029584188e-03    9.999408025953993029e-01    1.000000000000000036e-10
9.834044367875481932e-03    9.996073834736287633e-01    1.000000000000000036e-10
9.884566652694267569e-03    1.000001346848349959e+00    1.000000000000000036e-10
9.935348495144453312e-03    9.995547132014064307e-01    1.000000000000000036e-10
9.986391228700274708e-03    9.994227525366307097e-01    1.000000000000000036e-10
1.003769619368663490e-02    9.973945103699801695e-01    1.000000000000000036e-10
1.008926473731436638e-02    9.923266005856897776e-01    1.000000000000000036e-10
1.014109821371557071e-02    9.832827382001355643e-01    1.000000000000000036e-10
1.019319798397919259e-02    9.709196172521489254e-01    1.000000000000000036e-10
1.024556541618675334e-02    9.578078908732793328e-01    1.000000000000000036e-10
1.029820188544826667e-02    9.452469049879171914e-01    1.000000000000000036e-10
1.035110877393837121e-02    9.340727155660665249e-01    1.000000000000000036e-10
1.040428747093260359e-02    9.238004932939758440e-01    1.000000000000000036e-10
1.045773937284389180e-02    9.143049018041399245e-01    1.000000000000000036e-10
1.051146588325921859e-02    9.051367988930018038e-01    1.000000000000000036e-10
1.056546841297646526e-02    8.965645835697144683e-01    1.000000000000000036e-10
1.061974838004148616e-02    8.879098369250942868e-01    1.000000000000000036e-10
1.067430720978532026e-02    8.794232707804863214e-01    1.000000000000000036e-10
1.072914633486163512e-02    8.710777886984436558e-01    1.000000000000000036e-10
1.078426719528433574e-02    8.625171403211638887e-01    1.000000000000000036e-10
1.083967123846537109e-02    8.539926796376083873e-01    1.000000000000000036e-10
1.089535991925276448e-02    8.453783808719067538e-01    1.000000000000000036e-10
1.095133469996880347e-02    8.365022556935656217e-01    1.000000000000000036e-10
1.100759705044843106e-02    8.276151086936563983e-01    1.000000000000000036e-10
1.106414844807786062e-02    8.186739505961592167e-01    1.000000000000000036e-10
1.112099037783334174e-02    8.093201117115474963e-01    1.000000000000000036e-10
1.117812433232018635e-02    8.003029806021487724e-01    1.000000000000000036e-10
1.123555181181194740e-02    7.905674926621480969e-01    1.000000000000000036e-10
1.129327432428980753e-02    7.811097970441647220e-01    1.000000000000000036e-10
1.135129338548219839e-02    7.715660235673280631e-01    1.000000000000000036e-10
1.140961051890456573e-02    7.610158067877196286e-01    1.000000000000000036e-10
1.146822725589941722e-02    7.511743937027222096e-01    1.000000000000000036e-10
1.152714513567650728e-02    7.409525226751745297e-01    1.000000000000000036e-10
1.158636570535326142e-02    7.303639131451555855e-01    1.000000000000000036e-10
1.164589051999541207e-02    7.193123169990579546e-01    1.000000000000000036e-10
1.170572114265780103e-02    7.083740298133401891e-01    1.000000000000000036e-10
1.176585914442546468e-02    6.971938536024817612e-01    1.000000000000000036e-10
1.182630610445486487e-02    6.856020350487227466e-01    1.000000000000000036e-10
1.188706361001536094e-02    6.741628217982716942e-01    1.000000000000000036e-10
1.194813325653089342e-02    6.625367066273453176e-01    1.000000000000000036e-10
1.200951664762185851e-02    6.504060956834651908e-01    1.000000000000000036e-10
1.207121539514724971e-02    6.379957586137854353e-01    1.000000000000000036e-10
1.213323111924696079e-02    6.256719722953493212e-01    1.000000000000000036e-10
1.219556544838433336e-02    6.130950553705503125e-01    1.000000000000000036e-10
1.225822001938893166e-02    6.004323740807473442e-01    1.000000000000000036e-10
1.232119647749948740e-02    5.873044035908355776e-01    1.000000000000000036e-10
1.238449647640714642e-02    5.740183145657712371e-01    1.000000000000000036e-10
1.244812167829886795e-02    5.607491943166880155e-01    1.000000000000000036e-10
1.251207375390107727e-02    5.472046435598736380e-01    1.000000000000000036e-10
1.257635438252354201e-02    5.336975650037800722e-01    1.000000000000000036e-10
1.264096525210344456e-02    5.197678217424044345e-01    1.000000000000000036e-10
1.270590805924974240e-02    5.059079460545848894e-01    1.000000000000000036e-10
1.277118450928769848e-02    4.916732178754887883e-01    1.000000000000000036e-10
1.283679631630365789e-02    4.776939273559904220e-01    1.000000000000000036e-10
1.290274520319007606e-02    4.634203189678108847e-01    1.000000000000000036e-10
1.296903290169072395e-02    4.489959886760617747e-01    1.000000000000000036e-10
1.303566115244620717e-02    4.348710726929327364e-01    1.000000000000000036e-10
1.310263170503964472e-02    4.204309735593159680e-01    1.000000000000000036e-10
1.316994631804261837e-02    4.060171790239505696e-01    1.000000000000000036e-10
1.323760675906135269e-02    3.916360109910416165e-01    1.000000000000000036e-10
1.330561480478311548e-02    3.772002077310422363e-01    1.000000000000000036e-10
1.337397224102289742e-02    3.629143398481893823e-01    1.000000000000000036e-10
1.344268086277028949e-02    3.485963586287337823e-01    1.000000000000000036e-10
1.351174247423661892e-02    3.344570231509854108e-01    1.000000000000000036e-10
1.358115888890233311e-02    3.204952931353744483e-01    1.000000000000000036e-10
1.365093192956459180e-02    3.065238971110702537e-01    1.000000000000000036e-10
1.372106342838517838e-02    2.926710765498189981e-01    1.000000000000000036e-10
1.379155522693857432e-02    2.791173127582500246e-01    1.000000000000000036e-10
1.386240917626032840e-02    2.657144976075925258e-01    1.000000000000000036e-10
1.393362713689567066e-02    2.525260288937050124e-01    1.000000000000000036e-10
1.400521097894833963e-02    2.395750883449249691e-01    1.000000000000000036e-10
1.407716258212972880e-02    2.269437254890676325e-01    1.000000000000000036e-10
1.414948383580821867e-02    2.145324413488098048e-01    1.000000000000000036e-10
1.422217663905879677e-02    2.024281806708254916e-01    1.000000000000000036e-10
1.429524290071293620e-02    1.906056536017180503e-01    1.000000000000000036e-10
1.436868453940868574e-02    1.791693512787161380e-01    1.000000000000000036e-10
1.444250348364109308e-02    1.680505478759722338e-01    1.000000000000000036e-10
1.451670167181282056e-02    1.572856450228980463e-01    1.000000000000000036e-10
1.459128105228505411e-02    1.469193384022388915e-01    1.000000000000000036e-10
1.466624358342866197e-02    1.368945911573045682e-01    1.000000000000000036e-10
1.474159123367559804e-02    1.272804097858032113e-01    1.000000000000000036e-10
1.481732598157065733e-02    1.181200076492070067e-01    1.000000000000000036e-10
1.489344981582333381e-02    1.093048899038878558e-01    1.000000000000000036e-10
1.496996473536012749e-02    1.008959455522372567e-01    1.000000000000000036e-10
1.504687274937699382e-02    9.292627338768397194e-02    1.000000000000000036e-10
1.512417587739207751e-02    8.535816424837740224e-02    1.000000000000000036e-10
1.520187614929883156e-02    7.823099656118637224e-02    1.000000000000000036e-10
1.527997560541920728e-02    7.152100761997257083e-02    1.000000000000000036e-10
1.535847629655731107e-02    6.521197659311947503e-02    1.000000000000000036e-10
1.543738028405323807e-02    5.931706911148517530e-02    1.000000000000000036e-10
1.551668963983715913e-02    5.381940525173296852e-02    1.000000000000000036e-10
1.559640644648381362e-02    4.870869987628256848e-02    1.000000000000000036e-10
1.567653279726709259e-02    4.401042616476884273e-02    1.000000000000000036e-10
1.575707079621508841e-02    3.969189682719543449e-02    1.000000000000000036e-10
1.583802255816530585e-02    3.573456054295064133e-02    1.000000000000000036e-10
1.591939020882018191e-02    3.214533274401931706e-02    1.000000000000000036e-10
1.600117588480296643e-02    2.889887704739412672e-02    1.000000000000000036e-10
1.608338173371373983e-02    2.599688266630606481e-02    1.000000000000000036e-10
1.616600991418588179e-02    2.340518331388749887e-02    1.000000000000000036e-10
1.624906259594272387e-02    2.114337155837038226e-02    1.000000000000000036e-10
1.633254195985449006e-02    1.917745963056979863e-02    1.000000000000000036e-10
1.641645019799566063e-02    1.749878309016375186e-02    1.000000000000000036e-10
1.650078951370241229e-02    1.609291303771183401e-02    1.000000000000000036e-10
1.658556212163057181e-02    1.494039527026603219e-02    1.000000000000000036e-10
1.667077024781372929e-02    1.403828769755268747e-02    1.000000000000000036e-10
1.675641612972166017e-02    1.335597503055708721e-02    1.000000000000000036e-10
1.684250201631917743e-02    1.289716591651924801e-02    1.000000000000000036e-10
1.692903016812506711e-02    1.264294410628950642e-02    1.000000000000000036e-10
1.701600285727152689e-02    1.257352737419140977e-02    1.000000000000000036e-10
1.710342236756381973e-02    1.268404733907092276e-02    1.000000000000000036e-10
1.719129099454018428e-02    1.294849893684013077e-02    1.000000000000000036e-10
1.727961104553222757e-02    1.336700981592627013e-02    1.000000000000000036e-10
1.736838483972538358e-02    1.392194545110565784e-02    1.000000000000000036e-10
1.745761470821990263e-02    1.459569216399630651e-02    1.000000000000000036e-10
1.754730299409204206e-02    1.537640775360699964e-02    1.000000000000000036e-10
1.763745205245554476e-02    1.626755444867157216e-02    1.000000000000000036e-10
1.772806425052358623e-02    1.724592826330753961e-02    1.000000000000000036e-10
1.781914196767080821e-02    1.830120909453135034e-02    1.000000000000000036e-10
1.791068759549589717e-02    1.941988109619052771e-02    1.000000000000000036e-10
1.800270353788435349e-02    2.061256559169847083e-02    1.000000000000000036e-10
1.809519221107156600e-02    2.183528714060806175e-02    1.000000000000000036e-10
1.818815604370636885e-02    2.309753449982549639e-02    1.000000000000000036e-10
1.828159747691469883e-02    2.439476241456234318e-02    1.000000000000000036e-10
1.837551896436376633e-02    2.572405232775350908e-02    1.000000000000000036e-10
1.846992297232647948e-02    2.705336990985587192e-02    1.000000000000000036e-10
1.856481197974614930e-02    2.840353682656269335e-02    1.000000000000000036e-10
1.866018847830170496e-02    2.974242014284231642e-02    1.000000000000000036e-10
1.875605497247297138e-02    3.107574157270965795e-02    1.000000000000000036e-10
1.885241397960654361e-02    3.241704401171198457e-02    1.000000000000000036e-10
1.894926802998186249e-02    3.371761301833917784e-02    1.000000000000000036e-10
1.904661966687760943e-02    3.499809078575540078e-02    1.000000000000000036e-10
1.914447144663859041e-02    3.626178851687324178e-02    1.000000000000000036e-10
1.924282593874274486e-02    3.748530088950827871e-02    1.000000000000000036e-10
1.934168572586869930e-02    3.867610984609792801e-02    1.000000000000000036e-10
1.944105340396357767e-02    3.983005337485064773e-02    1.000000000000000036e-10
1.954093158231109614e-02    4.092254305871079190e-02    1.000000000000000036e-10
1.964132288360021308e-02    4.197516051561229339e-02    1.000000000000000036e-10
1.974222994399384493e-02    4.297715037479397926e-02    1.000000000000000036e-10
1.984365541319821000e-02    4.394065320009402781e-02    1.000000000000000036e-10
1.994560195453235624e-02    4.484086291647207401e-02    1.000000000000000036e-10
2.004807224499806015e-02    4.566439879015603970e-02    1.000000000000000036e-10
2.015106897535023575e-02    4.645408159969973555e-02    1.000000000000000036e-10
2.025459485016744068e-02    4.716137492093767231e-02    1.000000000000000036e-10
2.035865258792302762e-02    4.781919319820567699e-02    1.000000000000000036e-10
2.046324492105644488e-02    4.841798903565215639e-02    1.000000000000000036e-10
2.056837459604503315e-02    4.893174698940166295e-02    1.000000000000000036e-10
2.067404437347612062e-02    4.938636854605869819e-02    1.000000000000000036e-10
2.078025702811950662e-02    4.976641103458757237e-02    1.000000000000000036e-10
2.088701534900035128e-02    5.010940046316252755e-02    1.000000000000000036e-10
2.099432213947239820e-02    5.034514740033364105e-02    1.000000000000000036e-10
2.110218021729158913e-02    5.053563154945040631e-02    1.000000000000000036e-10
2.121059241469004999e-02    5.066526870523050535e-02    1.000000000000000036e-10
2.131956157845044803e-02    5.070031719660678116e-02    1.000000000000000036e-10
2.142909056998078612e-02    5.069876839299745919e-02    1.000000000000000036e-10
2.153918226538950945e-02    5.063902231219867545e-02    1.000000000000000036e-10
2.164983955556103526e-02    5.049829813881363816e-02    1.000000000000000036e-10
2.176106534623167138e-02    5.028856777571467235e-02    1.000000000000000036e-10
2.187286255806588156e-02    5.004012483241230408e-02    1.000000000000000036e-10
2.198523412673304700e-02    4.967955970334295840e-02    1.000000000000000036e-10
2.209818300298449154e-02    4.932084410538393332e-02    1.000000000000000036e-10
2.221171215273099950e-02    4.888394006363583344e-02    1.000000000000000036e-10
2.232582455712068745e-02    4.836558680538023680e-02    1.000000000000000036e-10
2.244052321261726449e-02    4.780092050943363091e-02    1.000000000000000036e-10
2.255581113107875402e-02    4.722269480991553303e-02    1.000000000000000036e-10
2.267169133983656590e-02    4.654251818616572667e-02    1.000000000000000036e-10
2.278816688177497801e-02    4.583993816730655424e-02    1.000000000000000036e-10
2.290524081541107232e-02    4.508983068758812274e-02    1.000000000000000036e-10
2.302291621497498317e-02    4.428804935395916353e-02    1.000000000000000036e-10
2.314119617049070071e-02    4.344151887527490652e-02    1.000000000000000036e-10
2.326008378785716230e-02    4.257437481425266346e-02    1.000000000000000036e-10
2.337958218892983303e-02    4.164165264245953818e-02    1.000000000000000036e-10
2.349969451160267842e-02    4.069520385463159390e-02    1.000000000000000036e-10
2.362042390989051860e-02    3.971250632827665744e-02    1.000000000000000036e-10
2.374177355401192735e-02    3.869441893898531437e-02    1.000000000000000036e-10
2.386374663047242245e-02    3.766222813073327735e-02    1.000000000000000036e-10
2.398634634214815917e-02    3.659764707652059940e-02    1.000000000000000036e-10
2.410957590837004352e-02    3.552248853089395864e-02    1.000000000000000036e-10
2.423343856500821333e-02    3.440203418990378514e-02    1.000000000000000036e-10
2.435793756455709169e-02    3.329961121787357314e-02    1.000000000000000036e-10
2.448307617622073884e-02    3.216159094247745404e-02    1.000000000000000036e-10
2.460885768599870710e-02    3.103380587153259373e-02    1.000000000000000036e-10
2.473528539677235724e-02    2.989154494241050980e-02    1.000000000000000036e-10
2.486236262839150099e-02    2.873476634835873955e-02    1.000000000000000036e-10
2.499009271776173047e-02    2.758478042737342109e-02    1.000000000000000036e-10
2.511847901893186213e-02    2.644021474738298197e-02    1.000000000000000036e-10
2.524752490318214748e-02    2.529420711436698027e-02    1.000000000000000036e-10
2.537723375911275434e-02    2.416276760273007931e-02    1.000000000000000036e-10
2.550760899273268531e-02    2.304140336867620265e-02    1.000000000000000036e-10
2.563865402754937281e-02    2.192058098551945972e-02    1.000000000000000036e-10
2.577037230465837117e-02    2.082652130995958639e-02    1.000000000000000036e-10
2.590276728283389188e-02    1.974744618421574865e-02    1.000000000000000036e-10
2.603584243861954695e-02    1.868691711070889772e-02    1.000000000000000036e-10
2.616960126641959539e-02    1.765172179628561253e-02    1.000000000000000036e-10
2.630404727859085579e-02    1.664057379937113404e-02    1.000000000000000036e-10
2.643918400553474379e-02    1.564904572525156745e-02    1.000000000000000036e-10
2.657501499579011453e-02    1.468876334854344462e-02    1.000000000000000036e-10
2.671154381612640683e-02    1.376369529856362288e-02    1.000000000000000036e-10
2.684877405163724196e-02    1.287142568840126712e-02    1.000000000000000036e-10
2.698670930583470587e-02    1.200771828882605564e-02    1.000000000000000036e-10
2.712535320074379100e-02    1.118291063063879716e-02    1.000000000000000036e-10
2.726470937699766034e-02    1.039078551555551108e-02    1.000000000000000036e-10
2.740478149393317520e-02    9.640086962528588918e-03    1.000000000000000036e-10
2.754557322968694683e-02    8.921687283544334907e-03    1.000000000000000036e-10
2.768708828129207156e-02    8.245217896907063374e-03    1.000000000000000036e-10
2.782933036477499775e-02    7.608865713413553306e-03    1.000000000000000036e-10
2.797230321525328786e-02    7.015651876598439154e-03    1.000000000000000036e-10
2.811601058703360953e-02    6.457700083597649882e-03    1.000000000000000036e-10
2.826045625371028866e-02    5.943012524762595478e-03    1.000000000000000036e-10
2.840564400826454602e-02    5.470072987378395493e-03    1.000000000000000036e-10
2.855157766316389692e-02    5.036603924967738427e-03    1.000000000000000036e-10
2.869826105046241818e-02    4.645207387293589715e-03    1.000000000000000036e-10
2.884569802190131704e-02    4.293496302942983144e-03    1.000000000000000036e-10
2.899389244901002041e-02    3.980703116190464734e-03    1.000000000000000036e-10
2.914284822320799620e-02    3.707046910637302409e-03    1.000000000000000036e-10
2.929256925590672384e-02    3.470741316029369618e-03    1.000000000000000036e-10
2.944305947861257378e-02    3.272207173361291969e-03    1.000000000000000036e-10
2.959432284302998192e-02    3.108593564424630071e-03    1.000000000000000036e-10
2.974636332116516180e-02    2.980000515567699654e-03    1.000000000000000036e-10
2.989918490543056265e-02    2.883942706157122376e-03    1.000000000000000036e-10
3.005279160874950450e-02    2.820274883344664561e-03    1.000000000000000036e-10
3.020718746466170834e-02    2.785914530987222519e-03    1.000000000000000036e-10
3.036237652742915585e-02    2.779922300672831026e-03    1.000000000000000036e-10
3.051836287214249391e-02    2.800844649572156730e-03    1.000000000000000036e-10
3.067515059482820577e-02    2.846870039257408998e-03    1.000000000000000036e-10
3.083274381255594887e-02    2.915425406471735745e-03    1.000000000000000036e-10
3.099114666354684661e-02    3.006168025984025296e-03    1.000000000000000036e-10
3.115036330728207861e-02    3.114326517957261009e-03    1.000000000000000036e-10
3.131039792461204341e-02    3.241307084758893609e-03    1.000000000000000036e-10
3.147125471786632600e-02    3.382203871705905234e-03    1.000000000000000036e-10
3.163293791096380425e-02    3.536866481399725259e-03    1.000000000000000036e-10
3.179545174952377873e-02    3.704702409342222266e-03    1.000000000000000036e-10
3.195880050097734543e-02    3.879090088020400832e-03    1.000000000000000036e-10
3.212298845467941033e-02    4.059748040642111380e-03    1.000000000000000036e-10
3.228801992202151583e-02    4.247715279815513639e-03    1.000000000000000036e-10
3.245389923654481285e-02    4.439338532001509824e-03    1.000000000000000036e-10
3.262063075405401830e-02    4.630071156446900933e-03    1.000000000000000036e-10
3.278821885273175418e-02    4.821857339693624497e-03    1.000000000000000036e-10
3.295666793325343485e-02    5.009878163639491441e-03    1.000000000000000036e-10
3.312598241890301470e-02    5.194390699115713356e-03    1.000000000000000036e-10
3.329616675568888851e-02    5.374441759191603447e-03    1.000000000000000036e-10
3.346722541246083954e-02    5.545557184151246773e-03    1.000000000000000036e-10
3.363916288102730690e-02    5.707563300815545783e-03    1.000000000000000036e-10
3.381198367627328422e-02    5.861044937878960408e-03    1.000000000000000036e-10
3.398569233627904418e-02    6.004193195546885659e-03    1.000000000000000036e-10
3.416029342243907113e-02    6.134173233493248750e-03    1.000000000000000036e-10
3.433579151958202763e-02    6.248927156241947806e-03    1.000000000000000036e-10
3.451219123609108874e-02    6.351476334999436174e-03    1.000000000000000036e-10
3.468949720402486614e-02    6.439922330923421312e-03    1.000000000000000036e-10
3.486771407923923427e-02    6.511768456107108055e-03    1.000000000000000036e-10
3.504684654150935080e-02    6.565077045458297608e-03    1.000000000000000036e-10
3.522689929465274566e-02    6.602396321858283040e-03    1.000000000000000036e-10
3.540787706665272927e-02    6.624643513042211516e-03    1.000000000000000036e-10
3.558978460978252933e-02    6.624156863466307103e-03    1.000000000000000036e-10
3.577262670073021178e-02    6.610082213528364024e-03    1.000000000000000036e-10
3.595640814072392777e-02    6.577466981403371458e-03    1.000000000000000036e-10
3.614113375565812525e-02    6.528303009531897898e-03    1.000000000000000036e-10
3.632680839622023927e-02    6.464702128988021775e-03    1.000000000000000036e-10
3.651343693801798601e-02    6.380812555079820245e-03    1.000000000000000036e-10
3.670102428170757269e-02    6.280628827439110190e-03    1.000000000000000036e-10
3.688957535312215041e-02    6.169707703831890308e-03    1.000000000000000036e-10
3.707909510340134940e-02    6.040197155740805422e-03    1.000000000000000036e-10
3.726958850912121674e-02    5.898003579603958331e-03    1.000000000000000036e-10
3.746106057242483411e-02    5.741433055421521318e-03    1.000000000000000036e-10
3.765351632115385150e-02    5.573179590230109733e-03    1.000000000000000036e-10
3.784696080898026366e-02    5.393630474014378048e-03    1.000000000000000036e-10
3.804139911553934550e-02    5.205501208139774044e-03    1.000000000000000036e-10
3.823683634656289965e-02    5.004815689520629093e-03    1.000000000000000036e-10
3.843327763401331587e-02    4.798980250204414912e-03    1.000000000000000036e-10
3.863072813621849788e-02    4.590000665948972512e-03    1.000000000000000036e-10
3.882919303800708155e-02    4.369227213327416329e-03    1.000000000000000036e-10
3.902867755084474255e-02    4.147055411173650868e-03    1.000000000000000036e-10
3.922918691297103133e-02    3.921559325649181908e-03    1.000000000000000036e-10
3.943072638953679099e-02    3.694251808822122951e-03    1.000000000000000036e-10
3.963330127274267145e-02    3.469271961614417768e-03    1.000000000000000036e-10
3.983691688197778247e-02    3.242040601952212754e-03    1.000000000000000036e-10
4.004157856395961640e-02    3.019078852799431459e-03    1.000000000000000036e-10
4.024729169287436653e-02    2.798978676869722307e-03    1.000000000000000036e-10
4.045406167051796009e-02    2.582328773326459347e-03    1.000000000000000036e-10
4.066189392643813211e-02    2.372817883242486249e-03    1.000000000000000036e-10
4.087079391807670742e-02    2.168932715573178988e-03    1.000000000000000036e-10
4.108076713091313170e-02    1.972758384508839068e-03    1.000000000000000036e-10
4.129181907860844658e-02    1.784506595559272194e-03    1.000000000000000036e-10
4.150395530314995862e-02    1.605612241889643917e-03    1.000000000000000036e-10
4.171718137499702550e-02    1.435761607068237501e-03    1.000000000000000036e-10
4.193150289322703644e-02    1.277697056656260360e-03    1.000000000000000036e-10
4.214692548568263475e-02    1.129317059327975383e-03    1.000000000000000036e-10
4.236345480911946071e-02    9.931041592424747540e-04    1.000000000000000036e-10
4.258109654935456762e-02    8.678488059934946590e-04    1.000000000000000036e-10
4.279985642141598268e-02    7.541544861363688344e-04    1.000000000000000036e-10
4.301974016969246917e-02    6.529935021305359770e-04    1.000000000000000036e-10
4.324075356808460002e-02    5.643203213000762709e-04    1.000000000000000036e-10
4.346290242015627553e-02    4.866322340307720554e-04    1.000000000000000036e-10
4.368619255928713613e-02    4.205356627165736600e-04    1.000000000000000036e-10
4.391062984882577319e-02    3.660437684121846630e-04    1.000000000000000036e-10
4.413622018224357124e-02    3.231335187368704863e-04    1.000000000000000036e-10
4.436296948328963263e-02    2.895794038729480923e-04    1.000000000000000036e-10
4.459088370614622959e-02    2.669208438790126475e-04    1.000000000000000036e-10
4.481996883558517220e-02    2.531807315507394042e-04    1.000000000000000036e-10
4.505023088712498125e-02    2.482029574474081332e-04    1.000000000000000036e-10
4.528167590718877589e-02    2.516696337299974533e-04    1.000000000000000036e-10
4.551430997326315342e-02    2.622530129872621425e-04    1.000000000000000036e-10
4.574813919405771451e-02    2.792624181193658554e-04    1.000000000000000036e-10
4.598316970966547651e-02    3.022014807409280118e-04    1.000000000000000036e-10
4.621940769172414726e-02    3.291527984857476100e-04    1.000000000000000036e-10
4.645685934357805108e-02    3.603467533915813209e-04    1.000000000000000036e-10
4.669553090044121363e-02    3.947927234386830204e-04    1.000000000000000036e-10
4.693542862956097406e-02    4.323807340624512361e-04    1.000000000000000036e-10
4.717655883038256170e-02    4.703288022426515419e-04    1.000000000000000036e-10
4.741892783471457484e-02    5.088050350757932676e-04    1.000000000000000036e-10
4.766254200689511167e-02    5.473929056467479771e-04    1.000000000000000036e-10
4.790740774395906704e-02    5.852060835057372717e-04    1.000000000000000036e-10
4.815353147580599125e-02    6.210294144574743554e-04    1.000000000000000036e-10
4.840091966536897577e-02    6.545241441663387756e-04    1.000000000000000036e-10
4.864957880878437863e-02    6.851601248036782218e-04    1.000000000000000036e-10
4.889951543556229213e-02    7.133176925505118260e-04    1.000000000000000036e-10
4.915073610875816956e-02    7.366360314991394912e-04    1.000000000000000036e-10
4.940324742514506928e-02    7.571184715236805446e-04    1.000000000000000036e-10
4.965705601538688424e-02    7.715765651459834508e-04    1.000000000000000036e-10
4.991216854421247351e-02    7.820164945799730743e-04    1.000000000000000036e-10
5.016859171059060568e-02    7.877371454345020573e-04    1.000000000000000036e-10
5.042633224790599167e-02    7.888690174178903574e-04    1.000000000000000036e-10
5.068539692413599751e-02    7.855094945731375339e-04    1.000000000000000036e-10
5.094579254202839802e-02    7.760531780620998597e-04    1.000000000000000036e-10
5.120752593928000473e-02    7.618927967253903222e-04    1.000000000000000036e-10
5.147060398871617509e-02    7.445514893470107009e-04    1.000000000000000036e-10
5.173503359847136940e-02    7.224459568373945264e-04    1.000000000000000036e-10
5.200082171217049881e-02    6.971412122992515009e-04    1.000000000000000036e-10
5.226797530911125172e-02    6.679522637636845905e-04    1.000000000000000036e-10
5.253650140444741934e-02    6.349512769422234124e-04    1.000000000000000036e-10
5.280640704937295676e-02    6.002608140904592453e-04    1.000000000000000036e-10
5.307769933130733475e-02    5.633095268696196659e-04    1.000000000000000036e-10
5.335038537408154369e-02    5.247328267047949831e-04    1.000000000000000036e-10
5.362447233812513842e-02    4.840292601039544035e-04    1.000000000000000036e-10
5.389996742065435859e-02    4.445575756897071607e-04    1.000000000000000036e-10
5.417687785586094984e-02    4.041463355999316636e-04    1.000000000000000036e-10
5.445521091510231726e-02    3.636979749032682595e-04    1.000000000000000036e-10
5.473497390709235189e-02    3.238650588825003874e-04    1.000000000000000036e-10
5.501617417809336746e-02    2.858818088062885818e-04    1.000000000000000036e-10
5.529881911210906414e-02    2.488363617944013505e-04    1.000000000000000036e-10
5.558291613107825546e-02    2.150984409731025628e-04    1.000000000000000036e-10
5.586847269506999003e-02    1.823027614739734662e-04    1.000000000000000036e-10
5.615549630247927693e-02    1.516665631906797011e-04    1.000000000000000036e-10
5.644399449022405313e-02    1.249945036057270424e-04    1.000000000000000036e-10
5.673397483394312241e-02    1.006041599239174394e-04    1.000000000000000036e-10
5.702544494819492688e-02    7.938381012109369818e-05    1.000000000000000036e-10
5.731841248665772715e-02    6.054471857386560692e-05    1.000000000000000036e-10
5.761288514233040697e-02    4.562178843621341416e-05    1.000000000000000036e-10
5.790887064773456855e-02    3.313493094295875317e-05    1.000000000000000036e-10
5.820637677511752289e-02    2.403960965786635374e-05    1.000000000000000036e-10
5.850541133665645294e-02    1.698566375540098178e-05    1.000000000000000036e-10
5.880598218466342314e-02    1.279190168766231217e-05    1.000000000000000036e-10
5.910809721179172832e-02    1.071007086714409348e-05    1.000000000000000036e-10
5.941176435124307514e-02    1.093427766311452017e-05    1.000000000000000036e-10
5.971699157697585997e-02    1.288608387379799949e-05    1.000000000000000036e-10
6.002378690391466098e-02    1.559173807141786325e-05    1.000000000000000036e-10
6.033215838816052140e-02    1.991675525434256992e-05    1.000000000000000036e-10
6.064211412720269673e-02    2.562817621211377453e-05    1.000000000000000036e-10
6.095366226013119310e-02    3.078429903595693480e-05    1.000000000000000036e-10
6.126681096785045744e-02    3.683405719874249405e-05    1.000000000000000036e-10
6.158156847329428890e-02    4.278725801446644984e-05    1.000000000000000036e-10
6.189794304164161071e-02    4.809483456029571178e-05    1.000000000000000036e-10
6.221594298053369915e-02    5.345579879581235526e-05    1.000000000000000036e-10
6.253557664029220364e-02    5.729812430709102099e-05    1.000000000000000036e-10
6.285685241413845048e-02    6.132273270733793824e-05    1.000000000000000036e-10
6.317977873841387759e-02    6.364316579432220049e-05    1.000000000000000036e-10
6.350436409280142691e-02    6.537024040537731974e-05    1.000000000000000036e-10
6.383061700054838694e-02    6.545088619154533591e-05    1.000000000000000036e-10
6.415854602869013046e-02    6.472771031960240491e-05    1.000000000000000036e-10
6.448815978827505957e-02    6.310289034500488254e-05    1.000000000000000036e-10
6.481946693459073039e-02    6.000558156235880238e-05    1.000000000000000036e-10
6.515247616739110181e-02    5.668265702709522294e-05    1.000000000000000036e-10
6.548719623112504717e-02    5.203794612487195974e-05    1.000000000000000036e-10
6.582363591516594836e-02    4.724675502154900600e-05    1.000000000000000036e-10
6.616180405404248344e-02    4.230765363143047472e-05    1.000000000000000036e-10
6.650170952767064936e-02    3.655116028936179680e-05    1.000000000000000036e-10
6.684336126158678393e-02    3.143077654179160583e-05    1.000000000000000036e-10
6.718676822718216979e-02    2.611473924998675061e-05    1.000000000000000036e-10
6.753193944193848497e-02    2.150613368765839334e-05    1.000000000000000036e-10
6.787888396966459958e-02    1.760405342584980324e-05    1.000000000000000036e-10
6.822761092073464928e-02    1.344751929111133252e-05    1.000000000000000036e-10
6.857812945232705237e-02    1.170437202041769974e-05    1.000000000000000036e-10
6.893044876866527559e-02    1.049937664069881041e-05    1.000000000000000036e-10
6.928457812125933535e-02    1.035067827034818561e-05    1.000000000000000036e-10
6.964052680914871452e-02    1.089149545363663690e-05    1.000000000000000036e-10
6.999830417914672254e-02    1.299795224920261939e-05    1.000000000000000036e-10
7.035791962608561878e-02    1.609541668429469128e-05    1.000000000000000036e-10
7.071938259306366492e-02    2.098038898638734010e-05    1.000000000000000036e-10
7.108270257169285733e-02    2.605713146807882589e-05    1.000000000000000036e-10
7.144788910234825541e-02    3.233259405234671034e-05    1.000000000000000036e-10
7.181495177441851729e-02    3.994756522876092680e-05    1.000000000000000036e-10
7.218390022655754579e-02    4.697352835422241249e-05    1.000000000000000036e-10
7.255474414693782736e-02    5.482385466922982476e-05    1.000000000000000036e-10
7.292749327350468713e-02    6.267287003353051635e-05    1.000000000000000036e-10
7.330215739423202870e-02    7.067161576496428801e-05    1.000000000000000036e-10
7.367874634737939243e-02    7.748613806134658545e-05    1.000000000000000036e-10
7.405727002175011009e-02    8.379318591261734797e-05    1.000000000000000036e-10
7.443773835695130514e-02    8.991652571832120923e-05    1.000000000000000036e-10
7.482016134365461479e-02    9.492021493266418822e-05    1.000000000000000036e-10
7.520454902385864671e-02    9.901323565522442854e-05    1.000000000000000036e-10
7.559091149115272634e-02    1.013846708308902575e-04    1.000000000000000036e-10
7.597925889098169905e-02    1.027877742601541360e-04    1.000000000000000036e-10
7.636960142091268888e-02    1.021894836455982818e-04    1.000000000000000036e-10
7.676194933090260686e-02    1.006496201481393886e-04    1.000000000000000036e-10
7.715631292356743554e-02    9.751597174313608935e-05    1.000000000000000036e-10
7.755270255445273486e-02    9.325054880644110470e-05    1.000000000000000036e-10
7.795112863230545253e-02    8.773369120753606758e-05    1.000000000000000036e-10
7.835160161934746903e-02    8.197422488973744577e-05    1.000000000000000036e-10
7.875413203155014197e-02    7.503370171954023378e-05    1.000000000000000036e-10
7.915873043891052951e-02    6.695910697346892212e-05    1.000000000000000036e-10
7.956540746572896006e-02    5.841985120474768947e-05    1.000000000000000036e-10
7.997417379088785083e-02    5.063957429585011369e-05    1.000000000000000036e-10
8.038504014813235843e-02    4.253742570195177396e-05    1.000000000000000036e-10
8.079801732635211176e-02    3.517173847701880626e-05    1.000000000000000036e-10
8.121311616986451321e-02    2.903391000993379978e-05    1.000000000000000036e-10
8.163034757869956637e-02    2.287526359862656939e-05    1.000000000000000036e-10
8.204972250888589724e-02    1.838044595427145274e-05    1.000000000000000036e-10
8.247125197273877384e-02    1.446940829391423169e-05    1.000000000000000036e-10
8.289494703914900009e-02    1.223015100787155971e-05    1.000000000000000036e-10
8.332081883387372490e-02    1.146607948899791866e-05    1.000000000000000036e-10
8.374887853982850017e-02    1.253017616159164673e-05    1.000000000000000036e-10
8.417913739738103196e-02    1.419538727548335530e-05    1.000000000000000036e-10
8.461160670464618061e-02    1.705464681244748425e-05    1.000000000000000036e-10
8.504629781778280662e-02    2.160343748512494588e-05    1.000000000000000036e-10
8.548322215129190715e-02    2.706133943782299014e-05    1.000000000000000036e-10
8.592239117831630690e-02    3.363492684059808191e-05    1.000000000000000036e-10
8.636381643094202809e-02    3.973449063198457337e-05    1.000000000000000036e-10
8.680750950050092341e-02    4.688802345649630308e-05    1.000000000000000036e-10
8.725348203787526569e-02    5.398794805561111116e-05    1.000000000000000036e-10
8.770174575380358661e-02    6.083327229864752964e-05    1.000000000000000036e-10
8.815231241918820848e-02    6.784232662803781381e-05    1.000000000000000036e-10
8.860519386540431641e-02    7.316397644398708530e-05    1.000000000000000036e-10
8.906040198461054325e-02    7.801984221703794518e-05    1.000000000000000036e-10
8.951794873006148345e-02    8.226473867173896644e-05    1.000000000000000036e-10
8.997784611642138664e-02    8.422430815605552181e-05    1.000000000000000036e-10
9.044010622007966904e-02    8.576026607981579247e-05    1.000000000000000036e-10
9.090474117946811816e-02    8.534128387234158947e-05    1.000000000000000036e-10
9.137176319537944347e-02    8.338624454556382978e-05    1.000000000000000036e-10
9.184118453128790882e-02    8.125860932174311315e-05    1.000000000000000036e-10
9.231301751367115838e-02    7.700264971810670035e-05    1.000000000000000036e-10
9.278727453233401312e-02    7.227858406152775402e-05    1.000000000000000036e-10
9.326396804073376623e-02    6.588162412749285326e-05    1.000000000000000036e-10
9.374311055630710210e-02    5.949964031778485899e-05    1.000000000000000036e-10
9.422471466079899993e-02    5.281939467747150807e-05    1.000000000000000036e-10
9.470879300059294181e-02    4.544816028924365234e-05    1.000000000000000036e-10
9.519535828704310532e-02    3.925964535412852639e-05    1.000000000000000036e-10
9.568442329680809655e-02    3.318180858699958878e-05    1.000000000000000036e-10
9.617600087218632077e-02    2.685860412099063841e-05    1.000000000000000036e-10
9.667010392145349018e-02    2.132555190394516269e-05    1.000000000000000036e-10
9.716674541920136687e-02    1.675518106156971681e-05    1.000000000000000036e-10
9.766593840667854576e-02    1.372368896580711323e-05    1.000000000000000036e-10
9.816769599213290287e-02    1.147053350614065650e-05    1.000000000000000036e-10
9.867203135115563961e-02    1.015138608217665892e-05    1.000000000000000036e-10
9.917895772702756130e-02    9.393847663946353866e-06    1.000000000000000036e-10
9.968848843106659086e-02    1.007174012686044967e-05    1.000000000000000036e-10
1.002006368429774336e-01    1.205621056208959730e-05    1.000000000000000036e-10
1.007154164112028516e-01    1.341851397788466972e-05    1.000000000000000036e-10
1.012328406532767427e-01    1.664069484544183146e-05    1.000000000000000036e-10
1.017529231561792591e-01    1.952781582509545866e-05    1.000000000000000036e-10
1.022756775766934939e-01    2.230461570979480319e-05    1.000000000000000036e-10
1.028011176417640699e-01    2.454891454827783990e-05    1.000000000000000036e-10
1.033292571488577116e-01    2.735951791226294203e-05    1.000000000000000036e-10
1.038601099663252619e-01    2.989505613997552923e-05    1.000000000000000036e-10
1.043936900337662371e-01    3.101904861807672318e-05    1.000000000000000036e-10
1.049300113623946318e-01    3.172109095246621757e-05    1.000000000000000036e-10
1.054690880354068327e-01    3.282656811394782641e-05    1.000000000000000036e-10
1.060109342083516148e-01    3.162284206644506561e-05    1.000000000000000036e-10
1.065555641095014688e-01    3.085030610626512298e-05    1.000000000000000036e-10
1.071029920402266911e-01    2.884899296495998028e-05    1.000000000000000036e-10
1.076532323753706111e-01    2.663899042168385979e-05    1.000000000000000036e-10
1.082062995636271369e-01    2.443871394368682235e-05    1.000000000000000036e-10
1.087622081279202568e-01    2.106860265979115649e-05    1.000000000000000036e-10
1.093209726657850961e-01    1.794155309387059939e-05    1.000000000000000036e-10
1.098826078497516512e-01    1.559590933265269015e-05    1.000000000000000036e-10
1.104471284277297599e-01    1.198659669095478422e-05    1.000000000000000036e-10
1.110145492233965414e-01    9.126329262582099497e-06    1.000000000000000036e-10
1.115848851365855571e-01    6.864970119582722295e-06    1.000000000000000036e-10
1.121581511436779560e-01    4.642012967312695669e-06    1.000000000000000036e-10
1.127343622979960353e-01    2.932405358648256583e-06    1.000000000000000036e-10
1.133135337301982987e-01    2.058822595492529752e-06    1.000000000000000036e-10
1.138956806486768059e-01    1.263067192973292127e-06    1.000000000000000036e-10
1.144808183399566165e-01    1.277949940498979459e-06    1.000000000000000036e-10
1.150689621690969694e-01    1.037032645963633731e-06    1.000000000000000036e-10
1.156601275800950568e-01    1.841895568863798389e-06    1.000000000000000036e-10
1.162543300962914083e-01    1.994773728388960003e-06    1.000000000000000036e-10
1.168515853207774680e-01    2.606803772665753809e-06    1.000000000000000036e-10
1.174519089368054880e-01    3.569956095186921744e-06    1.000000000000000036e-10
1.180553167082000338e-01    4.210884320998900526e-06    1.000000000000000036e-10
1.186618244797723043e-01    5.140755509029558324e-06    1.000000000000000036e-10
1.192714481777359947e-01    5.128637923069315182e-06    1.000000000000000036e-10
1.198842038101255031e-01    5.952409094224541788e-06    1.000000000000000036e-10
1.205001074672163858e-01    5.456062867401852155e-06    1.000000000000000036e-10
1.211191753219476169e-01    4.985979487642896328e-06    1.000000000000000036e-10
1.217414236303466235e-01    4.781744437320759985e-06    1.000000000000000036e-10
1.223668687319559162e-01    4.172689620576626065e-06    1.000000000000000036e-10
1.229955270502622322e-01    3.572787221753984720e-06    1.000000000000000036e-10
1.236274150931277460e-01    3.054331647729424381e-06    1.000000000000000036e-10
1.242625494532236391e-01    2.523841412908619614e-06    1.000000000000000036e-10
1.249009468084655849e-01    2.259174318547572197e-06    1.000000000000000036e-10
1.255426239224519958e-01    1.952396562635793262e-06    1.000000000000000036e-10
1.261875976449040315e-01    1.652666488905724555e-06    1.000000000000000036e-10
1.268358849121080933e-01    1.535088411864998221e-06    1.000000000000000036e-10
1.274875027473606204e-01    1.572832644539141174e-06    1.000000000000000036e-10
1.281424682614148158e-01    1.779693910544772859e-06    1.000000000000000036e-10
1.288007986529303706e-01    2.318773247003404837e-06    1.000000000000000036e-10
1.294625112089248242e-01    2.590094541809497512e-06    1.000000000000000036e-10
1.301276233052275633e-01    2.375121053236696962e-06    1.000000000000000036e-10
1.307961524069361781e-01    3.035229684186653312e-06    1.000000000000000036e-10
1.314681160688747352e-01    2.962319232714088465e-06    1.000000000000000036e-10
1.321435319360552418e-01    3.268169932488405643e-06    1.000000000000000036e-10
1.328224177441406639e-01    2.765113013484575783e-06    1.000000000000000036e-10
1.335047913199107206e-01    2.380263024291933312e-06    1.000000000000000036e-10
1.341906705817300649e-01    1.988441592347622733e-06    1.000000000000000036e-10
1.348800735400185191e-01    1.822254437248323912e-06    1.000000000000000036e-10
1.355730182977244735e-01    1.441535488643886568e-06    1.000000000000000036e-10
1.362695230507998401e-01    1.045672688792317189e-06    1.000000000000000036e-10
1.369696060886781142e-01    9.767226428777371261e-07    1.000000000000000036e-10
1.376732857947545463e-01    3.411277371404051686e-07    1.000000000000000036e-10
1.383805806468686450e-01    6.850110481971634959e-07    1.000000000000000036e-10
1.390915092177898438e-01    9.817788834519693876e-07    1.000000000000000036e-10
1.398060901757048613e-01    9.753604650400022554e-07    1.000000000000000036e-10
1.405243422847080037e-01    1.474268841877881844e-06    1.000000000000000036e-10
1.412462844052939648e-01    2.161670377654048346e-06    1.000000000000000036e-10
1.419719354948528189e-01    2.765717517373789246e-06    1.000000000000000036e-10
1.427013146081681227e-01    3.305286772619230016e-06    1.000000000000000036e-10
1.434344408979172092e-01    3.842946506519178696e-06    1.000000000000000036e-10
1.441713336151739522e-01    4.052602908479584045e-06    1.000000000000000036e-10
1.449120121099145286e-01    4.602252148489450812e-06    1.000000000000000036e-10
1.456564958315251235e-01    4.650288296337204741e-06    1.000000000000000036e-10
1.464048043293131596e-01    4.378231441546494524e-06    1.000000000000000036e-10
1.471569572530203318e-01    4.496725776127459807e-06    1.000000000000000036e-10
1.479129743533385832e-01    3.998110163916449429e-06    1.000000000000000036e-10
1.486728754824289123e-01    3.562186362993236169e-06    1.000000000000000036e-10
1.494366805944423726e-01    3.374757538567156944e-06    1.000000000000000036e-10
1.502044097460443761e-01    2.919479433562173645e-06    1.000000000000000036e-10
1.509760830969412160e-01    2.654621049987220689e-06    1.000000000000000036e-10
1.517517209104093379e-01    1.519024493501930971e-06    1.000000000000000036e-10
1.525313435538277196e-01    1.004397501213502286e-06    1.000000000000000036e-10
1.533149714992121659e-01    9.457634113910009486e-07    1.000000000000000036e-10
1.541026253237535171e-01    1.434981132465245531e-06    1.000000000000000036e-10
1.548943257103575777e-01    1.276288324984850036e-06    1.000000000000000036e-10
1.556900934481883492e-01    1.364006606405829810e-06    1.000000000000000036e-10
1.564899494332139818e-01    2.326541055431938564e-06    1.000000000000000036e-10
1.572939146687551415e-01    2.474699362235045938e-06    1.000000000000000036e-10
1.581020102660371240e-01    3.175562976873530345e-06    1.000000000000000036e-10
1.589142574447437450e-01    2.929907828992325480e-06    1.000000000000000036e-10
1.597306775335746998e-01    3.171525239773953710e-06    1.000000000000000036e-10
1.605512919708056985e-01    2.963464924775064273e-06    1.000000000000000036e-10
1.613761223048511273e-01    2.962613603607224074e-06    1.000000000000000036e-10
1.622051901948303176e-01    2.630132540762794154e-06    1.000000000000000036e-10
1.630385174111359248e-01    2.980250715955929324e-06    1.000000000000000036e-10
1.638761258360058592e-01    2.346850055814183860e-06    1.000000000000000036e-10
1.647180374640977440e-01    1.770646120060122872e-06    1.000000000000000036e-10
1.655642744030662861e-01    1.551016532189725739e-06    1.000000000000000036e-10
1.664148588741442558e-01    1.497733738271027738e-06    1.000000000000000036e-10
1.672698132127256043e-01    1.401940388799886720e-06    1.000000000000000036e-10
1.681291598689521882e-01    9.938020015653587823e-07    1.000000000000000036e-10
1.689929214083032150e-01    8.145233575733565146e-07    1.000000000000000036e-10
1.698611205121875189e-01    8.935136189793346830e-07    1.000000000000000036e-10
1.707337799785397237e-01    6.044352649865373716e-07    1.000000000000000036e-10
1.716109227224183742e-01    8.275172358578860497e-07    1.000000000000000036e-10
1.724925717766079558e-01    9.853428098729776520e-07    1.000000000000000036e-10
1.733787502922236323e-01    1.206485331541208793e-06    1.000000000000000036e-10
1.742694815393189267e-01    6.897753279941236224e-07    1.000000000000000036e-10
1.751647889074971765e-01    1.279838858789768799e-06    1.000000000000000036e-10
1.760646959065254868e-01    1.331146945208303600e-06    1.000000000000000036e-10
1.769692261669521260e-01    1.307810515007106737e-06    1.000000000000000036e-10
1.778784034407269732e-01    1.018810551236052137e-06    1.000000000000000036e-10
1.787922516018254082e-01    1.300786221927571162e-06    1.000000000000000036e-10
1.797107946468747275e-01    7.630220118768004926e-07    1.000000000000000036e-10
1.806340566957849725e-01    7.350742787077010411e-07    1.000000000000000036e-10
1.815620619923817569e-01    6.286897445105682445e-07    1.000000000000000036e-10
1.824948349050431184e-01    8.641537563230722215e-07    1.000000000000000036e-10
1.834323999273393957e-01    3.532491650605658785e-07    1.000000000000000036e-10
1.843747816786761307e-01    5.414110389311785060e-07    1.000000000000000036e-10
1.853220049049409679e-01    7.190087784670593588e-07    1.000000000000000036e-10
1.862740944791532183e-01    7.032689920125791472e-07    1.000000000000000036e-10
1.872310754021170032e-01    5.641289710883143907e-07    1.000000000000000036e-10
1.881929728030778681e-01    6.526290149704850461e-07    1.000000000000000036e-10
1.891598119403822831e-01    5.764561319828283255e-07    1.000000000000000036e-10
1.901316182021414725e-01    3.129505193117177429e-07    1.000000000000000036e-10
1.911084171068976323e-01    5.424084676625919420e-07    1.000000000000000036e-10
1.920902343042941995e-01    5.775620871103954899e-07    1.000000000000000036e-10
1.930770955757494522e-01    3.197162812066139568e-07    1.000000000000000036e-10
1.940690268351330516e-01    3.599266151381540091e-07    1.000000000000000036e-10
1.950660541294471917e-01    4.064393968027342999e-07    1.000000000000000036e-10
1.960682036395101357e-01    4.172155127665407812e-07    1.000000000000000036e-10
1.970755016806437498e-01    7.597774027143808019e-07    1.000000000000000036e-10
1.980879747033646998e-01    1.052598993708930302e-06    1.000000000000000036e-10
1.991056492940784794e-01    1.072200050932042076e-06    1.000000000000000036e-10
2.001285521757782959e-01    7.504713164630957610e-07    1.000000000000000036e-10
2.011567102087462866e-01    6.859820782264021391e-07    1.000000000000000036e-10
2.021901503912589826e-01    2.482951363382341835e-07    1.000000000000000036e-10
2.032288998602963248e-01    1.223316156306404802e-06    1.000000000000000036e-10
2.042729858922538722e-01    5.679922931495296897e-07    1.000000000000000036e-10
2.053224359036595892e-01    1.261936440183570449e-06    1.000000000000000036e-10
2.063772774518934650e-01    2.605792262084110996e-07    1.000000000000000036e-10
2.074375382359112396e-01    5.402675398418698839e-07    1.000000000000000036e-10
2.085032460969717116e-01    2.515936609562692083e-07    1.000000000000000036e-10
2.095744290193675974e-01    7.021178427303431972e-07    1.000000000000000036e-10
2.106511151311608043e-01    3.639538406227428908e-07    1.000000000000000036e-10
2.117333327049207847e-01    1.270399693174283744e-07    1.000000000000000036e-10
2.128211101584669696e-01    4.353351890186053939e-07    1.000000000000000036e-10
2.139144760556150604e-01    4.054427062153065953e-07    1.000000000000000036e-10
2.150134591069267076e-01    4.207432369182465343e-07    1.000000000000000036e-10
2.161180881704641010e-01    8.720831191294042370e-07    1.000000000000000036e-10
2.172283922525472255e-01    3.849957598672403884e-07    1.000000000000000036e-10
2.183444005085156681e-01    9.575865318025966490e-07    1.000000000000000036e-10
2.194661422434943665e-01    2.067644297383647931e-07    1.000000000000000036e-10
2.205936469131626887e-01    1.947271432318548444e-07    1.000000000000000036e-10
2.217269441245284245e-01    3.759892337075596990e-07    1.000000000000000036e-10
2.228660636367050252e-01    6.758432074504073167e-07    1.000000000000000036e-10
2.240110353616929506e-01    2.118757420017917407e-07    1.000000000000000036e-10
2.251618893651653464e-01    3.683233072890513009e-07    1.000000000000000036e-10
2.263186558672570237e-01    2.424999841423766588e-07    1.000000000000000036e-10
2.274813652433587408e-01    1.416069139411683053e-06    1.000000000000000036e-10
2.286500480249143430e-01    7.809842009510148026e-07    1.000000000000000036e-10
2.298247349002226492e-01    4.412989183637027724e-07    1.000000000000000036e-10
2.310054567152432237e-01    7.308013810442990682e-07    1.000000000000000036e-10
2.321922444744062008e-01    1.091772983217987750e-06    1.000000000000000036e-10
2.333851293414268002e-01    4.793228588052260722e-07    1.000000000000000036e-10
2.345841426401234497e-01    3.261160699980417087e-07    1.000000000000000036e-10
2.357893158552402668e-01    2.080616881698596002e-07    1.000000000000000036e-10
2.370006806332739524e-01    1.340947456932355989e-07    1.000000000000000036e-10
2.382182687833044321e-01    -3.035672354311342511e-07    1.000000000000000036e-10
2.394421122778306876e-01    5.458690535515597009e-07    1.000000000000000036e-10
2.406722432536099465e-01    3.921411794049597865e-07    1.000000000000000036e-10
2.419086940125015905e-01    4.028289761512460500e-07    1.000000000000000036e-10
2.431514970223155880e-01    1.718829133991822296e-06    1.000000000000000036e-10
2.444006849176645346e-01    2.756908147848196383e-07    1.000000000000000036e-10
2.456562905008212450e-01    6.894375922600077860e-07    1.000000000000000036e-10
2.469183467425797862e-01    8.440624338348043197e-08    1.000000000000000036e-10
2.481868867831212300e-01    4.829072988234199649e-07    1.000000000000000036e-10
2.494619439328840671e-01    1.374527938837716060e-06    1.000000000000000036e-10
2.507435516734383696e-01    7.612405980460531859e-07    1.000000000000000036e-10
2.520317436583658366e-01    1.297327055795017337e-06    1.000000000000000036e-10
2.533265537141428103e-01    2.415323720486086850e-06    1.000000000000000036e-10
2.546280158410287320e-01    -3.094636928404782542e-07    1.000000000000000036e-10
2.559361642139592607e-01    2.054671573263825461e-06    1.000000000000000036e-10
2.572510331834428343e-01    8.142920190638458888e-07    1.000000000000000036e-10
2.585726572764636133e-01    -3.149342150484291272e-07    1.000000000000000036e-10
2.599010711973876453e-01    6.922327618131668316e-07    1.000000000000000036e-10
2.612363098288742469e-01    6.443892208866451755e-07    1.000000000000000036e-10
2.625784082327919378e-01    4.509648774891225295e-07    1.000000000000000036e-10
2.639274016511393706e-01    3.540105521848342048e-07    1.000000000000000036e-10
2.652833255069700358e-01    -1.308207608223752956e-06    1.000000000000000036e-10
2.666462154053234057e-01    -7.702047120162894970e-07    1.000000000000000036e-10
2.680161071341592982e-01    -1.685185137346264904e-06    1.000000000000000036e-10
2.693930366652976804e-01    1.484224191025906603e-07    1.000000000000000036e-10
2.707770401553635242e-01    2.160878811042546715e-06    1.000000000000000036e-10
2.721681539467355471e-01    5.574479903377547781e-08    1.000000000000000036e-10
2.735664145685013926e-01    2.324813855415882726e-06    1.000000000000000036e-10
2.749718587374164191e-01    -5.605593958710792206e-07    1.000000000000000036e-10
2.763845233588678729e-01    -8.168217574741620547e-07    1.000000000000000036e-10
2.778044455278440017e-01    1.797113250572554581e-06    1.000000000000000036e-10
2.792316625299077204e-01    -1.396383206336024902e-06    1.000000000000000036e-10
2.806662118421766605e-01    -4.227582401434278010e-07    1.000000000000000036e-10
2.821081311343063280e-01    1.827128009231239261e-06    1.000000000000000036e-10
2.835574582694797563e-01    -4.647964949693398135e-07    1.000000000000000036e-10
2.850142313054017662e-01    8.587764409096165270e-08    1.000000000000000036e-10
2.864784884952976673e-01    1.987846472230015042e-06    1.000000000000000036e-10
2.879502682889188425e-01    -1.368093171416817692e-06    1.000000000000000036e-10
2.894296093335515518e-01    -6.356226024142355511e-06    1.000000000000000036e-10
2.909165504750320097e-01    -7.802469269619711811e-06    1.000000000000000036e-10
2.924111307587666242e-01    6.709620107262683851e-06    1.000000000000000036e-10
2.939133894307566774e-01    1.029818340823703443e-06    1.000000000000000036e-10
2.954233659386298338e-01    3.618429267581381734e-06    1.000000000000000036e-10
2.969410999326751455e-01    1.859818422356306613e-06    1.000000000000000036e-10
2.984666312668846633e-01    -5.037459591161138175e-07    1.000000000000000036e-10
2.999999999999999334e-01    3.606939893139415601e-06    1.000000000000000036e-10
