4.999999999999999237e-03    9.998238350951338393e-01    1.000000000000000036e-10
5.041194267029587388e-03    9.998370513052147190e-01    1.000000000000000036e-10
5.082727927586390936e-03    9.998884387100533955e-01    1.000000000000000036e-10
5.124603777883937963e-03    9.998300810292093388e-01    1.000000000000000036e-10
5.166824637173335344e-03    9.998515040794970776e-01    1.000000000000000036e-10
5.209393347933089988e-03    9.996313136068488703e-01    1.000000000000000036e-10
5.252312776060467057e-03    1.000181972726591706e+00    1.000000000000000036e-10
5.295585811064457138e-03    9.997879065756698491e-01    1.000000000000000036e-10
5.339215366260274299e-03    1.000090395560784495e+00    1.000000000000000036e-10
5.383204378965509955e-03    9.997390418155708280e-01    1.000000000000000036e-10
5.427555810697900010e-03    9.997612174497023663e-01    1.000000000000000036e-10
5.472272647374675815e-03    9.999442272206290339e-01    1.000000000000000036e-10
5.517357899513603003e-03    1.000289437409992876e+00    1.000000000000000036e-10
5.562814602435676124e-03    9.999612256567920188e-01    1.000000000000000036e-10
5.608645816469441311e-03    1.000004694705427077e+00    1.000000000000000036e-10
5.654854627157045871e-03    9.999102752367293734e-01    1.000000000000000036e-10
5.701444145461961877e-03    1.000238188290348829e+00    1.000000000000000036e-10
5.748417507978449692e-03    1.000071570211756411e+00    1.000000000000000036e-10
5.795777877142694635e-03    9.998346281958326864e-01    1.000000000000000036e-10
5.843528441445726938e-03    9.999550849073386427e-01    1.000000000000000036e-10
5.891672415648108521e-03    9.998050000063911646e-01    1.000000000000000036e-10
5.940213040996321532e-03    1.000307853310515860e+00    1.000000000000000036e-10
5.989153585441003499e-03    1.000084877326027133e+00    1.000000000000000036e-10
6.038497343856977922e-03    9.998298499293680752e-01    1.000000000000000036e-10
6.088247638265037801e-03    9.997455274570221651e-01    1.000000000000000036e-10
6.138407818055626949e-03    1.000063685100352373e+00    1.000000000000000036e-10
6.188981260214319359e-03    9.998724690397673420e-01    1.000000000000000036e-10
6.239971369549196338e-03    9.999469246442960202e-01    1.000000000000000036e-10
6.291381578920034710e-03    1.000073027992515629e+00    1.000000000000000036e-10
6.343215349469440503e-03    9.999353085459071755e-01    1.000000000000000036e-10
6.395476170855885628e-03    1.000262240087727905e+00    1.000000000000000036e-10
6.448167561488605919e-03    1.000022059497734261e+00    1.000000000000000036e-10
6.501293068764496703e-03    1.000017006671882092e+00    1.000000000000000036e-10
6.554856269306955606e-03    1.000151276049393356e+00    1.000000000000000036e-10
6.608860769206635274e-03    1.000147932520699889e+00    1.000000000000000036e-10
6.663310204264248290e-03    1.000232689092070748e+00    1.000000000000000036e-10
6.718208240235328844e-03    9.998842052118306345e-01    1.000000000000000036e-10
6.773558573077055264e-03    9.999918733476740318e-01    1.000000000000000036e-10
6.829364929197033647e-03    1.000200805266025395e+00    1.000000000000000036e-10
6.885631065704195253e-03    9.999972136841188686e-01    1.000000000000000036e-10
6.942360770661764290e-03    9.997941979789212175e-01    1.000000000000000036e-10
6.999557863342239714e-03    9.997799041533412812e-01    1.000000000000000036e-10
7.057226194484553239e-03    1.000095297017928875e+00    1.000000000000000036e-10
7.115369646553306414e-03    1.000120412089353650e+00    1.000000000000000036e-10
7.173992134000174367e-03    1.000072242676062650e+00    1.000000000000000036e-10
7.233097603527407701e-03    1.000253333131739142e+00    1.000000000000000036e-10
7.292690034353555700e-03    9.998759839366657687e-01    1.000000000000000036e-10
7.352773438481390901e-03    9.997015766826958805e-01    1.000000000000000036e-10
7.413351860967963038e-03    9.999248235369770921e-01    1.000000000000000036e-10
7.474429380196956699e-03    1.000259378946967592e+00    1.000000000000000036e-10
7.536010108153282441e-03    9.998768655500234193e-01    1.000000000000000036e-10
7.598098190699871003e-03    9.999276297807699887e-01    1.000000000000000036e-10
7.660697807856806790e-03    9.999481767969559121e-01    1.000000000000000036e-10
7.723813174082772882e-03    9.999465029010441430e-01    1.000000000000000036e-10
7.787448538558735568e-03    1.000032969303080055e+00    1.000000000000000036e-10
7.851608185474048818e-03    1.000027448221409765e+00    1.000000000000000036e-10
7.916296434314863337e-03    9.999954426175291511e-01    1.000000000000000036e-10
7.981517640154971172e-03    1.000032639638991361e+00    1.000000000000000036e-10
8.047276193948953160e-03    9.997911993616412918e-01    1.000000000000000036e-10
8.113576522827820048e-03    1.000010607613438740e+00    1.000000000000000036e-10
8.180423090397093491e-03    9.999756018028759241e-01    1.000000000000000036e-10
8.247820397037258430e-03    9.998597742661516907e-01    1.000000000000000036e-10
8.315772980206784584e-03    1.000332458045480655e+00    1.000000000000000036e-10
8.384285414747590440e-03    9.998380221477274343e-01    1.000000000000000036e-10
8.453362313193067690e-03    9.999116396401114271e-01    1.000000000000000036e-10
8.523008326078574184e-03    1.000254556164281494e+00    1.000000000000000036e-10
8.593228142254541110e-03    9.997613032481623696e-01    1.000000000000000036e-10
8.664026489202182255e-03    9.999002287385334586e-01    1.000000000000000036e-10
8.735408133351704740e-03    9.999363406035233215e-01    1.000000000000000036e-10
8.807377880403241543e-03    9.997466891675975686e-01    1.000000000000000036e-10
8.879940575650403442e-03    1.000082097398049541e+00    1.000000000000000036e-10
8.953101104306446928e-03    1.000134099137477195e+00    1.000000000000000036e-10
9.026864391833177778e-03    1.000188970677033495e+00    1.000000000000000036e-10
9.101235404272588550e-03    9.997689285863438080e-01    1.000000000000000036e-10
9.176219148581136326e-03    9.996542030620216845e-01    1.000000000000000036e-10
9.251820672966870607e-03    9.998205896532063042e-01    1.000000000000000036e-10
9.328045067229272583e-03    1.000003998820085949e+00    1.000000000000000036e-10
9.404897463101967101e-03    1.000373000030422066e+00    1.000000000000000036e-10
9.482383034598149477e-03    9.997682793774492760e-01    1.000000000000000036e-10
9.560506998358954400e-03    9.997385476024370776e-01    1.000000000000000036e-10
9.639274614004681926e-03    9.998084872327100969e-01    1.000000000000000036e-10
9.718691184488849333e-03    9.997936183901880991e-01    1.000000000000000036e-10
9.798762056455237110e-03    9.998509615066243361e-01    1.000000000000000036e-10
9.879492620597828470e-03    9.999030885458461970e-01    1.000000000000000036e-10
9.960888312023777683e-03    9.994349658900113509e-01    1.000000000000000036e-10
1.004295461061925458e-02    9.974147717607664276e-01    1.000000000000000036e-10
1.012569704141843066e-02    9.893379444197809569e-01    1.000000000000000036e-10
1.020912117497540551e-02    9.735137142633116802e-01    1.000000000000000036e-10
1.029323262773927661e-02    9.567580798026711353e-01    1.000000000000000036e-10
1.037803706243222227e-02    9.423023234351249888e-01    1.000000000000000036e-10
1.046354018843077480e-02    9.300534370507859139e-01    1.000000000000000036e-10
1.054974776215018319e-02    9.174226389130164527e-01    1.000000000000000036e-10
1.063666558743193991e-02    9.052731536425215886e-01    1.000000000000000036e-10
1.072429951593455513e-02    8.931199208231216380e-01    1.000000000000000036e-10
1.081265544752749164e-02    8.804164802184836214e-01    1.000000000000000036e-10
1.090173933068836788e-02    8.676098875157804979e-01    1.000000000000000036e-10
1.099155716290342935e-02    8.542092160264116441e-01    1.000000000000000036e-10
1.108211499107134707e-02    8.403573825615572312e-01    1.000000000000000036e-10
1.117341891191030515e-02    8.258064105652063169e-01    1.000000000000000036e-10
1.126547507236843639e-02    8.103915203103096987e-01    1.000000000000000036e-10
1.135828967003769258e-02    7.943724323800995801e-01    1.000000000000000036e-10
1.145186895357108020e-02    7.781444367835427256e-01    1.000000000000000036e-10
1.154621922310332567e-02    7.602773180821907895e-01    1.000000000000000036e-10
1.164134683067506032e-02    7.423153342322430515e-01    1.000000000000000036e-10
1.173725818066042974e-02    7.232833382477422690e-01    1.000000000000000036e-10
1.183395973019829746e-02    7.034707720023205546e-01    1.000000000000000036e-10
1.193145798962692676e-02    6.824152921526571713e-01    1.000000000000000036e-10
1.202975952292232101e-02    6.608283142828832446e-01    1.000000000000000036e-10
1.212887094814011843e-02    6.382952556352925466e-01    1.000000000000000036e-10
1.222879893786113156e-02    6.151494506968264719e-01    1.000000000000000036e-10
1.232955021964060420e-02    5.907011425887722655e-01    1.000000000000000036e-10
1.243113157646112167e-02    5.658120378985229681e-01    1.000000000000000036e-10
1.253354984718925078e-02    5.400927187760656834e-01    1.000000000000000036e-10
1.263681192703600305e-02    5.138398242653782200e-01    1.000000000000000036e-10
1.274092476802099645e-02    4.867797558928472212e-01    1.000000000000000036e-10
1.284589537944054623e-02    4.596514704132674822e-01    1.000000000000000036e-10
1.295173082833950447e-02    4.320877826129536081e-01    1.000000000000000036e-10
1.305843823998708957e-02    4.043430044971028092e-01    1.000000000000000036e-10
1.316602479835657195e-02    3.763506671085759536e-01    1.000000000000000036e-10
1.327449774660889939e-02    3.486405534277114970e-01    1.000000000000000036e-10
1.338386438758038671e-02    3.211420872933393733e-01    1.000000000000000036e-10
1.349413208427434167e-02    2.942151527301221647e-01    1.000000000000000036e-10
1.360530826035676044e-02    2.678096133750968444e-01    1.000000000000000036e-10
1.371740040065615868e-02    2.420968453648553176e-01    1.000000000000000036e-10
1.383041605166743238e-02    2.173951176662809459e-01    1.000000000000000036e-10
1.394436282205997052e-02    1.938917440652833946e-01    1.000000000000000036e-10
1.405924838318984259e-02    1.715109387452356249e-01    1.000000000000000036e-10
1.417508046961631941e-02    1.504164413337455430e-01    1.000000000000000036e-10
1.429186687962257299e-02    1.308831740329334803e-01    1.000000000000000036e-10
1.440961547574066449e-02    1.128855797883198120e-01    1.000000000000000036e-10
1.452833418528092640e-02    9.639591466467455072e-02    1.000000000000000036e-10
1.464803100086563628e-02    8.154882633538006187e-02    1.000000000000000036e-10
1.476871398096709677e-02    6.832430554602036965e-02    1.000000000000000036e-10
1.489039125045021027e-02    5.669924789067780357e-02    1.000000000000000036e-10
1.501307100111941815e-02    4.666580314133980667e-02    1.000000000000000036e-10
1.513676149227027347e-02    3.812753439904111724e-02    1.000000000000000036e-10
1.526147105124541804e-02    3.105891897231485843e-02    1.000000000000000036e-10
1.538720807399527636e-02    2.535087829361972259e-02    1.000000000000000036e-10
1.551398102564327530e-02    2.092421910284583339e-02    1.000000000000000036e-10
1.564179844105572856e-02    1.768757239569911099e-02    1.000000000000000036e-10
1.577066892541648807e-02    1.552636989692897547e-02    1.000000000000000036e-10
1.590060115480625494e-02    1.434178997524039774e-02    1.000000000000000036e-10
1.603160387678666601e-02    1.401922970544817668e-02    1.000000000000000036e-10
1.616368591098924293e-02    1.446132191206615965e-02    1.000000000000000036e-10
1.629685614970917060e-02    1.555697114170259861e-02    1.000000000000000036e-10
1.643112355850395029e-02    1.722266868342827231e-02    1.000000000000000036e-10
1.656649717679697237e-02    1.934710472242812118e-02    1.000000000000000036e-10
1.670298611848614403e-02    2.184808556757670411e-02    1.000000000000000036e-10
1.684059957255742632e-02    2.465001574710001808e-02    1.000000000000000036e-10
1.697934680370347463e-02    2.767448136480610277e-02    1.000000000000000036e-10
1.711923715294741410e-02    3.085114010474296342e-02    1.000000000000000036e-10
1.726028003827168728e-02    3.412017642373942061e-02    1.000000000000000036e-10
1.740248495525209202e-02    3.742607004753618904e-02    1.000000000000000036e-10
1.754586147769708962e-02    4.070195502739014370e-02    1.000000000000000036e-10
1.769041925829236556e-02    4.393085677559535607e-02    1.000000000000000036e-10
1.783616802925065692e-02    4.704558343508370016e-02    1.000000000000000036e-10
1.798311760296695747e-02    5.004799571069115660e-02    1.000000000000000036e-10
1.813127787267916624e-02    5.287154890292085352e-02    1.000000000000000036e-10
1.828065881313412772e-02    5.551338508163945751e-02    1.000000000000000036e-10
1.843127048125913631e-02    5.793976552013505033e-02    1.000000000000000036e-10
1.858312301683902670e-02    6.015447429680952779e-02    1.000000000000000036e-10
1.873622664319889511e-02    6.209347064344489242e-02    1.000000000000000036e-10
1.889059166789225711e-02    6.380065498783363265e-02    1.000000000000000036e-10
1.904622848339505847e-02    6.524280844425559001e-02    1.000000000000000036e-10
1.920314756780535509e-02    6.639713069843097837e-02    1.000000000000000036e-10
1.936135948554870354e-02    6.730674916545734132e-02    1.000000000000000036e-10
1.952087488808940119e-02    6.795166152050616248e-02    1.000000000000000036e-10
1.968170451464761744e-02    6.831136050736444365e-02    1.000000000000000036e-10
1.984385919292238482e-02    6.839188113111342726e-02    1.000000000000000036e-10
2.000734983982054363e-02    6.824526986613371760e-02    1.000000000000000036e-10
2.017218746219170966e-02    6.782073540153785163e-02    1.000000000000000036e-10
2.033838315756939658e-02    6.714475147541058841e-02    1.000000000000000036e-10
2.050594811491799480e-02    6.622780040325704221e-02    1.000000000000000036e-10
2.067489361538614456e-02    6.512161368264811345e-02    1.000000000000000036e-10
2.084523103306623951e-02    6.375473761540956241e-02    1.000000000000000036e-10
2.101697183576015787e-02    6.221138385121209591e-02    1.000000000000000036e-10
2.119012758575127345e-02    6.047695372173943207e-02    1.000000000000000036e-10
2.136470994058295783e-02    5.860181040277379072e-02    1.000000000000000036e-10
2.154073065384336932e-02    5.653851958087129786e-02    1.000000000000000036e-10
2.171820157595674011e-02    5.432927994779420539e-02    1.000000000000000036e-10
2.189713465498120334e-02    5.202944240812282239e-02    1.000000000000000036e-10
2.207754193741321910e-02    4.958801908676152559e-02    1.000000000000000036e-10
2.225943556899856457e-02    4.709397007087983561e-02    1.000000000000000036e-10
2.244282779554999940e-02    4.450674317493082122e-02    1.000000000000000036e-10
2.262773096377177634e-02    4.189669823922952813e-02    1.000000000000000036e-10
2.281415752209083395e-02    3.926760858546218813e-02    1.000000000000000036e-10
2.300212002149483806e-02    3.662142866049466344e-02    1.000000000000000036e-10
2.319163111637724539e-02    3.397164770141332391e-02    1.000000000000000036e-10
2.338270356538919501e-02    3.137084599233072590e-02    1.000000000000000036e-10
2.357535023229846011e-02    2.880151010911167347e-02    1.000000000000000036e-10
2.376958408685551916e-02    2.631597429422651707e-02    1.000000000000000036e-10
2.396541820566674280e-02    2.389940477331767982e-02    1.000000000000000036e-10
2.416286577307473829e-02    2.157870816441621875e-02    1.000000000000000036e-10
2.436194008204595196e-02    1.937041493838455308e-02    1.000000000000000036e-10
2.456265453506566165e-02    1.728664862900169616e-02    1.000000000000000036e-10
2.476502264504026538e-02    1.532713302997572823e-02    1.000000000000000036e-10
2.496905803620696682e-02    1.351554437169750697e-02    1.000000000000000036e-10
2.517477444505111100e-02    1.185478347902964823e-02    1.000000000000000036e-10
2.538218572123092723e-02    1.035228221939217194e-02    1.000000000000000036e-10
2.559130582850992208e-02    9.010632552185428648e-03    1.000000000000000036e-10
2.580214884569700592e-02    7.832751677990079653e-03    1.000000000000000036e-10
2.601472896759435618e-02    6.815838727634694096e-03    1.000000000000000036e-10
2.622906050595304184e-02    5.961536218004478103e-03    1.000000000000000036e-10
2.644515789043651657e-02    5.270600668074150973e-03    1.000000000000000036e-10
2.666303566959215415e-02    4.733493352766933795e-03    1.000000000000000036e-10
2.688270851183067675e-02    4.345103298840260163e-03    1.000000000000000036e-10
2.710419120641366017e-02    4.096134214417747853e-03    1.000000000000000036e-10
2.732749866444923389e-02    3.979329017181100492e-03    1.000000000000000036e-10
2.755264591989604189e-02    3.985141280619938081e-03    1.000000000000000036e-10
2.777964813057521784e-02    4.100299585761094968e-03    1.000000000000000036e-10
2.800852057919098193e-02    4.311793378775289308e-03    1.000000000000000036e-10
2.823927867435955044e-02    4.608309696473848749e-03    1.000000000000000036e-10
2.847193795164645186e-02    4.978648252098001777e-03    1.000000000000000036e-10
2.870651407461243323e-02    5.404283174131014472e-03    1.000000000000000036e-10
2.894302283586805760e-02    5.875268379688159716e-03    1.000000000000000036e-10
2.918148015813689863e-02    6.375668357609684186e-03    1.000000000000000036e-10
2.942190209532748180e-02    6.894166798059282036e-03    1.000000000000000036e-10
2.966430483361411422e-02    7.415798920153188374e-03    1.000000000000000036e-10
2.990870469252671082e-02    7.931222557319751038e-03    1.000000000000000036e-10
3.015511812604931841e-02    8.422446791128055527e-03    1.000000000000000036e-10
3.040356172372795165e-02    8.885913773713793179e-03    1.000000000000000036e-10
3.065405221178749487e-02    9.308669889932673011e-03    1.000000000000000036e-10
3.090660645425775607e-02    9.678258409607608595e-03    1.000000000000000036e-10
3.116124145410875679e-02    9.990001363969705159e-03    1.000000000000000036e-10
3.141797435439554198e-02    1.024609955070287202e-02    1.000000000000000036e-10
3.167682243941228465e-02    1.043368732505501120e-02    1.000000000000000036e-10
3.193780313585588282e-02    1.054589232082207319e-02    1.000000000000000036e-10
3.220093401399923977e-02    1.058413477836710019e-02    1.000000000000000036e-10
3.246623278887418584e-02    1.054857079993119090e-02    1.000000000000000036e-10
3.273371732146411472e-02    1.043901229857440230e-02    1.000000000000000036e-10
3.300340561990638272e-02    1.025938969790218119e-02    1.000000000000000036e-10
3.327531584070481108e-02    1.001085748901398183e-02    1.000000000000000036e-10
3.354946628995198604e-02    9.693520892448435206e-03    1.000000000000000036e-10
3.382587542456165497e-02    9.316455226994613606e-03    1.000000000000000036e-10
3.410456185351143366e-02    8.888463700234170220e-03    1.000000000000000036e-10
3.438554433909556118e-02    8.409133196852472750e-03    1.000000000000000036e-10
3.466884179818804923e-02    7.894758395975474616e-03    1.000000000000000036e-10
3.495447330351624665e-02    7.347478847527722651e-03    1.000000000000000036e-10
3.524245808494495813e-02    6.778712002280611569e-03    1.000000000000000036e-10
3.553281553077101279e-02    6.197912767773334358e-03    1.000000000000000036e-10
3.582556518902852566e-02    5.608144277391987655e-03    1.000000000000000036e-10
3.612072676880506011e-02    5.026716886046945533e-03    1.000000000000000036e-10
3.641832014156844849e-02    4.455802417682433805e-03    1.000000000000000036e-10
3.671836534250458306e-02    3.906384876946379821e-03    1.000000000000000036e-10
3.702088257186638559e-02    3.383403517115930910e-03    1.000000000000000036e-10
3.732589219633367789e-02    2.896494426472830466e-03    1.000000000000000036e-10
3.763341475038435580e-02    2.446806896612529168e-03    1.000000000000000036e-10
3.794347093767685281e-02    2.045242212104521080e-03    1.000000000000000036e-10
3.825608163244404586e-02    1.690646340639730691e-03    1.000000000000000036e-10
3.857126788089856179e-02    1.386605241628190936e-03    1.000000000000000036e-10
3.888905090264964393e-02    1.134701574738829774e-03    1.000000000000000036e-10
3.920945209213182181e-02    9.351344976250224690e-04    1.000000000000000036e-10
3.953249302004524512e-02    7.866302651517387496e-04    1.000000000000000036e-10
3.985819543480785543e-02    6.881296263805878038e-04    1.000000000000000036e-10
4.018658126401961073e-02    6.343324544560892267e-04    1.000000000000000036e-10
4.051767261593886005e-02    6.236145603559262477e-04    1.000000000000000036e-10
4.085149178097054190e-02    6.496316670016091246e-04    1.000000000000000036e-10
4.118806123316698375e-02    7.073544081053494180e-04    1.000000000000000036e-10
4.152740363174097643e-02    7.910986197775378382e-04    1.000000000000000036e-10
4.186954182259126217e-02    8.939241889030069945e-04    1.000000000000000036e-10
4.221449883984050577e-02    1.010373788233591853e-03    1.000000000000000036e-10
4.256229790738620677e-02    1.134451054314267356e-03    1.000000000000000036e-10
4.291296244046415020e-02    1.258160595581621919e-03    1.000000000000000036e-10
4.326651604722478450e-02    1.377846599264062263e-03    1.000000000000000036e-10
4.362298253032260292e-02    1.485736282277204954e-03    1.000000000000000036e-10
4.398238588851883374e-02    1.579747887098956194e-03    1.000000000000000036e-10
4.434475031829683556e-02    1.655341468704139580e-03    1.000000000000000036e-10
4.471010021549128022e-02    1.709109497209518888e-03    1.000000000000000036e-10
4.507846017693056817e-02    1.738888415270046714e-03    1.000000000000000036e-10
4.544985500209279550e-02    1.744120793671284989e-03    1.000000000000000036e-10
4.582430969477522403e-02    1.724264861928127704e-03    1.000000000000000036e-10
4.620184946477781662e-02    1.680266970379654806e-03    1.000000000000000036e-10
4.658249972960039342e-02    1.612604817950049610e-03    1.000000000000000036e-10
4.696628611615376314e-02    1.524083364601214316e-03    1.000000000000000036e-10
4.735323446248511370e-02    1.418381671860297890e-03    1.000000000000000036e-10
4.774337081951755130e-02    1.298412930852642670e-03    1.000000000000000036e-10
4.813672145280391279e-02    1.166899403014759256e-03    1.000000000000000036e-10
4.853331284429503178e-02    1.029688974314561280e-03    1.000000000000000036e-10
4.893317169412268741e-02    8.900032148268431599e-04    1.000000000000000036e-10
4.933632492239715950e-02    7.510423823998855705e-04    1.000000000000000036e-10
4.974279967101948030e-02    6.174439012968325948e-04    1.000000000000000036e-10
5.015262330550893100e-02    4.925407010297434482e-04    1.000000000000000036e-10
5.056582341684520004e-02    3.788817125240528006e-04    1.000000000000000036e-10
5.098242782332607775e-02    2.796235302778810701e-04    1.000000000000000036e-10
5.140246457244023598e-02    1.956307748771573076e-04    1.000000000000000036e-10
5.182596194275541218e-02    1.274262568267670297e-04    1.000000000000000036e-10
5.225294844582243498e-02    7.657194568804058141e-05    1.000000000000000036e-10
5.268345282809450830e-02    4.107545733677030387e-05    1.000000000000000036e-10
5.311750407286272568e-02    2.105441985998085367e-05    1.000000000000000036e-10
5.355513140220727331e-02    1.490269880255072743e-05    1.000000000000000036e-10
5.399636427896468277e-02    1.988379507390218530e-05    1.000000000000000036e-10
5.444123240871159147e-02    3.367197541075121661e-05    1.000000000000000036e-10
5.488976574176442774e-02    5.438289641747834818e-05    1.000000000000000036e-10
5.534199447519595055e-02    7.887100133267195318e-05    1.000000000000000036e-10
5.579794905486819279e-02    1.048505645468562176e-04    1.000000000000000036e-10
5.625766017748207865e-02    1.307092738930547597e-04    1.000000000000000036e-10
5.672115879264428423e-02    1.527349589130845347e-04    1.000000000000000036e-10
5.718847610495061962e-02    1.700031476915372279e-04    1.000000000000000036e-10
5.765964357608709817e-02    1.828349535351730124e-04    1.000000000000000036e-10
5.813469292694793678e-02    1.885363090497755700e-04    1.000000000000000036e-10
5.861365613977106287e-02    1.885146869629103895e-04    1.000000000000000036e-10
5.909656546029149610e-02    1.822901919761877047e-04    1.000000000000000036e-10
5.958345339991202166e-02    1.696991211001096385e-04    1.000000000000000036e-10
6.007435273789221708e-02    1.541200429957130774e-04    1.000000000000000036e-10
6.056929652355506205e-02    1.353941255330559537e-04    1.000000000000000036e-10
6.106831807851215155e-02    1.149097133414671203e-04    1.000000000000000036e-10
6.157145099890695694e-02    9.455158314443327786e-05    1.000000000000000036e-10
6.207872915767655847e-02    7.561585744416804953e-05    1.000000000000000036e-10
6.259018670683230701e-02    5.954332088770921528e-05    1.000000000000000036e-10
6.310585807975888084e-02    4.680860975418670028e-05    1.000000000000000036e-10
6.362577799353262564e-02    3.774358844056217426e-05    1.000000000000000036e-10
6.414998145125878903e-02    3.323948919216111557e-05    1.000000000000000036e-10
6.467850374442801753e-02    3.217329198507449059e-05    1.000000000000000036e-10
6.521138045529244198e-02    3.536960957966172442e-05    1.000000000000000036e-10
6.574864745926108089e-02    4.147436625776225385e-05    1.000000000000000036e-10
6.629034092731525551e-02    4.861421643417957144e-05    1.000000000000000036e-10
6.683649732844369751e-02    5.633483525104724055e-05    1.000000000000000036e-10
6.738715343209772390e-02    6.308682417084155759e-05    1.000000000000000036e-10
6.794234631066684016e-02    6.856513686586687088e-05    1.000000000000000036e-10
6.850211334197447988e-02    7.177979612645957533e-05    1.000000000000000036e-10
6.906649221179451958e-02    7.182462758133963403e-05    1.000000000000000036e-10
6.963552091638844366e-02    6.871777884776979249e-05    1.000000000000000036e-10
7.020923776506324265e-02    6.277207304509388713e-05    1.000000000000000036e-10
7.078768138275080835e-02    5.429180121929696242e-05    1.000000000000000036e-10
7.137089071260804829e-02    4.385218259308944487e-05    1.000000000000000036e-10
7.195890501863895505e-02    3.243220233115824713e-05    1.000000000000000036e-10
7.255176388833786683e-02    2.152188777761790858e-05    1.000000000000000036e-10
7.314950723535458554e-02    1.202969301279135647e-05    1.000000000000000036e-10
7.375217530218178275e-02    5.518292519722953455e-06    1.000000000000000036e-10
7.435980866286395763e-02    3.195038546482181308e-06    1.000000000000000036e-10
7.497244822572933509e-02    3.923507057216718757e-06    1.000000000000000036e-10
7.559013523614385721e-02    8.983577216030262996e-06    1.000000000000000036e-10
7.621291127928789266e-02    1.833747679547869980e-05    1.000000000000000036e-10
7.684081828295614980e-02    2.993393249383513536e-05    1.000000000000000036e-10
7.747389852038012725e-02    4.433832897991012135e-05    1.000000000000000036e-10
7.811219461307443435e-02    6.050824047399795734e-05    1.000000000000000036e-10
7.875574953370606535e-02    7.542073593091221800e-05    1.000000000000000036e-10
7.940460660898739087e-02    8.859866810687366562e-05    1.000000000000000036e-10
8.005880952259337990e-02    9.865726010414351953e-05    1.000000000000000036e-10
8.071840231810226141e-02    1.044175442890252545e-04    1.000000000000000036e-10
8.138342940196094388e-02    1.061116204167311607e-04    1.000000000000000036e-10
8.205393554647454069e-02    1.028955342596365953e-04    1.000000000000000036e-10
8.272996589282051449e-02    9.556907221008867684e-05    1.000000000000000036e-10
8.341156595408802388e-02    8.421603728524527975e-05    1.000000000000000036e-10
8.409878161834173638e-02    7.099917570472465730e-05    1.000000000000000036e-10
8.479165915171148205e-02    5.595055720128384939e-05    1.000000000000000036e-10
8.549024520150695639e-02    4.187330608852590102e-05    1.000000000000000036e-10
8.619458679935808332e-02    2.965734022605913202e-05    1.000000000000000036e-10
8.690473136438163493e-02    2.035913368918602638e-05    1.000000000000000036e-10
8.762072670637337246e-02    1.561863726043426353e-05    1.000000000000000036e-10
8.834262102902715186e-02    1.421468208947400998e-05    1.000000000000000036e-10
8.907046293317978647e-02    1.768208286270725680e-05    1.000000000000000036e-10
8.980430142008342942e-02    2.506472457563845428e-05    1.000000000000000036e-10
9.054418589470432377e-02    3.389133386223174954e-05    1.000000000000000036e-10
9.129016616904889192e-02    4.433490528656554568e-05    1.000000000000000036e-10
9.204229246551753896e-02    5.443868122668736099e-05    1.000000000000000036e-10
9.280061542028548993e-02    6.307284859811516659e-05    1.000000000000000036e-10
9.356518608671210435e-02    6.909626269074143701e-05    1.000000000000000036e-10
9.433605593877791851e-02    7.084702258493487967e-05    1.000000000000000036e-10
9.511327687454990132e-02    6.984042356182166590e-05    1.000000000000000036e-10
9.589690121967577030e-02    6.467189780702469284e-05    1.000000000000000036e-10
9.668698173090638226e-02    5.683677236535822358e-05    1.000000000000000036e-10
9.748357159964790575e-02    4.731137198833443774e-05    1.000000000000000036e-10
9.828672445554266501e-02    3.640184544981836870e-05    1.000000000000000036e-10
9.909649437007965467e-02    2.646468232332144943e-05    1.000000000000000036e-10
9.991293586023507201e-02    1.743739954901860176e-05    1.000000000000000036e-10
1.007361038921423396e-01    1.134051759500261953e-05    1.000000000000000036e-10
1.015660538847929367e-01    8.435547693848718606e-06    1.000000000000000036e-10
1.024028417137672620e-01    7.587680379488308014e-06    1.000000000000000036e-10
1.032465237149963189e-01    9.964168399162513928e-06    1.000000000000000036e-10
1.040971566885547650e-01    1.401770203124351172e-05    1.000000000000000036e-10
1.049547979024845479e-01    1.771890418239756933e-05    1.000000000000000036e-10
1.058195050966507650e-01    2.180080358423380058e-05    1.000000000000000036e-10
1.066913364866288183e-01    2.473171080932253535e-05    1.000000000000000036e-10
1.075703507676235154e-01    2.611408608602376109e-05    1.000000000000000036e-10
1.084566071184211028e-01    2.559941021937282745e-05    1.000000000000000036e-10
1.093501652053729123e-01    2.329977135685714308e-05    1.000000000000000036e-10
1.102510851864127867e-01    1.905864032543268095e-05    1.000000000000000036e-10
1.111594277151069787e-01    1.508383645405008315e-05    1.000000000000000036e-10
1.120752539447373713e-01    1.013885913829193693e-05    1.000000000000000036e-10
1.129986255324190447e-01    5.952627038580804154e-06    1.000000000000000036e-10
1.139296046432507620e-01    3.437912096816407609e-06    1.000000000000000036e-10
1.148682539545005932e-01    1.228917222643175414e-06    1.000000000000000036e-10
1.158146366598254290e-01    1.189417323405555824e-06    1.000000000000000036e-10
1.167688164735252859e-01    1.397607050130337326e-06    1.000000000000000036e-10
1.177308576348331526e-01    2.449675999071315404e-06    1.000000000000000036e-10
1.187008249122394332e-01    3.866221381567490780e-06    1.000000000000000036e-10
1.196787836078527928e-01    4.388622968610150965e-06    1.000000000000000036e-10
1.206647995617964320e-01    4.855388246651564907e-06    1.000000000000000036e-10
1.216589391566404305e-01    4.396799675462373021e-06    1.000000000000000036e-10
1.226612693218714356e-01    4.017975163269564967e-06    1.000000000000000036e-10
1.236718575383980445e-01    3.086586568634577388e-06    1.000000000000000036e-10
1.246907718430943640e-01    2.039891185919790372e-06    1.000000000000000036e-10
1.257180808333803190e-01    2.113715467079024017e-06    1.000000000000000036e-10
1.267538536718397779e-01    1.433032717057907272e-06    1.000000000000000036e-10
1.277981600908771886e-01    1.669725056187486001e-06    1.000000000000000036e-10
1.288510703974118377e-01    2.378576615864505924e-06    1.000000000000000036e-10
1.299126554776116882e-01    3.035555941951721930e-06    1.000000000000000036e-10
1.309829868016651466e-01    3.048946272092345938e-06    1.000000000000000036e-10
1.320621364285932131e-01    2.877628920554537297e-06    1.000000000000000036e-10
1.331501770111006844e-01    2.399171086915515327e-06    1.000000000000000036e-10
1.342471818004670470e-01    1.525423828113603291e-06    1.000000000000000036e-10
1.353532246514786708e-01    1.471945926053913634e-06    1.000000000000000036e-10
1.364683800274003600e-01    1.008916216823091716e-06    1.000000000000000036e-10
1.375927230049890926e-01    1.178260426244959414e-06    1.000000000000000036e-10
1.387263292795481995e-01    1.277258120516200248e-06    1.000000000000000036e-10
1.398692751700233994e-01    2.227626635399182718e-06    1.000000000000000036e-10
1.410216376241411607e-01    3.558820900718303556e-06    1.000000000000000036e-10
1.421834942235888077e-01    4.008775754751633728e-06    1.000000000000000036e-10
1.433549231892380094e-01    4.402211847813095997e-06    1.000000000000000036e-10
1.445360033864107052e-01    4.830941000942566677e-06    1.000000000000000036e-10
1.457268143301884700e-01    3.748823023622684606e-06    1.000000000000000036e-10
1.469274361907662863e-01    2.891952749589876310e-06    1.000000000000000036e-10
1.481379497988492278e-01    2.068597171173365187e-06    1.000000000000000036e-10
1.493584366510950501e-01    1.364210624923685616e-06    1.000000000000000036e-10
1.505889789156004410e-01    1.340615510638003283e-06    1.000000000000000036e-10
1.518296594374328179e-01    1.420196971169948369e-06    1.000000000000000036e-10
1.530805617442081989e-01    2.122116402801412571e-06    1.000000000000000036e-10
1.543417700517141777e-01    3.012498876023313426e-06    1.000000000000000036e-10
1.556133692695799986e-01    4.002141094882547735e-06    1.000000000000000036e-10
1.568954450069929840e-01    3.552559167201935922e-06    1.000000000000000036e-10
1.581880835784617301e-01    3.628544433817750805e-06    1.000000000000000036e-10
1.594913720096277077e-01    3.136128916680236275e-06    1.000000000000000036e-10
1.608053980431236041e-01    2.296808617089671987e-06    1.000000000000000036e-10
1.621302501444810418e-01    1.857092751544036598e-06    1.000000000000000036e-10
1.634660175080861755e-01    1.235757683388259371e-06    1.000000000000000036e-10
1.648127900631843612e-01    1.351947677917774992e-06    1.000000000000000036e-10
1.661706584799352016e-01    5.943823491512926876e-07    1.000000000000000036e-10
1.675397141755160801e-01    1.269956086744488029e-06    1.000000000000000036e-10
1.689200493202774045e-01    1.762774410805616435e-06    1.000000000000000036e-10
1.703117568439475316e-01    1.682239296113056871e-06    1.000000000000000036e-10
1.717149304418890132e-01    1.750811526636916600e-06    1.000000000000000036e-10
1.731296645814070778e-01    1.434450910321464676e-06    1.000000000000000036e-10
1.745560545081088766e-01    8.834289429649794698e-07    1.000000000000000036e-10
1.759941962523164372e-01    4.192824955603751646e-07    1.000000000000000036e-10
1.774441866355315756e-01    1.720334376222560916e-07    1.000000000000000036e-10
1.789061232769539045e-01    1.998012385944332368e-07    1.000000000000000036e-10
1.803801046000537422e-01    1.068162622112093732e-06    1.000000000000000036e-10
1.818662298391975629e-01    1.145324006720190095e-06    1.000000000000000036e-10
1.833645990463295128e-01    9.792158269390513269e-07    1.000000000000000036e-10
1.848753130977070780e-01    8.533517503550628146e-07    1.000000000000000036e-10
1.863984737006920966e-01    5.738540528759401714e-07    1.000000000000000036e-10
1.879341834005988920e-01    8.089532437832228972e-07    1.000000000000000036e-10
1.894825455875971676e-01    7.943636009585996372e-07    1.000000000000000036e-10
1.910436645036734660e-01    4.102576062008490548e-07    1.000000000000000036e-10
1.926176452496484170e-01    5.916188163268427433e-07    1.000000000000000036e-10
1.942045937922532162e-01    6.663754821159290431e-07    1.000000000000000036e-10
1.958046169712633622e-01    1.940766968407170267e-07    1.000000000000000036e-10
1.974178225066913206e-01    7.173853644111726209e-07    1.000000000000000036e-10
1.990443190060394163e-01    1.223822648736386125e-06    1.000000000000000036e-10
2.006842159716107632e-01    9.295004136235742947e-07    1.000000000000000036e-10
2.023376238078822553e-01    7.535978141258080926e-07    1.000000000000000036e-10
2.040046538289370937e-01    5.609345936576462461e-07    1.000000000000000036e-10
2.056854182659585695e-01    1.103814399937532017e-06    1.000000000000000036e-10
2.073800302747866309e-01    5.652273778663481578e-07    1.000000000000000036e-10
2.090886039435352339e-01    9.235520839546679322e-07    1.000000000000000036e-10
2.108112543002738648e-01    4.724964851618510393e-07    1.000000000000000036e-10
2.125480973207714286e-01    6.300655023509719320e-07    1.000000000000000036e-10
2.142992499363038650e-01    6.299194575223155158e-07    1.000000000000000036e-10
2.160648300415271561e-01    6.867741044164200442e-07    1.000000000000000036e-10
2.178449565024136725e-01    4.872195934216940795e-07    1.000000000000000036e-10
2.196397491642554378e-01    5.654780154251631101e-07    1.000000000000000036e-10
2.214493288597322584e-01    1.004746867823643573e-06    1.000000000000000036e-10
2.232738174170462997e-01    9.094197704630452375e-07    1.000000000000000036e-10
2.251133376681249409e-01    7.941423271837704286e-07    1.000000000000000036e-10
2.269680134568893282e-01    5.802863888107482166e-07    1.000000000000000036e-10
2.288379696475928426e-01    9.503076608702224588e-07    1.000000000000000036e-10
2.307233321332271825e-01    1.445407807337139240e-06    1.000000000000000036e-10
2.326242278439975553e-01    5.445252474927896172e-07    1.000000000000000036e-10
2.345407847558690084e-01    1.496047265103709004e-06    1.000000000000000036e-10
2.364731318991813713e-01    5.783413106570438443e-08    1.000000000000000036e-10
2.384213993673368059e-01    5.615903718601032585e-07    1.000000000000000036e-10
2.403857183255580232e-01    3.249212214166656274e-07    1.000000000000000036e-10
2.423662210197183586e-01    -4.643401242431826437e-08    1.000000000000000036e-10
2.443630407852460384e-01    2.723351901683601174e-07    1.000000000000000036e-10
2.463763120560998054e-01    6.443547631416529617e-07    1.000000000000000036e-10
2.484061703738204840e-01    2.783956850001056367e-07    1.000000000000000036e-10
2.504527523966557645e-01    -5.509141779915072932e-07    1.000000000000000036e-10
2.525161959087602326e-01    -2.131692013675207227e-08    1.000000000000000036e-10
2.545966398294725042e-01    4.511589737453593522e-07    1.000000000000000036e-10
2.566942242226665782e-01    5.404396986192178811e-07    1.000000000000000036e-10
2.588090903061827097e-01    8.092851588708546647e-07    1.000000000000000036e-10
2.609413804613342491e-01    1.625068704998409266e-06    1.000000000000000036e-10
2.630912382424928087e-01    2.046724850436631261e-07    1.000000000000000036e-10
2.652588083867540303e-01    4.121657236520777405e-07    1.000000000000000036e-10
2.674442368236807366e-01    1.733756107900661933e-06    1.000000000000000036e-10
2.696476706851284044e-01    -2.196731694200494771e-07    1.000000000000000036e-10
2.718692583151502973e-01    1.232202669782761017e-06    1.000000000000000036e-10
2.741091492799842544e-01    3.568083237164059113e-06    1.000000000000000036e-10
2.763674943781228022e-01    5.434726890479958470e-08    1.000000000000000036e-10
2.786444456504647560e-01    -2.948111286977034670e-07    1.000000000000000036e-10
2.809401563905520871e-01    -2.146981431246133827e-06    1.000000000000000036e-10
2.832547811548892791e-01    -9.983871191082368479e-07    1.000000000000000036e-10
2.855884757733495039e-01    -1.949117979390807238e-06    1.000000000000000036e-10
2.879413973596655629e-01    -1.998428897086469680e-06    1.000000000000000036e-10
2.903137043220067603e-01    -5.498563178727438048e-06    1.000000000000000036e-10
2.927055563736447041e-01    -2.831490879200716703e-06    1.000000000000000036e-10
2.951171145437045396e-01    -6.420236014895759731e-06    1.000000000000000036e-10
2.975485411880073316e-01    4.144240503230130516e-06    1.000000000000000036e-10
2.999999999999999334e-01    3.699706268258979683e-06    1.000000000000000036e-10
