4.999999999999999237e-03    9.999115809242540287e-01    1.000000000000000036e-10
5.041194267029587388e-03    9.998722474958744444e-01    1.000000000000000036e-10
5.082727927586390936e-03    1.000083876594860088e+00    1.000000000000000036e-10
5.124603777883937963e-03    1.000036566350792189e+00    1.000000000000000036e-10
5.166824637173335344e-03    1.000061706983780940e+00    1.000000000000000036e-10
5.209393347933089988e-03    9.998147634203331524e-01    1.000000000000000036e-10
5.252312776060467057e-03    9.999136299370391390e-01    1.000000000000000036e-10
5.295585811064457138e-03    9.998055366459616122e-01    1.000000000000000036e-10
5.339215366260274299e-03    9.998053988709416640e-01    1.000000000000000036e-10
5.383204378965509955e-03    9.999636005541645556e-01    1.000000000000000036e-10
5.427555810697900010e-03    9.996961809970941193e-01    1.000000000000000036e-10
5.472272647374675815e-03    9.999926068948232771e-01    1.000000000000000036e-10
5.517357899513603003e-03    1.000021393609263898e+00    1.000000000000000036e-10
5.562814602435676124e-03    1.000029729734869699e+00    1.000000000000000036e-10
5.608645816469441311e-03    9.997071612352494974e-01    1.000000000000000036e-10
5.654854627157045871e-03    1.000007993972700682e+00    1.000000000000000036e-10
5.701444145461961877e-03    9.998425380035836918e-01    1.000000000000000036e-10
5.748417507978449692e-03    9.999349781093072043e-01    1.000000000000000036e-10
5.795777877142694635e-03    9.998761119357925109e-01    1.000000000000000036e-10
5.843528441445726938e-03    9.999889889658460929e-01    1.000000000000000036e-10
5.891672415648108521e-03    9.995523324581614411e-01    1.000000000000000036e-10
5.940213040996321532e-03    9.997917607542614604e-01    1.000000000000000036e-10
5.989153585441003499e-03    1.000068430114086970e+00    1.000000000000000036e-10
6.038497343856977922e-03    9.999365589593514070e-01    1.000000000000000036e-10
6.088247638265037801e-03    1.000061116045560805e+00    1.000000000000000036e-10
6.138407818055626949e-03    9.998124212141072942e-01    1.000000000000000036e-10
6.188981260214319359e-03    9.999518753359672996e-01    1.000000000000000036e-10
6.239971369549196338e-03    1.000313251441234952e+00    1.000000000000000036e-10
6.291381578920034710e-03    1.000092252920029123e+00    1.000000000000000036e-10
6.343215349469440503e-03    9.998627209239252522e-01    1.000000000000000036e-10
6.395476170855885628e-03    1.000009726707621116e+00    1.000000000000000036e-10
6.448167561488605919e-03    1.000170313449157744e+00    1.000000000000000036e-10
6.501293068764496703e-03    9.995197485396475345e-01    1.000000000000000036e-10
6.554856269306955606e-03    9.994466922880860249e-01    1.000000000000000036e-10
6.608860769206635274e-03    9.999364702626937218e-01    1.000000000000000036e-10
6.663310204264248290e-03    9.996086940401907039e-01    1.000000000000000036e-10
6.718208240235328844e-03    9.996852112415963720e-01    1.000000000000000036e-10
6.773558573077055264e-03    1.000101963698951435e+00    1.000000000000000036e-10
6.829364929197033647e-03    9.998909015187150695e-01    1.000000000000000036e-10
6.885631065704195253e-03    1.000231083024612166e+00    1.000000000000000036e-10
6.942360770661764290e-03    1.000147424555667408e+00    1.000000000000000036e-10
6.999557863342239714e-03    9.997249213866189477e-01    1.000000000000000036e-10
7.057226194484553239e-03    1.000036612278881076e+00    1.000000000000000036e-10
7.115369646553306414e-03    1.000162120908320462e+00    1.000000000000000036e-10
7.173992134000174367e-03    9.996495583836403354e-01    1.000000000000000036e-10
7.233097603527407701e-03    1.000439703679145476e+00    1.000000000000000036e-10
7.292690034353555700e-03    9.999099085727161107e-01    1.000000000000000036e-10
7.352773438481390901e-03    9.995681738422140805e-01    1.000000000000000036e-10
7.413351860967963038e-03    9.998798791118211904e-01    1.000000000000000036e-10
7.474429380196956699e-03    1.000171102248432975e+00    1.000000000000000036e-10
7.536010108153282441e-03    9.998574406987377206e-01    1.000000000000000036e-10
7.598098190699871003e-03    1.000216439323186712e+00    1.000000000000000036e-10
7.660697807856806790e-03    9.994187761696947669e-01    1.000000000000000036e-10
7.723813174082772882e-03    9.996065129009922279e-01    1.000000000000000036e-10
7.787448538558735568e-03    9.999378449816842540e-01    1.000000000000000036e-10
7.851608185474048818e-03    9.998834784274345244e-01    1.000000000000000036e-10
7.916296434314863337e-03    1.000299396224678228e+00    1.000000000000000036e-10
7.981517640154971172e-03    1.000076553495418796e+00    1.000000000000000036e-10
8.047276193948953160e-03    9.996245870857323190e-01    1.000000000000000036e-10
8.113576522827820048e-03    9.999030356749937232e-01    1.000000000000000036e-10
8.180423090397093491e-03    9.997847609080378062e-01    1.000000000000000036e-10
8.247820397037258430e-03    9.999735095485663416e-01    1.000000000000000036e-10
8.315772980206784584e-03    1.000098064876635551e+00    1.000000000000000036e-10
8.384285414747590440e-03    9.998400557300924918e-01    1.000000000000000036e-10
8.453362313193067690e-03    9.998144687605288183e-01    1.000000000000000036e-10
8.523008326078574184e-03    1.000449030808489681e+00    1.000000000000000036e-10
8.593228142254541110e-03    1.000090426188810167e+00    1.000000000000000036e-10
8.664026489202182255e-03    1.000438377249202482e+00    1.000000000000000036e-10
8.735408133351704740e-03    1.000046219000466419e+00    1.000000000000000036e-10
8.807377880403241543e-03    9.999092555672204341e-01    1.000000000000000036e-10
8.879940575650403442e-03    1.000241641796565606e+00    1.000000000000000036e-10
8.953101104306446928e-03    9.999581013805416418e-01    1.000000000000000036e-10
9.026864391833177778e-03    9.999520420270877619e-01    1.000000000000000036e-10
9.101235404272588550e-03    1.000136020727443675e+00    1.000000000000000036e-10
9.176219148581136326e-03    9.997897549478493850e-01    1.000000000000000036e-10
9.251820672966870607e-03    9.997104317883840352e-01    1.000000000000000036e-10
9.328045067229272583e-03    1.000548595321866463e+00    1.000000000000000036e-10
9.404897463101967101e-03    1.000260987304067761e+00    1.000000000000000036e-10
9.482383034598149477e-03    9.997753487531122474e-01    1.000000000000000036e-10
9.560506998358954400e-03    9.998648566298888873e-01    1.000000000000000036e-10
9.639274614004681926e-03    9.998758488948695788e-01    1.000000000000000036e-10
9.718691184488849333e-03    9.998848826563061509e-01    1.000000000000000036e-10
9.798762056455237110e-03    9.996976858284492007e-01    1.000000000000000036e-10
9.879492620597828470e-03    9.997529407045648853e-01    1.000000000000000036e-10
9.960888312023777683e-03    1.000147009393238307e+00    1.000000000000000036e-10
1.004295461061925458e-02    9.980368027506987261e-01    1.000000000000000036e-10
1.012569704141843066e-02    9.917281088666209943e-01    1.000000000000000036e-10
1.020912117497540551e-02    9.789681121697284549e-01    1.000000000000000036e-10
1.029323262773927661e-02    9.654505052909225782e-01    1.000000000000000036e-10
1.037803706243222227e-02    9.534966517552323495e-01    1.000000000000000036e-10
1.046354018843077480e-02    9.430451490970672701e-01    1.000000000000000036e-10
1.054974776215018319e-02    9.320059766810616653e-01    1.000000000000000036e-10
1.063666558743193991e-02    9.216098227877920213e-01    1.000000000000000036e-10
1.072429951593455513e-02    9.106299824416612676e-01    1.000000000000000036e-10
1.081265544752749164e-02    8.990136808670433632e-01    1.000000000000000036e-10
1.090173933068836788e-02    8.867477855654525287e-01    1.000000000000000036e-10
1.099155716290342935e-02    8.742806389931605526e-01    1.000000000000000036e-10
1.108211499107134707e-02    8.607199136648915339e-01    1.000000000000000036e-10
1.117341891191030515e-02    8.465650856792019674e-01    1.000000000000000036e-10
1.126547507236843639e-02    8.313470833601681598e-01    1.000000000000000036e-10
1.135828967003769258e-02    8.150330854153576832e-01    1.000000000000000036e-10
1.145186895357108020e-02    7.979905256039827588e-01    1.000000000000000036e-10
1.154621922310332567e-02    7.792985098494026319e-01    1.000000000000000036e-10
1.164134683067506032e-02    7.599774103982248619e-01    1.000000000000000036e-10
1.173725818066042974e-02    7.393868394122907750e-01    1.000000000000000036e-10
1.183395973019829746e-02    7.174160673459822890e-01    1.000000000000000036e-10
1.193145798962692676e-02    6.942340602724018650e-01    1.000000000000000036e-10
1.202975952292232101e-02    6.693552300970955216e-01    1.000000000000000036e-10
1.212887094814011843e-02    6.434761091366154595e-01    1.000000000000000036e-10
1.222879893786113156e-02    6.163506643695689791e-01    1.000000000000000036e-10
1.232955021964060420e-02    5.879131447669078137e-01    1.000000000000000036e-10
1.243113157646112167e-02    5.583375467401038295e-01    1.000000000000000036e-10
1.253354984718925078e-02    5.276520058905006527e-01    1.000000000000000036e-10
1.263681192703600305e-02    4.961663254154450864e-01    1.000000000000000036e-10
1.274092476802099645e-02    4.637769398846124935e-01    1.000000000000000036e-10
1.284589537944054623e-02    4.309008335338433970e-01    1.000000000000000036e-10
1.295173082833950447e-02    3.976995745816508387e-01    1.000000000000000036e-10
1.305843823998708957e-02    3.642466276138950909e-01    1.000000000000000036e-10
1.316602479835657195e-02    3.310459772034312631e-01    1.000000000000000036e-10
1.327449774660889939e-02    2.985463922253238644e-01    1.000000000000000036e-10
1.338386438758038671e-02    2.666311198690606843e-01    1.000000000000000036e-10
1.349413208427434167e-02    2.359255840366482893e-01    1.000000000000000036e-10
1.360530826035676044e-02    2.065220820578570482e-01    1.000000000000000036e-10
1.371740040065615868e-02    1.787329520054673215e-01    1.000000000000000036e-10
1.383041605166743238e-02    1.529929067365628503e-01    1.000000000000000036e-10
1.394436282205997052e-02    1.292295990641049719e-01    1.000000000000000036e-10
1.405924838318984259e-02    1.077213523011373852e-01    1.000000000000000036e-10
1.417508046961631941e-02    8.846611877509814870e-02    1.000000000000000036e-10
1.429186687962257299e-02    7.172134131703634952e-02    1.000000000000000036e-10
1.440961547574066449e-02    5.731222207038480509e-02    1.000000000000000036e-10
1.452833418528092640e-02    4.526083450911770611e-02    1.000000000000000036e-10
1.464803100086563628e-02    3.547104141461446258e-02    1.000000000000000036e-10
1.476871398096709677e-02    2.778746733479935810e-02    1.000000000000000036e-10
1.489039125045021027e-02    2.212370141227613246e-02    1.000000000000000036e-10
1.501307100111941815e-02    1.827409104367135051e-02    1.000000000000000036e-10
1.513676149227027347e-02    1.606210231468533506e-02    1.000000000000000036e-10
1.526147105124541804e-02    1.531433462559407196e-02    1.000000000000000036e-10
1.538720807399527636e-02    1.583040474595540092e-02    1.000000000000000036e-10
1.551398102564327530e-02    1.742237557020092850e-02    1.000000000000000036e-10
1.564179844105572856e-02    1.991418503345256802e-02    1.000000000000000036e-10
1.577066892541648807e-02    2.314298652454648345e-02    1.000000000000000036e-10
1.590060115480625494e-02    2.694007704171401743e-02    1.000000000000000036e-10
1.603160387678666601e-02    3.116055339706590502e-02    1.000000000000000036e-10
1.616368591098924293e-02    3.568941014534775941e-02    1.000000000000000036e-10
1.629685614970917060e-02    4.041748786634657975e-02    1.000000000000000036e-10
1.643112355850395029e-02    4.519203070649329551e-02    1.000000000000000036e-10
1.656649717679697237e-02    4.998309377145043059e-02    1.000000000000000036e-10
1.670298611848614403e-02    5.466044251742829818e-02    1.000000000000000036e-10
1.684059957255742632e-02    5.921012223102165017e-02    1.000000000000000036e-10
1.697934680370347463e-02    6.349382549046141133e-02    1.000000000000000036e-10
1.711923715294741410e-02    6.758797390138283900e-02    1.000000000000000036e-10
1.726028003827168728e-02    7.130364951946918661e-02    1.000000000000000036e-10
1.740248495525209202e-02    7.472472760055851038e-02    1.000000000000000036e-10
1.754586147769708962e-02    7.780979068728789694e-02    1.000000000000000036e-10
1.769041925829236556e-02    8.045185924502139263e-02    1.000000000000000036e-10
1.783616802925065692e-02    8.273456465401921034e-02    1.000000000000000036e-10
1.798311760296695747e-02    8.463669992620462268e-02    1.000000000000000036e-10
1.813127787267916624e-02    8.611361291012006869e-02    1.000000000000000036e-10
1.828065881313412772e-02    8.716761287221740095e-02    1.000000000000000036e-10
1.843127048125913631e-02    8.786575803315095634e-02    1.000000000000000036e-10
1.858312301683902670e-02    8.813993177005313706e-02    1.000000000000000036e-10
1.873622664319889511e-02    8.799150127824735546e-02    1.000000000000000036e-10
1.889059166789225711e-02    8.750495277064596067e-02    1.000000000000000036e-10
1.904622848339505847e-02    8.662231654018470728e-02    1.000000000000000036e-10
1.920314756780535509e-02    8.540460992454675104e-02    1.000000000000000036e-10
1.936135948554870354e-02    8.388264326301159146e-02    1.000000000000000036e-10
1.952087488808940119e-02    8.200213798720805414e-02    1.000000000000000036e-10
1.968170451464761744e-02    7.985880594838007385e-02    1.000000000000000036e-10
1.984385919292238482e-02    7.742378137716936226e-02    1.000000000000000036e-10
2.000734983982054363e-02    7.474628095126388538e-02    1.000000000000000036e-10
2.017218746219170966e-02    7.185203383819123435e-02    1.000000000000000036e-10
2.033838315756939658e-02    6.876858677921805774e-02    1.000000000000000036e-10
2.050594811491799480e-02    6.550850815192522936e-02    1.000000000000000036e-10
2.067489361538614456e-02    6.211247242844673139e-02    1.000000000000000036e-10
2.084523103306623951e-02    5.860516816371692805e-02    1.000000000000000036e-10
2.101697183576015787e-02    5.501089805281093870e-02    1.000000000000000036e-10
2.119012758575127345e-02    5.140284563657083333e-02    1.000000000000000036e-10
2.136470994058295783e-02    4.774728282278272590e-02    1.000000000000000036e-10
2.154073065384336932e-02    4.410700575362531267e-02    1.000000000000000036e-10
2.171820157595674011e-02    4.049137710787753530e-02    1.000000000000000036e-10
2.189713465498120334e-02    3.697254533689513234e-02    1.000000000000000036e-10
2.207754193741321910e-02    3.353975853537104895e-02    1.000000000000000036e-10
2.225943556899856457e-02    3.020703795012485288e-02    1.000000000000000036e-10
2.244282779554999940e-02    2.703323080975824841e-02    1.000000000000000036e-10
2.262773096377177634e-02    2.402725186908715588e-02    1.000000000000000036e-10
2.281415752209083395e-02    2.121289753817625148e-02    1.000000000000000036e-10
2.300212002149483806e-02    1.859352102939058199e-02    1.000000000000000036e-10
2.319163111637724539e-02    1.619017382347922793e-02    1.000000000000000036e-10
2.338270356538919501e-02    1.402093832232060612e-02    1.000000000000000036e-10
2.357535023229846011e-02    1.209219203640668309e-02    1.000000000000000036e-10
2.376958408685551916e-02    1.039790759588075410e-02    1.000000000000000036e-10
2.396541820566674280e-02    8.955259373260530259e-03    1.000000000000000036e-10
2.416286577307473829e-02    7.752504410736341979e-03    1.000000000000000036e-10
2.436194008204595196e-02    6.790834007798628863e-03    1.000000000000000036e-10
2.456265453506566165e-02    6.065737443060728595e-03    1.000000000000000036e-10
2.476502264504026538e-02    5.564615426096761359e-03    1.000000000000000036e-10
2.496905803620696682e-02    5.274667249446787255e-03    1.000000000000000036e-10
2.517477444505111100e-02    5.181877187464651972e-03    1.000000000000000036e-10
2.538218572123092723e-02    5.269274462180363432e-03    1.000000000000000036e-10
2.559130582850992208e-02    5.523839938843417077e-03    1.000000000000000036e-10
2.580214884569700592e-02    5.921255895375058219e-03    1.000000000000000036e-10
2.601472896759435618e-02    6.440150522981700869e-03    1.000000000000000036e-10
2.622906050595304184e-02    7.063801424168202926e-03    1.000000000000000036e-10
2.644515789043651657e-02    7.764589763195710315e-03    1.000000000000000036e-10
2.666303566959215415e-02    8.525919402423797269e-03    1.000000000000000036e-10
2.688270851183067675e-02    9.320261517746576338e-03    1.000000000000000036e-10
2.710419120641366017e-02    1.014117017832734391e-02    1.000000000000000036e-10
2.732749866444923389e-02    1.094933576782513782e-02    1.000000000000000036e-10
2.755264591989604189e-02    1.173415237343638888e-02    1.000000000000000036e-10
2.777964813057521784e-02    1.248207648056749892e-02    1.000000000000000036e-10
2.800852057919098193e-02    1.317239840461726687e-02    1.000000000000000036e-10
2.823927867435955044e-02    1.379382318703989418e-02    1.000000000000000036e-10
2.847193795164645186e-02    1.432705338704810469e-02    1.000000000000000036e-10
2.870651407461243323e-02    1.477298941493824722e-02    1.000000000000000036e-10
2.894302283586805760e-02    1.510732099363797619e-02    1.000000000000000036e-10
2.918148015813689863e-02    1.534252609221539373e-02    1.000000000000000036e-10
2.942190209532748180e-02    1.545173479798511024e-02    1.000000000000000036e-10
2.966430483361411422e-02    1.545486207926102459e-02    1.000000000000000036e-10
2.990870469252671082e-02    1.534318338956875034e-02    1.000000000000000036e-10
3.015511812604931841e-02    1.511390634519132678e-02    1.000000000000000036e-10
3.040356172372795165e-02    1.478711140037631579e-02    1.000000000000000036e-10
3.065405221178749487e-02    1.434606495241266474e-02    1.000000000000000036e-10
3.090660645425775607e-02    1.380554257817797996e-02    1.000000000000000036e-10
3.116124145410875679e-02    1.319053144682440573e-02    1.000000000000000036e-10
3.141797435439554198e-02    1.249748688894553907e-02    1.000000000000000036e-10
3.167682243941228465e-02    1.173505876228643149e-02    1.000000000000000036e-10
3.193780313585588282e-02    1.093051205288126868e-02    1.000000000000000036e-10
3.220093401399923977e-02    1.008525928276918053e-02    1.000000000000000036e-10
3.246623278887418584e-02    9.219271293948401447e-03    1.000000000000000036e-10
3.273371732146411472e-02    8.341988957780665376e-03    1.000000000000000036e-10
3.300340561990638272e-02    7.471376001260446667e-03    1.000000000000000036e-10
3.327531584070481108e-02    6.617790091464570423e-03    1.000000000000000036e-10
3.354946628995198604e-02    5.797988086245118265e-03    1.000000000000000036e-10
3.382587542456165497e-02    5.019507627587709540e-03    1.000000000000000036e-10
3.410456185351143366e-02    4.294341441503340961e-03    1.000000000000000036e-10
3.438554433909556118e-02    3.634832603960464707e-03    1.000000000000000036e-10
3.466884179818804923e-02    3.045378309600949972e-03    1.000000000000000036e-10
3.495447330351624665e-02    2.531361700979074467e-03    1.000000000000000036e-10
3.524245808494495813e-02    2.098008164789809133e-03    1.000000000000000036e-10
3.553281553077101279e-02    1.747099533434183548e-03    1.000000000000000036e-10
3.582556518902852566e-02    1.479165272559048198e-03    1.000000000000000036e-10
3.612072676880506011e-02    1.291035269355195756e-03    1.000000000000000036e-10
3.641832014156844849e-02    1.180409551073235324e-03    1.000000000000000036e-10
3.671836534250458306e-02    1.141193374287349360e-03    1.000000000000000036e-10
3.702088257186638559e-02    1.167511521105208012e-03    1.000000000000000036e-10
3.732589219633367789e-02    1.250013650257366738e-03    1.000000000000000036e-10
3.763341475038435580e-02    1.379907525106320500e-03    1.000000000000000036e-10
3.794347093767685281e-02    1.548110989231887055e-03    1.000000000000000036e-10
3.825608163244404586e-02    1.742571909986271499e-03    1.000000000000000036e-10
3.857126788089856179e-02    1.955524870636331843e-03    1.000000000000000036e-10
3.888905090264964393e-02    2.173652848305620503e-03    1.000000000000000036e-10
3.920945209213182181e-02    2.389005421929019535e-03    1.000000000000000036e-10
3.953249302004524512e-02    2.590535795783862564e-03    1.000000000000000036e-10
3.985819543480785543e-02    2.771545294301056006e-03    1.000000000000000036e-10
4.018658126401961073e-02    2.923359318031736737e-03    1.000000000000000036e-10
4.051767261593886005e-02    3.040020397412174398e-03    1.000000000000000036e-10
4.085149178097054190e-02    3.117426295265671686e-03    1.000000000000000036e-10
4.118806123316698375e-02    3.153069367369141715e-03    1.000000000000000036e-10
4.152740363174097643e-02    3.143596307550663559e-03    1.000000000000000036e-10
4.186954182259126217e-02    3.090435461861456082e-03    1.000000000000000036e-10
4.221449883984050577e-02    2.997030651361898800e-03    1.000000000000000036e-10
4.256229790738620677e-02    2.862868369974485693e-03    1.000000000000000036e-10
4.291296244046415020e-02    2.694871972572136266e-03    1.000000000000000036e-10
4.326651604722478450e-02    2.496116349442206988e-03    1.000000000000000036e-10
4.362298253032260292e-02    2.275519556853298000e-03    1.000000000000000036e-10
4.398238588851883374e-02    2.037356887456894146e-03    1.000000000000000036e-10
4.434475031829683556e-02    1.790232599922781916e-03    1.000000000000000036e-10
4.471010021549128022e-02    1.540955983976883799e-03    1.000000000000000036e-10
4.507846017693056817e-02    1.298030247019333521e-03    1.000000000000000036e-10
4.544985500209279550e-02    1.064683325360925130e-03    1.000000000000000036e-10
4.582430969477522403e-02    8.495362500667036918e-04    1.000000000000000036e-10
4.620184946477781662e-02    6.567603876999519429e-04    1.000000000000000036e-10
4.658249972960039342e-02    4.898394673651701621e-04    1.000000000000000036e-10
4.696628611615376314e-02    3.522685695693612753e-04    1.000000000000000036e-10
4.735323446248511370e-02    2.457411612983766234e-04    1.000000000000000036e-10
4.774337081951755130e-02    1.684129942338356140e-04    1.000000000000000036e-10
4.813672145280391279e-02    1.214794464177603090e-04    1.000000000000000036e-10
4.853331284429503178e-02    1.015920017280689809e-04    1.000000000000000036e-10
4.893317169412268741e-02    1.065198255449082191e-04    1.000000000000000036e-10
4.933632492239715950e-02    1.309846221123199430e-04    1.000000000000000036e-10
4.974279967101948030e-02    1.714220014600492984e-04    1.000000000000000036e-10
5.015262330550893100e-02    2.224331396392233780e-04    1.000000000000000036e-10
5.056582341684520004e-02    2.787687678747283052e-04    1.000000000000000036e-10
5.098242782332607775e-02    3.373195458445055412e-04    1.000000000000000036e-10
5.140246457244023598e-02    3.914784079234039397e-04    1.000000000000000036e-10
5.182596194275541218e-02    4.390087611867049848e-04    1.000000000000000036e-10
5.225294844582243498e-02    4.761255574095858679e-04    1.000000000000000036e-10
5.268345282809450830e-02    4.995135137820782287e-04    1.000000000000000036e-10
5.311750407286272568e-02    5.099906721569167018e-04    1.000000000000000036e-10
5.355513140220727331e-02    5.058288920352930129e-04    1.000000000000000036e-10
5.399636427896468277e-02    4.880517772919778867e-04    1.000000000000000036e-10
5.444123240871159147e-02    4.576646555952310850e-04    1.000000000000000036e-10
5.488976574176442774e-02    4.177469138084732620e-04    1.000000000000000036e-10
5.534199447519595055e-02    3.692953321944312584e-04    1.000000000000000036e-10
5.579794905486819279e-02    3.156585158761301903e-04    1.000000000000000036e-10
5.625766017748207865e-02    2.610156790125982306e-04    1.000000000000000036e-10
5.672115879264428423e-02    2.074980898103796171e-04    1.000000000000000036e-10
5.718847610495061962e-02    1.572362613070642809e-04    1.000000000000000036e-10
5.765964357608709817e-02    1.134153764683302351e-04    1.000000000000000036e-10
5.813469292694793678e-02    7.688166927910102346e-05    1.000000000000000036e-10
5.861365613977106287e-02    4.799657066379665958e-05    1.000000000000000036e-10
5.909656546029149610e-02    2.929156377219078775e-05    1.000000000000000036e-10
5.958345339991202166e-02    1.819489111708145400e-05    1.000000000000000036e-10
6.007435273789221708e-02    1.496538082461339903e-05    1.000000000000000036e-10
6.056929652355506205e-02    1.807681202581336866e-05    1.000000000000000036e-10
6.106831807851215155e-02    2.528789656549150600e-05    1.000000000000000036e-10
6.157145099890695694e-02    3.443590629966436284e-05    1.000000000000000036e-10
6.207872915767655847e-02    4.483210004120771302e-05    1.000000000000000036e-10
6.259018670683230701e-02    5.413657145676721956e-05    1.000000000000000036e-10
6.310585807975888084e-02    6.106270086662494198e-05    1.000000000000000036e-10
6.362577799353262564e-02    6.480836688025918483e-05    1.000000000000000036e-10
6.414998145125878903e-02    6.489367594778601542e-05    1.000000000000000036e-10
6.467850374442801753e-02    6.097576540894724686e-05    1.000000000000000036e-10
6.521138045529244198e-02    5.397964234893095584e-05    1.000000000000000036e-10
6.574864745926108089e-02    4.482437171354923311e-05    1.000000000000000036e-10
6.629034092731525551e-02    3.596999314487195186e-05    1.000000000000000036e-10
6.683649732844369751e-02    2.633461745692374452e-05    1.000000000000000036e-10
6.738715343209772390e-02    1.934284881094438196e-05    1.000000000000000036e-10
6.794234631066684016e-02    1.513505131202807886e-05    1.000000000000000036e-10
6.850211334197447988e-02    1.456369496780414265e-05    1.000000000000000036e-10
6.906649221179451958e-02    1.789902580776979644e-05    1.000000000000000036e-10
6.963552091638844366e-02    2.559880043973473843e-05    1.000000000000000036e-10
7.020923776506324265e-02    3.586139752082106433e-05    1.000000000000000036e-10
7.078768138275080835e-02    4.861734245121757597e-05    1.000000000000000036e-10
7.137089071260804829e-02    6.216687648101741745e-05    1.000000000000000036e-10
7.195890501863895505e-02    7.486568421459429291e-05    1.000000000000000036e-10
7.255176388833786683e-02    8.539897062173006884e-05    1.000000000000000036e-10
7.314950723535458554e-02    9.245998330536373184e-05    1.000000000000000036e-10
7.375217530218178275e-02    9.514710260937045199e-05    1.000000000000000036e-10
7.435980866286395763e-02    9.255194925279739446e-05    1.000000000000000036e-10
7.497244822572933509e-02    8.612294058153134862e-05    1.000000000000000036e-10
7.559013523614385721e-02    7.506346866561278413e-05    1.000000000000000036e-10
7.621291127928789266e-02    6.156586679759958253e-05    1.000000000000000036e-10
7.684081828295614980e-02    4.650084304571760520e-05    1.000000000000000036e-10
7.747389852038012725e-02    3.258121491217551768e-05    1.000000000000000036e-10
7.811219461307443435e-02    2.013894953797309349e-05    1.000000000000000036e-10
7.875574953370606535e-02    1.196487820210548939e-05    1.000000000000000036e-10
7.940460660898739087e-02    8.193726205964531751e-06    1.000000000000000036e-10
8.005880952259337990e-02    1.047988990253270689e-05    1.000000000000000036e-10
8.071840231810226141e-02    1.764072782364173181e-05    1.000000000000000036e-10
8.138342940196094388e-02    2.942899449166926892e-05    1.000000000000000036e-10
8.205393554647454069e-02    4.380607964040791625e-05    1.000000000000000036e-10
8.272996589282051449e-02    6.035029161235737946e-05    1.000000000000000036e-10
8.341156595408802388e-02    7.512472292190972066e-05    1.000000000000000036e-10
8.409878161834173638e-02    8.830506264203884313e-05    1.000000000000000036e-10
8.479165915171148205e-02    9.610502774946224909e-05    1.000000000000000036e-10
8.549024520150695639e-02    9.942999132403934929e-05    1.000000000000000036e-10
8.619458679935808332e-02    9.766450687141565415e-05    1.000000000000000036e-10
8.690473136438163493e-02    8.949447083840181673e-05    1.000000000000000036e-10
8.762072670637337246e-02    7.764793534443436207e-05    1.000000000000000036e-10
8.834262102902715186e-02    6.296968201395265058e-05    1.000000000000000036e-10
8.907046293317978647e-02    4.820601707236648220e-05    1.000000000000000036e-10
8.980430142008342942e-02    3.395660407159178414e-05    1.000000000000000036e-10
9.054418589470432377e-02    2.335726053942569681e-05    1.000000000000000036e-10
9.129016616904889192e-02    1.628249092669166071e-05    1.000000000000000036e-10
9.204229246551753896e-02    1.422690768162968463e-05    1.000000000000000036e-10
9.280061542028548993e-02    1.732922329275680555e-05    1.000000000000000036e-10
9.356518608671210435e-02    2.423982250909507332e-05    1.000000000000000036e-10
9.433605593877791851e-02    3.320292309382161434e-05    1.000000000000000036e-10
9.511327687454990132e-02    4.273268120147519553e-05    1.000000000000000036e-10
9.589690121967577030e-02    5.105355659431954414e-05    1.000000000000000036e-10
9.668698173090638226e-02    5.724430317015407059e-05    1.000000000000000036e-10
9.748357159964790575e-02    5.970285848587383881e-05    1.000000000000000036e-10
9.828672445554266501e-02    5.714703559534965927e-05    1.000000000000000036e-10
9.909649437007965467e-02    5.246086372013330010e-05    1.000000000000000036e-10
9.991293586023507201e-02    4.378925997004867943e-05    1.000000000000000036e-10
1.007361038921423396e-01    3.409665136479184979e-05    1.000000000000000036e-10
1.015660538847929367e-01    2.382684820261787202e-05    1.000000000000000036e-10
1.024028417137672620e-01    1.551274669858159435e-05    1.000000000000000036e-10
1.032465237149963189e-01    9.349513185797923552e-06    1.000000000000000036e-10
1.040971566885547650e-01    6.650684480987725271e-06    1.000000000000000036e-10
1.049547979024845479e-01    6.912429180501533775e-06    1.000000000000000036e-10
1.058195050966507650e-01    9.303595976214744845e-06    1.000000000000000036e-10
1.066913364866288183e-01    1.291023677015946480e-05    1.000000000000000036e-10
1.075703507676235154e-01    1.691073457248021112e-05    1.000000000000000036e-10
1.084566071184211028e-01    2.015494206477537147e-05    1.000000000000000036e-10
1.093501652053729123e-01    2.166405208784347644e-05    1.000000000000000036e-10
1.102510851864127867e-01    2.113303131103439855e-05    1.000000000000000036e-10
1.111594277151069787e-01    1.869119610988623876e-05    1.000000000000000036e-10
1.120752539447373713e-01    1.495048267212880500e-05    1.000000000000000036e-10
1.129986255324190447e-01    1.058900957092703474e-05    1.000000000000000036e-10
1.139296046432507620e-01    6.142756825815626930e-06    1.000000000000000036e-10
1.148682539545005932e-01    3.611471157209053178e-06    1.000000000000000036e-10
1.158146366598254290e-01    1.517444169872674219e-06    1.000000000000000036e-10
1.167688164735252859e-01    1.322095564787267377e-06    1.000000000000000036e-10
1.177308576348331526e-01    1.087964749800137105e-06    1.000000000000000036e-10
1.187008249122394332e-01    2.538285651883294904e-06    1.000000000000000036e-10
1.196787836078527928e-01    3.733853864705243742e-06    1.000000000000000036e-10
1.206647995617964320e-01    4.166390232893070639e-06    1.000000000000000036e-10
1.216589391566404305e-01    4.327251755270827416e-06    1.000000000000000036e-10
1.226612693218714356e-01    3.826415096385058669e-06    1.000000000000000036e-10
1.236718575383980445e-01    2.919235451759160369e-06    1.000000000000000036e-10
1.246907718430943640e-01    2.163868620807878674e-06    1.000000000000000036e-10
1.257180808333803190e-01    1.843073630945842978e-06    1.000000000000000036e-10
1.267538536718397779e-01    1.792472169468648231e-06    1.000000000000000036e-10
1.277981600908771886e-01    1.958337825637613630e-06    1.000000000000000036e-10
1.288510703974118377e-01    2.145312010263154260e-06    1.000000000000000036e-10
1.299126554776116882e-01    2.729869754778242947e-06    1.000000000000000036e-10
1.309829868016651466e-01    2.641552499198877829e-06    1.000000000000000036e-10
1.320621364285932131e-01    2.275611748161284094e-06    1.000000000000000036e-10
1.331501770111006844e-01    2.068759317258493823e-06    1.000000000000000036e-10
1.342471818004670470e-01    1.400306259416051472e-06    1.000000000000000036e-10
1.353532246514786708e-01    9.377841600826347077e-07    1.000000000000000036e-10
1.364683800274003600e-01    7.737156974359490948e-07    1.000000000000000036e-10
1.375927230049890926e-01    1.500972132032767924e-06    1.000000000000000036e-10
1.387263292795481995e-01    2.310294062770873238e-06    1.000000000000000036e-10
1.398692751700233994e-01    3.540478477701819720e-06    1.000000000000000036e-10
1.410216376241411607e-01    4.095860840342982560e-06    1.000000000000000036e-10
1.421834942235888077e-01    4.894575037002648336e-06    1.000000000000000036e-10
1.433549231892380094e-01    4.190838269161587184e-06    1.000000000000000036e-10
1.445360033864107052e-01    3.377394923472839157e-06    1.000000000000000036e-10
1.457268143301884700e-01    2.408547499344601310e-06    1.000000000000000036e-10
1.469274361907662863e-01    1.294807231478352910e-06    1.000000000000000036e-10
1.481379497988492278e-01    1.578515605424295289e-06    1.000000000000000036e-10
1.493584366510950501e-01    1.494385164028475775e-06    1.000000000000000036e-10
1.505889789156004410e-01    2.367492660857224282e-06    1.000000000000000036e-10
1.518296594374328179e-01    3.137302280242432080e-06    1.000000000000000036e-10
1.530805617442081989e-01    3.921922477948729200e-06    1.000000000000000036e-10
1.543417700517141777e-01    3.917721176147814385e-06    1.000000000000000036e-10
1.556133692695799986e-01    3.340145046981873112e-06    1.000000000000000036e-10
1.568954450069929840e-01    2.874547307819469589e-06    1.000000000000000036e-10
1.581880835784617301e-01    2.040250347773323038e-06    1.000000000000000036e-10
1.594913720096277077e-01    1.226036489053477539e-06    1.000000000000000036e-10
1.608053980431236041e-01    8.915480451663791497e-07    1.000000000000000036e-10
1.621302501444810418e-01    1.045378266961227935e-06    1.000000000000000036e-10
1.634660175080861755e-01    1.879646026996064434e-06    1.000000000000000036e-10
1.648127900631843612e-01    2.564728647686773499e-06    1.000000000000000036e-10
1.661706584799352016e-01    2.533571666864135499e-06    1.000000000000000036e-10
1.675397141755160801e-01    2.664784702832203174e-06    1.000000000000000036e-10
1.689200493202774045e-01    1.697851244083238178e-06    1.000000000000000036e-10
1.703117568439475316e-01    1.160242087073890303e-06    1.000000000000000036e-10
1.717149304418890132e-01    1.304813581429247726e-06    1.000000000000000036e-10
1.731296645814070778e-01    2.403395492807690272e-07    1.000000000000000036e-10
1.745560545081088766e-01    8.308855983140634226e-07    1.000000000000000036e-10
1.759941962523164372e-01    1.208160916311882429e-06    1.000000000000000036e-10
1.774441866355315756e-01    1.584293265535958661e-06    1.000000000000000036e-10
1.789061232769539045e-01    1.018500363112174705e-06    1.000000000000000036e-10
1.803801046000537422e-01    9.247440736774220232e-07    1.000000000000000036e-10
1.818662298391975629e-01    4.592938502469001201e-07    1.000000000000000036e-10
1.833645990463295128e-01    4.717418998450610222e-07    1.000000000000000036e-10
1.848753130977070780e-01    5.917075874356844503e-08    1.000000000000000036e-10
1.863984737006920966e-01    5.751556807360450250e-07    1.000000000000000036e-10
1.879341834005988920e-01    4.591664394985482416e-07    1.000000000000000036e-10
1.894825455875971676e-01    1.881874230234364641e-07    1.000000000000000036e-10
1.910436645036734660e-01    5.611808224302819545e-07    1.000000000000000036e-10
1.926176452496484170e-01    1.647848813184653511e-07    1.000000000000000036e-10
1.942045937922532162e-01    3.384861439369295005e-07    1.000000000000000036e-10
1.958046169712633622e-01    8.423823311885234234e-07    1.000000000000000036e-10
1.974178225066913206e-01    8.812417353861939940e-07    1.000000000000000036e-10
1.990443190060394163e-01    8.851229745657720729e-07    1.000000000000000036e-10
2.006842159716107632e-01    1.173228122949822719e-06    1.000000000000000036e-10
2.023376238078822553e-01    8.716629582531409260e-07    1.000000000000000036e-10
2.040046538289370937e-01    3.050583976452968723e-07    1.000000000000000036e-10
2.056854182659585695e-01    3.238849306908353095e-07    1.000000000000000036e-10
2.073800302747866309e-01    5.773683426799134613e-07    1.000000000000000036e-10
2.090886039435352339e-01    9.913363123090022222e-07    1.000000000000000036e-10
2.108112543002738648e-01    3.181458368944898834e-07    1.000000000000000036e-10
2.125480973207714286e-01    3.926223601440869374e-07    1.000000000000000036e-10
2.142992499363038650e-01    6.281263002430694174e-07    1.000000000000000036e-10
2.160648300415271561e-01    6.750300081710811267e-08    1.000000000000000036e-10
2.178449565024136725e-01    6.772814085608176152e-07    1.000000000000000036e-10
2.196397491642554378e-01    4.623769566826405390e-07    1.000000000000000036e-10
2.214493288597322584e-01    3.099691322491565846e-07    1.000000000000000036e-10
2.232738174170462997e-01    9.850454336510211054e-07    1.000000000000000036e-10
2.251133376681249409e-01    1.921087185064568804e-07    1.000000000000000036e-10
2.269680134568893282e-01    2.007216240434094607e-07    1.000000000000000036e-10
2.288379696475928426e-01    8.533596553668801769e-07    1.000000000000000036e-10
2.307233321332271825e-01    5.069016890064915068e-07    1.000000000000000036e-10
2.326242278439975553e-01    1.409801694096776362e-07    1.000000000000000036e-10
2.345407847558690084e-01    5.230847410744498967e-07    1.000000000000000036e-10
2.364731318991813713e-01    1.500829813757204610e-07    1.000000000000000036e-10
2.384213993673368059e-01    1.973352547191374124e-07    1.000000000000000036e-10
2.403857183255580232e-01    1.066592935817506626e-06    1.000000000000000036e-10
2.423662210197183586e-01    8.167299055379103986e-07    1.000000000000000036e-10
2.443630407852460384e-01    1.103649026451860393e-06    1.000000000000000036e-10
2.463763120560998054e-01    2.345536090307651448e-07    1.000000000000000036e-10
2.484061703738204840e-01    -1.600296876190730485e-08    1.000000000000000036e-10
2.504527523966557645e-01    3.779339488632065760e-08    1.000000000000000036e-10
2.525161959087602326e-01    -1.090417143207790104e-06    1.000000000000000036e-10
2.545966398294725042e-01    3.444879454930353724e-07    1.000000000000000036e-10
2.566942242226665782e-01    6.836664945817339903e-07    1.000000000000000036e-10
2.588090903061827097e-01    3.850640777304877262e-07    1.000000000000000036e-10
2.609413804613342491e-01    1.917586095035279905e-06    1.000000000000000036e-10
2.630912382424928087e-01    5.647149070622275317e-07    1.000000000000000036e-10
2.652588083867540303e-01    6.786346628036779958e-07    1.000000000000000036e-10
2.674442368236807366e-01    2.222245506938697781e-07    1.000000000000000036e-10
2.696476706851284044e-01    -3.150846036456234492e-07    1.000000000000000036e-10
2.718692583151502973e-01    -5.399193731294405925e-07    1.000000000000000036e-10
2.741091492799842544e-01    1.397169056951704964e-06    1.000000000000000036e-10
2.763674943781228022e-01    -3.520991392533210151e-08    1.000000000000000036e-10
2.786444456504647560e-01    -2.840221289639007977e-07    1.000000000000000036e-10
2.809401563905520871e-01    2.488663115100390896e-06    1.000000000000000036e-10
2.832547811548892791e-01    9.008556409318903436e-07    1.000000000000000036e-10
2.855884757733495039e-01    3.688059946563388898e-07    1.000000000000000036e-10
2.879413973596655629e-01    8.708323347730363270e-08    1.000000000000000036e-10
2.903137043220067603e-01    4.591330990528119495e-06    1.000000000000000036e-10
2.927055563736447041e-01    2.936278506535885677e-07    1.000000000000000036e-10
2.951171145437045396e-01    3.833909708945343724e-06    1.000000000000000036e-10
2.975485411880073316e-01    2.795875102136129192e-07    1.000000000000000036e-10
2.999999999999999334e-01    5.305276320327601343e-06    1.000000000000000036e-10
