4.999999999999999237e-03    1.000001555695913424e+00    1.000000000000000036e-10
5.025687439942728117e-03    1.000060692805438967e+00    1.000000000000000036e-10
5.051506848799613807e-03    1.000021104937775851e+00    1.000000000000000036e-10
5.077458904559377893e-03    9.998087549491562198e-01    1.000000000000000036e-10
5.103544288693881090e-03    9.995486067358302362e-01    1.000000000000000036e-10
5.129763686176056804e-03    1.000060156654616339e+00    1.000000000000000036e-10
5.156117785497863794e-03    9.996962904398011274e-01    1.000000000000000036e-10
5.182607278688381065e-03    1.000010253655625014e+00    1.000000000000000036e-10
5.209232861331992114e-03    1.000060605042890183e+00    1.000000000000000036e-10
5.235995232586617733e-03    9.997336913709986561e-01    1.000000000000000036e-10
5.262895095202113627e-03    1.000014525438143842e+00    1.000000000000000036e-10
5.289933155538690569e-03    9.999322989889153357e-01    1.000000000000000036e-10
5.317110123585475079e-03    9.999314079605264860e-01    1.000000000000000036e-10
5.344426712979170706e-03    9.998500517128402487e-01    1.000000000000000036e-10
5.371883641022758352e-03    1.000307919761232123e+00    1.000000000000000036e-10
5.399481628704377867e-03    9.999574762109803006e-01    1.000000000000000036e-10
5.427221400716220057e-03    9.998302512594567926e-01    1.000000000000000036e-10
5.455103685473572210e-03    1.000221400431424268e+00    1.000000000000000036e-10
5.483129215133963376e-03    9.999516799230647734e-01    1.000000000000000036e-10
5.511298725616353006e-03    9.999688523293034370e-01    1.000000000000000036e-10
5.539612956620493939e-03    1.000242164590525507e+00    1.000000000000000036e-10
5.568072651646324006e-03    9.999708527335022801e-01    1.000000000000000036e-10
5.596678558013501621e-03    9.999586792220311882e-01    1.000000000000000036e-10
5.625431426881047185e-03    9.997381515561638565e-01    1.000000000000000036e-10
5.654332013267030464e-03    1.000018962994370320e+00    1.000000000000000036e-10
5.683381076068439244e-03    1.000104800896443269e+00    1.000000000000000036e-10
5.712579378081068804e-03    9.998521690706126952e-01    1.000000000000000036e-10
5.741927686019568378e-03    1.000114489929637474e+00    1.000000000000000036e-10
5.771426770537591705e-03    9.997519613154511875e-01    1.000000000000000036e-10
5.801077406247993548e-03    9.998332757666273940e-01    1.000000000000000036e-10
5.830880371743217029e-03    1.000114750318989776e+00    1.000000000000000036e-10
5.860836449615694846e-03    1.000165140564983401e+00    1.000000000000000036e-10
5.890946426478419623e-03    1.000116757852700600e+00    1.000000000000000036e-10
5.921211092985619213e-03    1.000231820599076782e+00    1.000000000000000036e-10
5.951631243853470164e-03    9.997169347138126216e-01    1.000000000000000036e-10
5.982207677881021084e-03    9.999740194663506720e-01    1.000000000000000036e-10
6.012941197971120345e-03    1.000151743352685196e+00    1.000000000000000036e-10
6.043832611151522469e-03    9.999394094409210787e-01    1.000000000000000036e-10
6.074882728596094246e-03    9.997502527046686627e-01    1.000000000000000036e-10
6.106092365646074646e-03    1.000013794404153389e+00    1.000000000000000036e-10
6.137462341831531609e-03    9.999089399735314743e-01    1.000000000000000036e-10
6.168993480892842260e-03    1.000243501523593315e+00    1.000000000000000036e-10
6.200686610802340522e-03    9.998785582412188511e-01    1.000000000000000036e-10
6.232542563786073152e-03    9.997580098202495380e-01    1.000000000000000036e-10
6.264562176345617357e-03    9.998067598622607521e-01    1.000000000000000036e-10
6.296746289280090968e-03    9.995985481374589643e-01    1.000000000000000036e-10
6.329095747708186892e-03    1.000017985195292169e+00    1.000000000000000036e-10
6.361611401090387120e-03    1.000108034787266620e+00    1.000000000000000036e-10
6.394294103251284278e-03    9.994902430215950595e-01    1.000000000000000036e-10
6.427144712401960426e-03    1.000109982535261288e+00    1.000000000000000036e-10
6.460164091162570559e-03    9.999006105780247067e-01    1.000000000000000036e-10
6.493353106584952121e-03    1.000005977682951297e+00    1.000000000000000036e-10
6.526712630175411471e-03    9.999340107479464113e-01    1.000000000000000036e-10
6.560243537917627432e-03    9.998856591417428774e-01    1.000000000000000036e-10
6.593946710295606889e-03    1.000118342323984555e+00    1.000000000000000036e-10
6.627823032316861561e-03    1.000081107669060554e+00    1.000000000000000036e-10
6.661873393535596051e-03    9.997722346995252529e-01    1.000000000000000036e-10
6.696098688076090183e-03    9.999887586881162083e-01    1.000000000000000036e-10
6.730499814656197566e-03    9.996878987323238874e-01    1.000000000000000036e-10
6.765077676610896200e-03    9.999326598997828608e-01    1.000000000000000036e-10
6.799833181916063729e-03    9.997466407796777865e-01    1.000000000000000036e-10
6.834767243212271776e-03    9.998461060644747711e-01    1.000000000000000036e-10
6.869880777828773696e-03    9.997700759568232121e-01    1.000000000000000036e-10
6.905174707807610300e-03    9.999702324764370154e-01    1.000000000000000036e-10
6.940649959927773678e-03    9.997797881238636997e-01    1.000000000000000036e-10
6.976307465729603488e-03    9.995756527853962847e-01    1.000000000000000036e-10
7.012148161539191044e-03    9.999804108129993763e-01    1.000000000000000036e-10
7.048172988492994173e-03    1.000043758980116548e+00    1.000000000000000036e-10
7.084382892562569173e-03    1.000056868929007026e+00    1.000000000000000036e-10
7.120778824579360872e-03    9.999315311315304378e-01    1.000000000000000036e-10
7.157361740259727753e-03    9.998039978549553286e-01    1.000000000000000036e-10
7.194132600229988760e-03    9.998127012702009431e-01    1.000000000000000036e-10
7.231092370051667856e-03    9.998721997874668865e-01    1.000000000000000036e-10
7.268242020246873034e-03    9.999149884956615164e-01    1.000000000000000036e-10
7.305582526323727358e-03    1.000183302765536464e+00    1.000000000000000036e-10
7.343114868802044608e-03    1.000018235728320493e+00    1.000000000000000036e-10
7.380840033239026605e-03    9.999176291454862087e-01    1.000000000000000036e-10
7.418759010255161768e-03    1.000016107555634415e+00    1.000000000000000036e-10
7.456872795560262439e-03    1.000320250355914986e+00    1.000000000000000036e-10
7.495182389979559469e-03    9.998967481518591383e-01    1.000000000000000036e-10
7.533688799480038785e-03    1.000049720152463628e+00    1.000000000000000036e-10
7.572393035196808321e-03    9.998608464587198652e-01    1.000000000000000036e-10
7.611296113459671379e-03    9.999761711328478686e-01    1.000000000000000036e-10
7.650399055819835301e-03    9.997055986606070421e-01    1.000000000000000036e-10
7.689702889076683451e-03    1.000154477359785021e+00    1.000000000000000036e-10
7.729208645304799612e-03    9.999382445581663781e-01    1.000000000000000036e-10
7.768917361881016656e-03    9.996963194563202038e-01    1.000000000000000036e-10
7.808830081511676860e-03    1.000055862193621525e+00    1.000000000000000036e-10
7.848947852260037064e-03    9.997787159562433468e-01    1.000000000000000036e-10
7.889271727573737153e-03    9.997168348304976693e-01    1.000000000000000036e-10
7.929802766312520068e-03    9.998468594997647063e-01    1.000000000000000036e-10
7.970542032775987384e-03    9.997192091377784529e-01    1.000000000000000036e-10
8.011490596731564787e-03    9.999614353226248253e-01    1.000000000000000036e-10
8.052649533442620203e-03    1.000020074345730592e+00    1.000000000000000036e-10
8.094019923696640917e-03    1.000153986656334482e+00    1.000000000000000036e-10
8.135602853833683035e-03    9.999617903840313238e-01    1.000000000000000036e-10
8.177399415774831357e-03    9.999307815544156153e-01    1.000000000000000036e-10
8.219410707050907317e-03    1.000159206532415412e+00    1.000000000000000036e-10
8.261637830831305290e-03    1.000358081693904833e+00    1.000000000000000036e-10
8.304081895952906966e-03    9.999446617974611096e-01    1.000000000000000036e-10
8.346744016949264600e-03    1.000175268000341955e+00    1.000000000000000036e-10
8.389625314079798141e-03    1.000079110837648777e+00    1.000000000000000036e-10
8.432726913359282067e-03    9.999025925654044800e-01    1.000000000000000036e-10
8.476049946587353029e-03    9.998249822487819127e-01    1.000000000000000036e-10
8.519595551378249948e-03    1.000148511843134802e+00    1.000000000000000036e-10
8.563364871190722385e-03    9.997647855228422031e-01    1.000000000000000036e-10
8.607359055357990951e-03    1.000280648664654937e+00    1.000000000000000036e-10
8.651579259117992207e-03    1.000125983229027016e+00    1.000000000000000036e-10
8.696026643643661735e-03    1.000247167866502362e+00    1.000000000000000036e-10
8.740702376073446189e-03    1.000163100318965714e+00    1.000000000000000036e-10
8.785607629541976674e-03    9.997587353670576160e-01    1.000000000000000036e-10
8.830743583210814984e-03    1.000454859277577713e+00    1.000000000000000036e-10
8.876111422299487810e-03    9.999987303006609984e-01    1.000000000000000036e-10
8.921712338116543489e-03    1.000124067641414483e+00    1.000000000000000036e-10
8.967547528090868969e-03    9.998003850926334701e-01    1.000000000000000036e-10
9.013618195803149019e-03    9.999329135276282532e-01    1.000000000000000036e-10
9.059925551017424319e-03    1.000055723091749282e+00    1.000000000000000036e-10
9.106470809712885472e-03    9.999639280299760236e-01    1.000000000000000036e-10
9.153255194115826610e-03    9.999210163034863985e-01    1.000000000000000036e-10
9.200279932731682264e-03    1.000062463206044416e+00    1.000000000000000036e-10
9.247546260377348740e-03    1.000052999053754110e+00    1.000000000000000036e-10
9.295055418213548845e-03    9.997205300287892449e-01    1.000000000000000036e-10
9.342808653777488065e-03    9.997849578037147911e-01    1.000000000000000036e-10
9.390807221015550627e-03    9.999774281800410947e-01    1.000000000000000036e-10
9.439052380316255778e-03    1.000094650237483451e+00    1.000000000000000036e-10
9.487545398543384065e-03    9.996530370853976555e-01    1.000000000000000036e-10
9.536287549069173003e-03    9.995926484016388613e-01    1.000000000000000036e-10
9.585280111807835401e-03    1.000128253360843322e+00    1.000000000000000036e-10
9.634524373249093304e-03    1.000099174064025265e+00    1.000000000000000036e-10
9.684021626492001628e-03    9.999866418820839709e-01    1.000000000000000036e-10
9.733773171278920985e-03    9.999960400361306290e-01    1.000000000000000036e-10
9.783780314029584188e-03    1.000291409823090616e+00    1.000000000000000036e-10
9.834044367875481932e-03    1.000005076955014616e+00    1.000000000000000036e-10
9.884566652694267569e-03    1.000040918020447700e+00    1.000000000000000036e-10
9.935348495144453312e-03    9.998588600017297434e-01    1.000000000000000036e-10
9.986391228700274708e-03    9.991901783245868973e-01    1.000000000000000036e-10
1.003769619368663490e-02    9.986871295392611980e-01    1.000000000000000036e-10
1.008926473731436638e-02    9.964123876107814359e-01    1.000000000000000036e-10
1.014109821371557071e-02    9.915710932092099972e-01    1.000000000000000036e-10
1.019319798397919259e-02    9.854132569159917976e-01    1.000000000000000036e-10
1.024556541618675334e-02    9.782492994986180523e-01    1.000000000000000036e-10
1.029820188544826667e-02    9.717244395071285012e-01    1.000000000000000036e-10
1.035110877393837121e-02    9.651688700300827817e-01    1.000000000000000036e-10
1.040428747093260359e-02    9.594668509508684773e-01    1.000000000000000036e-10
1.045773937284389180e-02    9.539652484686451661e-01    1.000000000000000036e-10
1.051146588325921859e-02    9.484583100369152753e-01    1.000000000000000036e-10
1.056546841297646526e-02    9.426393041392461258e-01    1.000000000000000036e-10
1.061974838004148616e-02    9.369820917470202959e-01    1.000000000000000036e-10
1.067430720978532026e-02    9.303501814580985574e-01    1.000000000000000036e-10
1.072914633486163512e-02    9.239698772602116250e-01    1.000000000000000036e-10
1.078426719528433574e-02    9.179663116340310847e-01    1.000000000000000036e-10
1.083967123846537109e-02    9.111346929482567747e-01    1.000000000000000036e-10
1.089535991925276448e-02    9.039880409537381922e-01    1.000000000000000036e-10
1.095133469996880347e-02    8.967383508566837413e-01    1.000000000000000036e-10
1.100759705044843106e-02    8.890352459905147553e-01    1.000000000000000036e-10
1.106414844807786062e-02    8.808285382566455324e-01    1.000000000000000036e-10
1.112099037783334174e-02    8.721719945163082244e-01    1.000000000000000036e-10
1.117812433232018635e-02    8.632813572319658624e-01    1.000000000000000036e-10
1.123555181181194740e-02    8.537006487900018481e-01    1.000000000000000036e-10
1.129327432428980753e-02    8.440102100153183962e-01    1.000000000000000036e-10
1.135129338548219839e-02    8.336055927626399020e-01    1.000000000000000036e-10
1.140961051890456573e-02    8.225595864940340451e-01    1.000000000000000036e-10
1.146822725589941722e-02    8.109519572641324947e-01    1.000000000000000036e-10
1.152714513567650728e-02    7.992107476054438608e-01    1.000000000000000036e-10
1.158636570535326142e-02    7.861911230536987594e-01    1.000000000000000036e-10
1.164589051999541207e-02    7.730390643214773982e-01    1.000000000000000036e-10
1.170572114265780103e-02    7.590546400131450433e-01    1.000000000000000036e-10
1.176585914442546468e-02    7.442592164087181716e-01    1.000000000000000036e-10
1.182630610445486487e-02    7.286959927372868018e-01    1.000000000000000036e-10
1.188706361001536094e-02    7.129300477894667809e-01    1.000000000000000036e-10
1.194813325653089342e-02    6.962084420431169374e-01    1.000000000000000036e-10
1.200951664762185851e-02    6.785001940941169929e-01    1.000000000000000036e-10
1.207121539514724971e-02    6.603652382597940962e-01    1.000000000000000036e-10
1.213323111924696079e-02    6.414464300449460588e-01    1.000000000000000036e-10
1.219556544838433336e-02    6.215325704179683886e-01    1.000000000000000036e-10
1.225822001938893166e-02    6.010557832824898750e-01    1.000000000000000036e-10
1.232119647749948740e-02    5.799520653464508291e-01    1.000000000000000036e-10
1.238449647640714642e-02    5.582351481207560306e-01    1.000000000000000036e-10
1.244812167829886795e-02    5.359074151967830879e-01    1.000000000000000036e-10
1.251207375390107727e-02    5.129794305722465975e-01    1.000000000000000036e-10
1.257635438252354201e-02    4.895181228468578616e-01    1.000000000000000036e-10
1.264096525210344456e-02    4.655595858390553232e-01    1.000000000000000036e-10
1.270590805924974240e-02    4.413292325204202227e-01    1.000000000000000036e-10
1.277118450928769848e-02    4.170005033289615470e-01    1.000000000000000036e-10
1.283679631630365789e-02    3.923558107032128484e-01    1.000000000000000036e-10
1.290274520319007606e-02    3.675579509057486649e-01    1.000000000000000036e-10
1.296903290169072395e-02    3.429861131152584508e-01    1.000000000000000036e-10
1.303566115244620717e-02    3.183072913084417088e-01    1.000000000000000036e-10
1.310263170503964472e-02    2.942431134537359938e-01    1.000000000000000036e-10
1.316994631804261837e-02    2.705352384995780568e-01    1.000000000000000036e-10
1.323760675906135269e-02    2.473897389600255292e-01    1.000000000000000036e-10
1.330561480478311548e-02    2.249178024506706397e-01    1.000000000000000036e-10
1.337397224102289742e-02    2.032978366569629380e-01    1.000000000000000036e-10
1.344268086277028949e-02    1.825124387329805919e-01    1.000000000000000036e-10
1.351174247423661892e-02    1.629222198776313912e-01    1.000000000000000036e-10
1.358115888890233311e-02    1.442841536654264900e-01    1.000000000000000036e-10
1.365093192956459180e-02    1.269486426413654057e-01    1.000000000000000036e-10
1.372106342838517838e-02    1.107929289591342570e-01    1.000000000000000036e-10
1.379155522693857432e-02    9.594120008626023932e-02    1.000000000000000036e-10
1.386240917626032840e-02    8.243274081530233000e-02    1.000000000000000036e-10
1.393362713689567066e-02    7.027786786657273799e-02    1.000000000000000036e-10
1.400521097894833963e-02    5.943909874283869604e-02    1.000000000000000036e-10
1.407716258212972880e-02    4.994530819312797271e-02    1.000000000000000036e-10
1.414948383580821867e-02    4.177211996806044075e-02    1.000000000000000036e-10
1.422217663905879677e-02    3.485713783358788259e-02    1.000000000000000036e-10
1.429524290071293620e-02    2.916385387926519537e-02    1.000000000000000036e-10
1.436868453940868574e-02    2.460333911379429875e-02    1.000000000000000036e-10
1.444250348364109308e-02    2.114553584193631236e-02    1.000000000000000036e-10
1.451670167181282056e-02    1.871196408855896678e-02    1.000000000000000036e-10
1.459128105228505411e-02    1.721143147678262653e-02    1.000000000000000036e-10
1.466624358342866197e-02    1.657810260699488225e-02    1.000000000000000036e-10
1.474159123367559804e-02    1.672477268526240471e-02    1.000000000000000036e-10
1.481732598157065733e-02    1.758540428762752489e-02    1.000000000000000036e-10
1.489344981582333381e-02    1.906991663715777371e-02    1.000000000000000036e-10
1.496996473536012749e-02    2.110945931065228570e-02    1.000000000000000036e-10
1.504687274937699382e-02    2.362195704710119692e-02    1.000000000000000036e-10
1.512417587739207751e-02    2.654446611432443454e-02    1.000000000000000036e-10
1.520187614929883156e-02    2.981817222517502142e-02    1.000000000000000036e-10
1.527997560541920728e-02    3.336080876692434222e-02    1.000000000000000036e-10
1.535847629655731107e-02    3.714426607085372090e-02    1.000000000000000036e-10
1.543738028405323807e-02    4.105859061741058691e-02    1.000000000000000036e-10
1.551668963983715913e-02    4.512640680807119414e-02    1.000000000000000036e-10
1.559640644648381362e-02    4.926659283066112810e-02    1.000000000000000036e-10
1.567653279726709259e-02    5.343003079541455008e-02    1.000000000000000036e-10
1.575707079621508841e-02    5.759425552985018154e-02    1.000000000000000036e-10
1.583802255816530585e-02    6.173267320588066154e-02    1.000000000000000036e-10
1.591939020882018191e-02    6.578292745521997775e-02    1.000000000000000036e-10
1.600117588480296643e-02    6.977697768998797345e-02    1.000000000000000036e-10
1.608338173371373983e-02    7.362129300751674155e-02    1.000000000000000036e-10
1.616600991418588179e-02    7.737107699311673858e-02    1.000000000000000036e-10
1.624906259594272387e-02    8.091695581684793526e-02    1.000000000000000036e-10
1.633254195985449006e-02    8.429150856407377490e-02    1.000000000000000036e-10
1.641645019799566063e-02    8.750610464366530283e-02    1.000000000000000036e-10
1.650078951370241229e-02    9.052214072110680021e-02    1.000000000000000036e-10
1.658556212163057181e-02    9.333471439463325581e-02    1.000000000000000036e-10
1.667077024781372929e-02    9.597939096895286015e-02    1.000000000000000036e-10
1.675641612972166017e-02    9.829783897755196842e-02    1.000000000000000036e-10
1.684250201631917743e-02    1.004823036367354927e-01    1.000000000000000036e-10
1.692903016812506711e-02    1.024487358123540720e-01    1.000000000000000036e-10
1.701600285727152689e-02    1.041363875733494621e-01    1.000000000000000036e-10
1.710342236756381973e-02    1.056320948303451357e-01    1.000000000000000036e-10
1.719129099454018428e-02    1.068243216643354199e-01    1.000000000000000036e-10
1.727961104553222757e-02    1.078333890438633869e-01    1.000000000000000036e-10
1.736838483972538358e-02    1.086181258958873880e-01    1.000000000000000036e-10
1.745761470821990263e-02    1.091301390045448516e-01    1.000000000000000036e-10
1.754730299409204206e-02    1.095283558027200232e-01    1.000000000000000036e-10
1.763745205245554476e-02    1.096088062045773859e-01    1.000000000000000036e-10
1.772806425052358623e-02    1.095086010752463895e-01    1.000000000000000036e-10
1.781914196767080821e-02    1.092101527608516087e-01    1.000000000000000036e-10
1.791068759549589717e-02    1.087206204082475924e-01    1.000000000000000036e-10
1.800270353788435349e-02    1.079584423239677016e-01    1.000000000000000036e-10
1.809519221107156600e-02    1.070918490480969182e-01    1.000000000000000036e-10
1.818815604370636885e-02    1.059390796479140473e-01    1.000000000000000036e-10
1.828159747691469883e-02    1.046623867523393675e-01    1.000000000000000036e-10
1.837551896436376633e-02    1.031888033492310425e-01    1.000000000000000036e-10
1.846992297232647948e-02    1.015808973472016874e-01    1.000000000000000036e-10
1.856481197974614930e-02    9.977773663008739080e-02    1.000000000000000036e-10
1.866018847830170496e-02    9.782076243103515756e-02    1.000000000000000036e-10
1.875605497247297138e-02    9.575299505201972927e-02    1.000000000000000036e-10
1.885241397960654361e-02    9.350917233818983876e-02    1.000000000000000036e-10
1.894926802998186249e-02    9.119602244539204428e-02    1.000000000000000036e-10
1.904661966687760943e-02    8.869966721978338187e-02    1.000000000000000036e-10
1.914447144663859041e-02    8.615094996198152666e-02    1.000000000000000036e-10
1.924282593874274486e-02    8.350627287882729510e-02    1.000000000000000036e-10
1.934168572586869930e-02    8.073932025772982690e-02    1.000000000000000036e-10
1.944105340396357767e-02    7.794265833170269109e-02    1.000000000000000036e-10
1.954093158231109614e-02    7.505881825583014810e-02    1.000000000000000036e-10
1.964132288360021308e-02    7.210655705219889966e-02    1.000000000000000036e-10
1.974222994399384493e-02    6.916357644192121235e-02    1.000000000000000036e-10
1.984365541319821000e-02    6.614316762957195284e-02    1.000000000000000036e-10
1.994560195453235624e-02    6.311638214913711797e-02    1.000000000000000036e-10
2.004807224499806015e-02    6.007991433275547410e-02    1.000000000000000036e-10
2.015106897535023575e-02    5.703979808543579999e-02    1.000000000000000036e-10
2.025459485016744068e-02    5.403901390887523581e-02    1.000000000000000036e-10
2.035865258792302762e-02    5.103895667390612179e-02    1.000000000000000036e-10
2.046324492105644488e-02    4.806987723115076216e-02    1.000000000000000036e-10
2.056837459604503315e-02    4.514794884876380254e-02    1.000000000000000036e-10
2.067404437347612062e-02    4.229868592948747563e-02    1.000000000000000036e-10
2.078025702811950662e-02    3.948799485408177601e-02    1.000000000000000036e-10
2.088701534900035128e-02    3.676712310091598962e-02    1.000000000000000036e-10
2.099432213947239820e-02    3.412063099242048508e-02    1.000000000000000036e-10
2.110218021729158913e-02    3.157323871122541536e-02    1.000000000000000036e-10
2.121059241469004999e-02    2.911570437816371482e-02    1.000000000000000036e-10
2.131956157845044803e-02    2.675347877276190722e-02    1.000000000000000036e-10
2.142909056998078612e-02    2.451708347889693454e-02    1.000000000000000036e-10
2.153918226538950945e-02    2.239367156425986147e-02    1.000000000000000036e-10
2.164983955556103526e-02    2.039222586490617092e-02    1.000000000000000036e-10
2.176106534623167138e-02    1.853007372959992669e-02    1.000000000000000036e-10
2.187286255806588156e-02    1.678782903083803763e-02    1.000000000000000036e-10
2.198523412673304700e-02    1.517661121331661742e-02    1.000000000000000036e-10
2.209818300298449154e-02    1.371015849751167949e-02    1.000000000000000036e-10
2.221171215273099950e-02    1.237549897980949609e-02    1.000000000000000036e-10
2.232582455712068745e-02    1.117870042580743246e-02    1.000000000000000036e-10
2.244052321261726449e-02    1.012591111383760734e-02    1.000000000000000036e-10
2.255581113107875402e-02    9.203270427986014190e-03    1.000000000000000036e-10
2.267169133983656590e-02    8.424433990140828971e-03    1.000000000000000036e-10
2.278816688177497801e-02    7.771643090074906689e-03    1.000000000000000036e-10
2.290524081541107232e-02    7.251651092925334545e-03    1.000000000000000036e-10
2.302291621497498317e-02    6.855642442692546148e-03    1.000000000000000036e-10
2.314119617049070071e-02    6.583157913271284190e-03    1.000000000000000036e-10
2.326008378785716230e-02    6.426897015713275291e-03    1.000000000000000036e-10
2.337958218892983303e-02    6.383080618322247747e-03    1.000000000000000036e-10
2.349969451160267842e-02    6.441610381145478417e-03    1.000000000000000036e-10
2.362042390989051860e-02    6.599263953165254368e-03    1.000000000000000036e-10
2.374177355401192735e-02    6.852372372319802396e-03    1.000000000000000036e-10
2.386374663047242245e-02    7.185712821855134644e-03    1.000000000000000036e-10
2.398634634214815917e-02    7.598518263098645587e-03    1.000000000000000036e-10
2.410957590837004352e-02    8.076379446540160600e-03    1.000000000000000036e-10
2.423343856500821333e-02    8.619269369638249412e-03    1.000000000000000036e-10
2.435793756455709169e-02    9.213739174689396932e-03    1.000000000000000036e-10
2.448307617622073884e-02    9.854353305884933426e-03    1.000000000000000036e-10
2.460885768599870710e-02    1.053543172200369256e-02    1.000000000000000036e-10
2.473528539677235724e-02    1.123983947924076660e-02    1.000000000000000036e-10
2.486236262839150099e-02    1.196813904694966901e-02    1.000000000000000036e-10
2.499009271776173047e-02    1.271036165342518016e-02    1.000000000000000036e-10
2.511847901893186213e-02    1.345827818669807427e-02    1.000000000000000036e-10
2.524752490318214748e-02    1.419666020552998176e-02    1.000000000000000036e-10
2.537723375911275434e-02    1.493332666343636511e-02    1.000000000000000036e-10
2.550760899273268531e-02    1.566040383913780420e-02    1.000000000000000036e-10
2.563865402754937281e-02    1.635642282915048332e-02    1.000000000000000036e-10
2.577037230465837117e-02    1.703248194712784352e-02    1.000000000000000036e-10
2.590276728283389188e-02    1.766141331402310347e-02    1.000000000000000036e-10
2.603584243861954695e-02    1.825898587136893722e-02    1.000000000000000036e-10
2.616960126641959539e-02    1.881070147420341870e-02    1.000000000000000036e-10
2.630404727859085579e-02    1.932469639442834647e-02    1.000000000000000036e-10
2.643918400553474379e-02    1.978336054410891401e-02    1.000000000000000036e-10
2.657501499579011453e-02    2.017501935170644758e-02    1.000000000000000036e-10
2.671154381612640683e-02    2.051439197638864689e-02    1.000000000000000036e-10
2.684877405163724196e-02    2.078660985421931090e-02    1.000000000000000036e-10
2.698670930583470587e-02    2.100312430140763645e-02    1.000000000000000036e-10
2.712535320074379100e-02    2.114861176181422053e-02    1.000000000000000036e-10
2.726470937699766034e-02    2.124114389215858018e-02    1.000000000000000036e-10
2.740478149393317520e-02    2.126202996603433412e-02    1.000000000000000036e-10
2.754557322968694683e-02    2.120907445732038432e-02    1.000000000000000036e-10
2.768708828129207156e-02    2.109092856458948465e-02    1.000000000000000036e-10
2.782933036477499775e-02    2.091339875265015372e-02    1.000000000000000036e-10
2.797230321525328786e-02    2.066688534467985006e-02    1.000000000000000036e-10
2.811601058703360953e-02    2.037493909141903023e-02    1.000000000000000036e-10
2.826045625371028866e-02    2.000204367157102162e-02    1.000000000000000036e-10
2.840564400826454602e-02    1.958867977611183572e-02    1.000000000000000036e-10
2.855157766316389692e-02    1.912451605069158747e-02    1.000000000000000036e-10
2.869826105046241818e-02    1.860619666358885246e-02    1.000000000000000036e-10
2.884569802190131704e-02    1.803305285856953571e-02    1.000000000000000036e-10
2.899389244901002041e-02    1.742695500300522199e-02    1.000000000000000036e-10
2.914284822320799620e-02    1.677707521472711696e-02    1.000000000000000036e-10
2.929256925590672384e-02    1.609598587993158608e-02    1.000000000000000036e-10
2.944305947861257378e-02    1.539365910649762026e-02    1.000000000000000036e-10
2.959432284302998192e-02    1.466151317395896284e-02    1.000000000000000036e-10
2.974636332116516180e-02    1.391139483694157214e-02    1.000000000000000036e-10
2.989918490543056265e-02    1.314747410710071993e-02    1.000000000000000036e-10
3.005279160874950450e-02    1.237624706253990028e-02    1.000000000000000036e-10
3.020718746466170834e-02    1.160285042278803684e-02    1.000000000000000036e-10
3.036237652742915585e-02    1.083516928411109269e-02    1.000000000000000036e-10
3.051836287214249391e-02    1.007023370172696955e-02    1.000000000000000036e-10
3.067515059482820577e-02    9.318422114289594965e-03    1.000000000000000036e-10
3.083274381255594887e-02    8.587254946727407301e-03    1.000000000000000036e-10
3.099114666354684661e-02    7.875612372287302265e-03    1.000000000000000036e-10
3.115036330728207861e-02    7.188141622738825239e-03    1.000000000000000036e-10
3.131039792461204341e-02    6.528586196720322608e-03    1.000000000000000036e-10
3.147125471786632600e-02    5.905561759879390457e-03    1.000000000000000036e-10
3.163293791096380425e-02    5.319745184772358727e-03    1.000000000000000036e-10
3.179545174952377873e-02    4.773103666265784625e-03    1.000000000000000036e-10
3.195880050097734543e-02    4.267834179629527262e-03    1.000000000000000036e-10
3.212298845467941033e-02    3.807081124710604177e-03    1.000000000000000036e-10
3.228801992202151583e-02    3.393374646052625242e-03    1.000000000000000036e-10
3.245389923654481285e-02    3.026543612923579107e-03    1.000000000000000036e-10
3.262063075405401830e-02    2.706341685316779582e-03    1.000000000000000036e-10
3.278821885273175418e-02    2.434564620190883630e-03    1.000000000000000036e-10
3.295666793325343485e-02    2.210831962096502200e-03    1.000000000000000036e-10
3.312598241890301470e-02    2.036342753123491969e-03    1.000000000000000036e-10
3.329616675568888851e-02    1.904751310710360752e-03    1.000000000000000036e-10
3.346722541246083954e-02    1.819021805306128732e-03    1.000000000000000036e-10
3.363916288102730690e-02    1.777303191744119973e-03    1.000000000000000036e-10
3.381198367627328422e-02    1.773446570338682018e-03    1.000000000000000036e-10
3.398569233627904418e-02    1.808690353910744194e-03    1.000000000000000036e-10
3.416029342243907113e-02    1.879511689162495676e-03    1.000000000000000036e-10
3.433579151958202763e-02    1.980567989154015992e-03    1.000000000000000036e-10
3.451219123609108874e-02    2.110690563734413452e-03    1.000000000000000036e-10
3.468949720402486614e-02    2.264787708353693720e-03    1.000000000000000036e-10
3.486771407923923427e-02    2.438907262126182446e-03    1.000000000000000036e-10
3.504684654150935080e-02    2.631028045183195826e-03    1.000000000000000036e-10
3.522689929465274566e-02    2.835852906622390261e-03    1.000000000000000036e-10
3.540787706665272927e-02    3.048525831160093721e-03    1.000000000000000036e-10
3.558978460978252933e-02    3.265297115958187401e-03    1.000000000000000036e-10
3.577262670073021178e-02    3.483809821882579826e-03    1.000000000000000036e-10
3.595640814072392777e-02    3.699144524479280015e-03    1.000000000000000036e-10
3.614113375565812525e-02    3.908916487797588039e-03    1.000000000000000036e-10
3.632680839622023927e-02    4.107067601071088571e-03    1.000000000000000036e-10
3.651343693801798601e-02    4.293175017695890529e-03    1.000000000000000036e-10
3.670102428170757269e-02    4.462554060660189198e-03    1.000000000000000036e-10
3.688957535312215041e-02    4.614238448287184824e-03    1.000000000000000036e-10
3.707909510340134940e-02    4.745392230903620195e-03    1.000000000000000036e-10
3.726958850912121674e-02    4.851918285064871217e-03    1.000000000000000036e-10
3.746106057242483411e-02    4.934225696923357982e-03    1.000000000000000036e-10
3.765351632115385150e-02    4.991933027449652407e-03    1.000000000000000036e-10
3.784696080898026366e-02    5.020760910098280572e-03    1.000000000000000036e-10
3.804139911553934550e-02    5.023458768560792875e-03    1.000000000000000036e-10
3.823683634656289965e-02    4.997843303521491871e-03    1.000000000000000036e-10
3.843327763401331587e-02    4.945478048928621251e-03    1.000000000000000036e-10
3.863072813621849788e-02    4.868753302930879136e-03    1.000000000000000036e-10
3.882919303800708155e-02    4.763854814452804336e-03    1.000000000000000036e-10
3.902867755084474255e-02    4.637532224935474526e-03    1.000000000000000036e-10
3.922918691297103133e-02    4.484610244581111425e-03    1.000000000000000036e-10
3.943072638953679099e-02    4.315755629647677859e-03    1.000000000000000036e-10
3.963330127274267145e-02    4.124649082075355390e-03    1.000000000000000036e-10
3.983691688197778247e-02    3.918820459967658522e-03    1.000000000000000036e-10
4.004157856395961640e-02    3.699809049480507449e-03    1.000000000000000036e-10
4.024729169287436653e-02    3.468066467666563145e-03    1.000000000000000036e-10
4.045406167051796009e-02    3.230551632800504180e-03    1.000000000000000036e-10
4.066189392643813211e-02    2.986600260941140936e-03    1.000000000000000036e-10
4.087079391807670742e-02    2.740253278893776782e-03    1.000000000000000036e-10
4.108076713091313170e-02    2.493485831065067170e-03    1.000000000000000036e-10
4.129181907860844658e-02    2.250101907864195724e-03    1.000000000000000036e-10
4.150395530314995862e-02    2.012955479820928081e-03    1.000000000000000036e-10
4.171718137499702550e-02    1.785061841712578872e-03    1.000000000000000036e-10
4.193150289322703644e-02    1.567184421320345911e-03    1.000000000000000036e-10
4.214692548568263475e-02    1.362043207585281060e-03    1.000000000000000036e-10
4.236345480911946071e-02    1.173032270749928838e-03    1.000000000000000036e-10
4.258109654935456762e-02    9.984130162688233893e-04    1.000000000000000036e-10
4.279985642141598268e-02    8.420766615190283366e-04    1.000000000000000036e-10
4.301974016969246917e-02    7.052274392852221326e-04    1.000000000000000036e-10
4.324075356808460002e-02    5.875550996499119332e-04    1.000000000000000036e-10
4.346290242015627553e-02    4.883796956606398188e-04    1.000000000000000036e-10
4.368619255928713613e-02    4.106967037102007335e-04    1.000000000000000036e-10
4.391062984882577319e-02    3.513518056110112955e-04    1.000000000000000036e-10
4.413622018224357124e-02    3.112880008991177538e-04    1.000000000000000036e-10
4.436296948328963263e-02    2.894537198694598946e-04    1.000000000000000036e-10
4.459088370614622959e-02    2.842038809804050712e-04    1.000000000000000036e-10
4.481996883558517220e-02    2.941565364128871521e-04    1.000000000000000036e-10
4.505023088712498125e-02    3.190170548120501879e-04    1.000000000000000036e-10
4.528167590718877589e-02    3.553902407790228294e-04    1.000000000000000036e-10
4.551430997326315342e-02    4.027458964565362623e-04    1.000000000000000036e-10
4.574813919405771451e-02    4.577254518623358778e-04    1.000000000000000036e-10
4.598316970966547651e-02    5.187905894332950178e-04    1.000000000000000036e-10
4.621940769172414726e-02    5.839899093784870453e-04    1.000000000000000036e-10
4.645685934357805108e-02    6.517679648941822768e-04    1.000000000000000036e-10
4.669553090044121363e-02    7.194709941002691653e-04    1.000000000000000036e-10
4.693542862956097406e-02    7.847244579922301767e-04    1.000000000000000036e-10
4.717655883038256170e-02    8.465349222376367588e-04    1.000000000000000036e-10
4.741892783471457484e-02    9.026541239737108759e-04    1.000000000000000036e-10
4.766254200689511167e-02    9.529874121721600925e-04    1.000000000000000036e-10
4.790740774395906704e-02    9.943055083860116890e-04    1.000000000000000036e-10
4.815353147580599125e-02    1.027021196261336099e-03    1.000000000000000036e-10
4.840091966536897577e-02    1.049892635946006762e-03    1.000000000000000036e-10
4.864957880878437863e-02    1.061549061564242375e-03    1.000000000000000036e-10
4.889951543556229213e-02    1.063816222048035755e-03    1.000000000000000036e-10
4.915073610875816956e-02    1.055710149164150718e-03    1.000000000000000036e-10
4.940324742514506928e-02    1.036544371472147017e-03    1.000000000000000036e-10
4.965705601538688424e-02    1.007772638715001556e-03    1.000000000000000036e-10
4.991216854421247351e-02    9.696415948246693735e-04    1.000000000000000036e-10
5.016859171059060568e-02    9.231181306868022074e-04    1.000000000000000036e-10
5.042633224790599167e-02    8.700678877800635232e-04    1.000000000000000036e-10
5.068539692413599751e-02    8.101573662508052259e-04    1.000000000000000036e-10
5.094579254202839802e-02    7.460682025718177318e-04    1.000000000000000036e-10
5.120752593928000473e-02    6.780241379595818539e-04    1.000000000000000036e-10
5.147060398871617509e-02    6.081544836940381291e-04    1.000000000000000036e-10
5.173503359847136940e-02    5.376974453444677499e-04    1.000000000000000036e-10
5.200082171217049881e-02    4.671524384023266236e-04    1.000000000000000036e-10
5.226797530911125172e-02    3.995812030751782909e-04    1.000000000000000036e-10
5.253650140444741934e-02    3.343210813976529947e-04    1.000000000000000036e-10
5.280640704937295676e-02    2.739435368943348337e-04    1.000000000000000036e-10
5.307769933130733475e-02    2.179039778547243078e-04    1.000000000000000036e-10
5.335038537408154369e-02    1.685574965963573303e-04    1.000000000000000036e-10
5.362447233812513842e-02    1.248044039125397603e-04    1.000000000000000036e-10
5.389996742065435859e-02    8.858713231344790160e-05    1.000000000000000036e-10
5.417687785586094984e-02    5.932722239185057070e-05    1.000000000000000036e-10
5.445521091510231726e-02    3.657997069662835955e-05    1.000000000000000036e-10
5.473497390709235189e-02    2.096700204520974639e-05    1.000000000000000036e-10
5.501617417809336746e-02    1.176624799159231428e-05    1.000000000000000036e-10
5.529881911210906414e-02    8.195796626208839988e-06    1.000000000000000036e-10
5.558291613107825546e-02    1.084648871798283507e-05    1.000000000000000036e-10
5.586847269506999003e-02    1.708938671622388172e-05    1.000000000000000036e-10
5.615549630247927693e-02    2.728368782932906974e-05    1.000000000000000036e-10
5.644399449022405313e-02    4.057500010614484650e-05    1.000000000000000036e-10
5.673397483394312241e-02    5.572633238008287002e-05    1.000000000000000036e-10
5.702544494819492688e-02    7.216376056266618467e-05    1.000000000000000036e-10
5.731841248665772715e-02    8.883221389303063971e-05    1.000000000000000036e-10
5.761288514233040697e-02    1.046974585189589435e-04    1.000000000000000036e-10
5.790887064773456855e-02    1.194186969151840236e-04    1.000000000000000036e-10
5.820637677511752289e-02    1.321185154840410299e-04    1.000000000000000036e-10
5.850541133665645294e-02    1.419764198708000312e-04    1.000000000000000036e-10
5.880598218466342314e-02    1.499560085196944160e-04    1.000000000000000036e-10
5.910809721179172832e-02    1.547509853930935321e-04    1.000000000000000036e-10
5.941176435124307514e-02    1.563493069946767671e-04    1.000000000000000036e-10
5.971699157697585997e-02    1.546966306733475413e-04    1.000000000000000036e-10
6.002378690391466098e-02    1.510304235369038135e-04    1.000000000000000036e-10
6.033215838816052140e-02    1.446986809194714043e-04    1.000000000000000036e-10
6.064211412720269673e-02    1.355758188944684048e-04    1.000000000000000036e-10
6.095366226013119310e-02    1.247506944490655233e-04    1.000000000000000036e-10
6.126681096785045744e-02    1.133494993484326002e-04    1.000000000000000036e-10
6.158156847329428890e-02    1.006565593780018382e-04    1.000000000000000036e-10
6.189794304164161071e-02    8.873989540920419880e-05    1.000000000000000036e-10
6.221594298053369915e-02    7.670054697268895117e-05    1.000000000000000036e-10
6.253557664029220364e-02    6.509405242285470992e-05    1.000000000000000036e-10
6.285685241413845048e-02    5.532920123651953215e-05    1.000000000000000036e-10
6.317977873841387759e-02    4.716386494545412255e-05    1.000000000000000036e-10
6.350436409280142691e-02    4.001218081324041349e-05    1.000000000000000036e-10
6.383061700054838694e-02    3.587361599425524500e-05    1.000000000000000036e-10
6.415854602869013046e-02    3.374122614382311724e-05    1.000000000000000036e-10
6.448815978827505957e-02    3.309423463898366312e-05    1.000000000000000036e-10
6.481946693459073039e-02    3.414025361562937416e-05    1.000000000000000036e-10
6.515247616739110181e-02    3.700247980955323631e-05    1.000000000000000036e-10
6.548719623112504717e-02    4.038743156068077129e-05    1.000000000000000036e-10
6.582363591516594836e-02    4.540869313845513004e-05    1.000000000000000036e-10
6.616180405404248344e-02    5.022542541690560203e-05    1.000000000000000036e-10
6.650170952767064936e-02    5.550694986642943539e-05    1.000000000000000036e-10
6.684336126158678393e-02    6.062965348088884560e-05    1.000000000000000036e-10
6.718676822718216979e-02    6.406600934326168496e-05    1.000000000000000036e-10
6.753193944193848497e-02    6.644031085347569890e-05    1.000000000000000036e-10
6.787888396966459958e-02    6.769583420885707061e-05    1.000000000000000036e-10
6.822761092073464928e-02    6.761296487128709142e-05    1.000000000000000036e-10
6.857812945232705237e-02    6.556335824698648776e-05    1.000000000000000036e-10
6.893044876866527559e-02    6.212428747419012677e-05    1.000000000000000036e-10
6.928457812125933535e-02    5.708174614793222918e-05    1.000000000000000036e-10
6.964052680914871452e-02    5.057978618599789287e-05    1.000000000000000036e-10
6.999830417914672254e-02    4.411314192438059602e-05    1.000000000000000036e-10
7.035791962608561878e-02    3.600555684326585897e-05    1.000000000000000036e-10
7.071938259306366492e-02    2.869834033778735635e-05    1.000000000000000036e-10
7.108270257169285733e-02    2.087930451048073587e-05    1.000000000000000036e-10
7.144788910234825541e-02    1.454849560326931239e-05    1.000000000000000036e-10
7.181495177441851729e-02    9.122596202755593308e-06    1.000000000000000036e-10
7.218390022655754579e-02    5.574487003048440250e-06    1.000000000000000036e-10
7.255474414693782736e-02    3.799116976492019771e-06    1.000000000000000036e-10
7.292749327350468713e-02    3.622789220388332134e-06    1.000000000000000036e-10
7.330215739423202870e-02    6.323421277319931425e-06    1.000000000000000036e-10
7.367874634737939243e-02    1.091735547340575209e-05    1.000000000000000036e-10
7.405727002175011009e-02    1.742732277661281862e-05    1.000000000000000036e-10
7.443773835695130514e-02    2.565319324868797662e-05    1.000000000000000036e-10
7.482016134365461479e-02    3.522593403501934119e-05    1.000000000000000036e-10
7.520454902385864671e-02    4.610015273203393172e-05    1.000000000000000036e-10
7.559091149115272634e-02    5.696774419888080214e-05    1.000000000000000036e-10
7.597925889098169905e-02    6.864545115629541857e-05    1.000000000000000036e-10
7.636960142091268888e-02    7.921842757914414183e-05    1.000000000000000036e-10
7.676194933090260686e-02    8.797225007216291897e-05    1.000000000000000036e-10
7.715631292356743554e-02    9.527349563849798401e-05    1.000000000000000036e-10
7.755270255445273486e-02    1.009617698020202355e-04    1.000000000000000036e-10
7.795112863230545253e-02    1.040108536481188287e-04    1.000000000000000036e-10
7.835160161934746903e-02    1.046705884949620570e-04    1.000000000000000036e-10
7.875413203155014197e-02    1.019061358597838415e-04    1.000000000000000036e-10
7.915873043891052951e-02    9.775141641551741739e-05    1.000000000000000036e-10
7.956540746572896006e-02    9.092394827782878872e-05    1.000000000000000036e-10
7.997417379088785083e-02    8.302283723513563659e-05    1.000000000000000036e-10
8.038504014813235843e-02    7.340351104892824791e-05    1.000000000000000036e-10
8.079801732635211176e-02    6.222356490494583656e-05    1.000000000000000036e-10
8.121311616986451321e-02    5.157810913811786797e-05    1.000000000000000036e-10
8.163034757869956637e-02    4.077665677368147803e-05    1.000000000000000036e-10
8.204972250888589724e-02    3.128710610104689413e-05    1.000000000000000036e-10
8.247125197273877384e-02    2.362229041514606875e-05    1.000000000000000036e-10
8.289494703914900009e-02    1.778341767273444745e-05    1.000000000000000036e-10
8.332081883387372490e-02    1.407327505963012459e-05    1.000000000000000036e-10
8.374887853982850017e-02    1.316076985596397418e-05    1.000000000000000036e-10
8.417913739738103196e-02    1.466543630206571873e-05    1.000000000000000036e-10
8.461160670464618061e-02    1.875221411159939762e-05    1.000000000000000036e-10
8.504629781778280662e-02    2.546482935240153541e-05    1.000000000000000036e-10
8.548322215129190715e-02    3.235328270142566427e-05    1.000000000000000036e-10
8.592239117831630690e-02    4.196598111082078220e-05    1.000000000000000036e-10
8.636381643094202809e-02    5.197122762824981415e-05    1.000000000000000036e-10
8.680750950050092341e-02    6.112549114295198684e-05    1.000000000000000036e-10
8.725348203787526569e-02    7.009949384951653201e-05    1.000000000000000036e-10
8.770174575380358661e-02    7.783082510606416664e-05    1.000000000000000036e-10
8.815231241918820848e-02    8.413649444607512956e-05    1.000000000000000036e-10
8.860519386540431641e-02    8.772410741110091715e-05    1.000000000000000036e-10
8.906040198461054325e-02    8.947669252349434209e-05    1.000000000000000036e-10
8.951794873006148345e-02    8.845884019574428976e-05    1.000000000000000036e-10
8.997784611642138664e-02    8.542269795594116695e-05    1.000000000000000036e-10
9.044010622007966904e-02    7.942206641519512040e-05    1.000000000000000036e-10
9.090474117946811816e-02    7.262896727244486279e-05    1.000000000000000036e-10
9.137176319537944347e-02    6.368546156399517897e-05    1.000000000000000036e-10
9.184118453128790882e-02    5.414286875560528708e-05    1.000000000000000036e-10
9.231301751367115838e-02    4.477367188988194045e-05    1.000000000000000036e-10
9.278727453233401312e-02    3.614310985779503707e-05    1.000000000000000036e-10
9.326396804073376623e-02    2.800866246752541658e-05    1.000000000000000036e-10
9.374311055630710210e-02    2.151263175232712800e-05    1.000000000000000036e-10
9.422471466079899993e-02    1.703715486258540826e-05    1.000000000000000036e-10
9.470879300059294181e-02    1.418094734729251770e-05    1.000000000000000036e-10
9.519535828704310532e-02    1.376352228951333530e-05    1.000000000000000036e-10
9.568442329680809655e-02    1.495965334743574208e-05    1.000000000000000036e-10
9.617600087218632077e-02    1.813133334822442710e-05    1.000000000000000036e-10
9.667010392145349018e-02    2.284857352489794827e-05    1.000000000000000036e-10
9.716674541920136687e-02    2.777863500053267298e-05    1.000000000000000036e-10
9.766593840667854576e-02    3.327550816304080349e-05    1.000000000000000036e-10
9.816769599213290287e-02    3.953350397405508383e-05    1.000000000000000036e-10
9.867203135115563961e-02    4.404520506678508867e-05    1.000000000000000036e-10
9.917895772702756130e-02    4.701152056169806436e-05    1.000000000000000036e-10
9.968848843106659086e-02    4.959119285268819179e-05    1.000000000000000036e-10
1.002006368429774336e-01    4.951153465527229931e-05    1.000000000000000036e-10
1.007154164112028516e-01    4.834649794112595505e-05    1.000000000000000036e-10
1.012328406532767427e-01    4.550797449025079875e-05    1.000000000000000036e-10
1.017529231561792591e-01    4.158026095369748499e-05    1.000000000000000036e-10
1.022756775766934939e-01    3.640418399768439057e-05    1.000000000000000036e-10
1.028011176417640699e-01    3.091460541708518703e-05    1.000000000000000036e-10
1.033292571488577116e-01    2.490608341958881110e-05    1.000000000000000036e-10
1.038601099663252619e-01    1.882257031223853283e-05    1.000000000000000036e-10
1.043936900337662371e-01    1.433708550029872887e-05    1.000000000000000036e-10
1.049300113623946318e-01    1.027308063338539353e-05    1.000000000000000036e-10
1.054690880354068327e-01    7.223132151531689127e-06    1.000000000000000036e-10
1.060109342083516148e-01    5.725751448243602805e-06    1.000000000000000036e-10
1.065555641095014688e-01    5.380675219866117445e-06    1.000000000000000036e-10
1.071029920402266911e-01    5.949236958121397778e-06    1.000000000000000036e-10
1.076532323753706111e-01    7.749112385113596845e-06    1.000000000000000036e-10
1.082062995636271369e-01    9.530289109155230890e-06    1.000000000000000036e-10
1.087622081279202568e-01    1.246229532953874640e-05    1.000000000000000036e-10
1.093209726657850961e-01    1.464541560685716988e-05    1.000000000000000036e-10
1.098826078497516512e-01    1.616912244053376628e-05    1.000000000000000036e-10
1.104471284277297599e-01    1.765464933213849088e-05    1.000000000000000036e-10
1.110145492233965414e-01    1.795871671979302515e-05    1.000000000000000036e-10
1.115848851365855571e-01    1.743747734170656967e-05    1.000000000000000036e-10
1.121581511436779560e-01    1.702159657752947138e-05    1.000000000000000036e-10
1.127343622979960353e-01    1.515548076438357981e-05    1.000000000000000036e-10
1.133135337301982987e-01    1.323669460958733526e-05    1.000000000000000036e-10
1.138956806486768059e-01    1.060399746692240993e-05    1.000000000000000036e-10
1.144808183399566165e-01    8.005154901947804261e-06    1.000000000000000036e-10
1.150689621690969694e-01    6.190482213962975687e-06    1.000000000000000036e-10
1.156601275800950568e-01    4.021879824789027346e-06    1.000000000000000036e-10
1.162543300962914083e-01    2.378472851454028355e-06    1.000000000000000036e-10
1.168515853207774680e-01    1.377810496617777260e-06    1.000000000000000036e-10
1.174519089368054880e-01    1.152661000574387204e-06    1.000000000000000036e-10
1.180553167082000338e-01    1.516755961460361822e-06    1.000000000000000036e-10
1.186618244797723043e-01    1.358042590591901199e-06    1.000000000000000036e-10
1.192714481777359947e-01    2.041647459334854533e-06    1.000000000000000036e-10
1.198842038101255031e-01    3.341018632030054108e-06    1.000000000000000036e-10
1.205001074672163858e-01    3.633180829849307676e-06    1.000000000000000036e-10
1.211191753219476169e-01    4.025298477206228495e-06    1.000000000000000036e-10
1.217414236303466235e-01    4.042145504055954696e-06    1.000000000000000036e-10
1.223668687319559162e-01    3.525875441946266825e-06    1.000000000000000036e-10
1.229955270502622322e-01    3.233539830249448133e-06    1.000000000000000036e-10
1.236274150931277460e-01    3.697499724464092760e-06    1.000000000000000036e-10
1.242625494532236391e-01    2.664482790130039148e-06    1.000000000000000036e-10
1.249009468084655849e-01    2.209495308442544756e-06    1.000000000000000036e-10
1.255426239224519958e-01    1.910772081842335549e-06    1.000000000000000036e-10
1.261875976449040315e-01    1.532612787948538473e-06    1.000000000000000036e-10
1.268358849121080933e-01    1.553606035102292586e-06    1.000000000000000036e-10
1.274875027473606204e-01    2.118567529960646093e-06    1.000000000000000036e-10
1.281424682614148158e-01    2.144663649755964773e-06    1.000000000000000036e-10
1.288007986529303706e-01    2.236273618671915551e-06    1.000000000000000036e-10
1.294625112089248242e-01    2.850457772039246623e-06    1.000000000000000036e-10
1.301276233052275633e-01    2.850882386681123275e-06    1.000000000000000036e-10
1.307961524069361781e-01    2.073696448497960902e-06    1.000000000000000036e-10
1.314681160688747352e-01    2.751444966961807911e-06    1.000000000000000036e-10
1.321435319360552418e-01    1.754933374471800808e-06    1.000000000000000036e-10
1.328224177441406639e-01    1.588801791956572278e-06    1.000000000000000036e-10
1.335047913199107206e-01    1.426595658982224648e-06    1.000000000000000036e-10
1.341906705817300649e-01    9.318300047231448642e-07    1.000000000000000036e-10
1.348800735400185191e-01    7.768230955317169332e-07    1.000000000000000036e-10
1.355730182977244735e-01    1.111886496101373148e-06    1.000000000000000036e-10
1.362695230507998401e-01    1.150262480925426139e-06    1.000000000000000036e-10
1.369696060886781142e-01    2.553361612128946856e-06    1.000000000000000036e-10
1.376732857947545463e-01    2.040785085818374868e-06    1.000000000000000036e-10
1.383805806468686450e-01    3.299018133966294882e-06    1.000000000000000036e-10
1.390915092177898438e-01    3.685165081463645249e-06    1.000000000000000036e-10
1.398060901757048613e-01    3.980247060841288005e-06    1.000000000000000036e-10
1.405243422847080037e-01    4.805006088240262386e-06    1.000000000000000036e-10
1.412462844052939648e-01    4.585359806542949241e-06    1.000000000000000036e-10
1.419719354948528189e-01    3.890562263685500034e-06    1.000000000000000036e-10
1.427013146081681227e-01    3.538729154011541862e-06    1.000000000000000036e-10
1.434344408979172092e-01    3.013586699343216444e-06    1.000000000000000036e-10
1.441713336151739522e-01    2.072100130035492667e-06    1.000000000000000036e-10
1.449120121099145286e-01    1.585412884386680956e-06    1.000000000000000036e-10
1.456564958315251235e-01    1.347565138064500693e-06    1.000000000000000036e-10
1.464048043293131596e-01    9.890307595039050453e-07    1.000000000000000036e-10
1.471569572530203318e-01    1.674712512087759071e-06    1.000000000000000036e-10
1.479129743533385832e-01    1.985438642780290000e-06    1.000000000000000036e-10
1.486728754824289123e-01    2.364342057463083452e-06    1.000000000000000036e-10
1.494366805944423726e-01    3.287555726282848223e-06    1.000000000000000036e-10
1.502044097460443761e-01    3.367207044187919194e-06    1.000000000000000036e-10
1.509760830969412160e-01    4.071268313752314363e-06    1.000000000000000036e-10
1.517517209104093379e-01    4.235955888841513516e-06    1.000000000000000036e-10
1.525313435538277196e-01    4.192209495340947382e-06    1.000000000000000036e-10
1.533149714992121659e-01    3.570031341971427141e-06    1.000000000000000036e-10
1.541026253237535171e-01    2.828385775979898599e-06    1.000000000000000036e-10
1.548943257103575777e-01    2.437815084166691699e-06    1.000000000000000036e-10
1.556900934481883492e-01    1.876788524809585255e-06    1.000000000000000036e-10
1.564899494332139818e-01    2.129166662021882105e-06    1.000000000000000036e-10
1.572939146687551415e-01    1.669253126353173199e-06    1.000000000000000036e-10
1.581020102660371240e-01    1.328890998828820737e-06    1.000000000000000036e-10
1.589142574447437450e-01    1.621021426098709015e-06    1.000000000000000036e-10
1.597306775335746998e-01    1.891846934451728003e-06    1.000000000000000036e-10
1.605512919708056985e-01    2.141003585575836399e-06    1.000000000000000036e-10
1.613761223048511273e-01    2.478735578650546899e-06    1.000000000000000036e-10
1.622051901948303176e-01    2.865866899823575905e-06    1.000000000000000036e-10
1.630385174111359248e-01    2.985196547404343133e-06    1.000000000000000036e-10
1.638761258360058592e-01    2.806946108331470398e-06    1.000000000000000036e-10
1.647180374640977440e-01    2.274873025949347648e-06    1.000000000000000036e-10
1.655642744030662861e-01    1.854144445957499314e-06    1.000000000000000036e-10
1.664148588741442558e-01    1.593639055114428627e-06    1.000000000000000036e-10
1.672698132127256043e-01    7.614788421905044280e-07    1.000000000000000036e-10
1.681291598689521882e-01    8.669161101539382928e-07    1.000000000000000036e-10
1.689929214083032150e-01    5.143629640313049745e-07    1.000000000000000036e-10
1.698611205121875189e-01    9.703898733592684540e-07    1.000000000000000036e-10
1.707337799785397237e-01    6.797873807818358681e-07    1.000000000000000036e-10
1.716109227224183742e-01    9.762462808922791466e-07    1.000000000000000036e-10
1.724925717766079558e-01    1.316830349840927231e-06    1.000000000000000036e-10
1.733787502922236323e-01    1.022513757233082912e-06    1.000000000000000036e-10
1.742694815393189267e-01    1.306549163001922597e-06    1.000000000000000036e-10
1.751647889074971765e-01    1.705344322972754716e-06    1.000000000000000036e-10
1.760646959065254868e-01    1.177595901279403787e-06    1.000000000000000036e-10
1.769692261669521260e-01    9.290507806810847882e-07    1.000000000000000036e-10
1.778784034407269732e-01    6.040251281044091441e-07    1.000000000000000036e-10
1.787922516018254082e-01    6.244182895869282563e-07    1.000000000000000036e-10
1.797107946468747275e-01    8.461639946069886645e-07    1.000000000000000036e-10
1.806340566957849725e-01    4.935411466121734607e-07    1.000000000000000036e-10
1.815620619923817569e-01    9.102896445066264062e-07    1.000000000000000036e-10
1.824948349050431184e-01    5.019222821650221914e-07    1.000000000000000036e-10
1.834323999273393957e-01    4.363773686037894655e-07    1.000000000000000036e-10
1.843747816786761307e-01    8.895921698140648304e-07    1.000000000000000036e-10
1.853220049049409679e-01    7.410665279902590247e-07    1.000000000000000036e-10
1.862740944791532183e-01    5.781571988099235707e-07    1.000000000000000036e-10
1.872310754021170032e-01    1.251815114949150399e-07    1.000000000000000036e-10
1.881929728030778681e-01    7.874304780133298544e-07    1.000000000000000036e-10
1.891598119403822831e-01    6.582949725075638312e-07    1.000000000000000036e-10
1.901316182021414725e-01    8.832106757674318008e-07    1.000000000000000036e-10
1.911084171068976323e-01    3.402511252470894607e-07    1.000000000000000036e-10
1.920902343042941995e-01    5.515377810647051362e-07    1.000000000000000036e-10
1.930770955757494522e-01    7.066377348788103600e-07    1.000000000000000036e-10
1.940690268351330516e-01    6.452633051252733873e-07    1.000000000000000036e-10
1.950660541294471917e-01    6.565130251569100032e-07    1.000000000000000036e-10
1.960682036395101357e-01    9.965320916972880624e-07    1.000000000000000036e-10
1.970755016806437498e-01    4.488509037617641976e-07    1.000000000000000036e-10
1.980879747033646998e-01    1.961136518778097931e-07    1.000000000000000036e-10
1.991056492940784794e-01    8.571698708763320255e-07    1.000000000000000036e-10
2.001285521757782959e-01    7.980199783745657725e-07    1.000000000000000036e-10
2.011567102087462866e-01    6.438382357349475953e-07    1.000000000000000036e-10
2.021901503912589826e-01    5.661641438354094607e-07    1.000000000000000036e-10
2.032288998602963248e-01    3.256504957379410362e-07    1.000000000000000036e-10
2.042729858922538722e-01    8.610741101241745010e-07    1.000000000000000036e-10
2.053224359036595892e-01    7.479318543956925033e-07    1.000000000000000036e-10
2.063772774518934650e-01    4.053999031130426176e-07    1.000000000000000036e-10
2.074375382359112396e-01    1.002385278145737407e-06    1.000000000000000036e-10
2.085032460969717116e-01    7.166779657927985516e-07    1.000000000000000036e-10
2.095744290193675974e-01    3.911434221551694672e-07    1.000000000000000036e-10
2.106511151311608043e-01    1.222103634129248299e-06    1.000000000000000036e-10
2.117333327049207847e-01    7.250925487053150390e-07    1.000000000000000036e-10
2.128211101584669696e-01    1.124300339235301135e-06    1.000000000000000036e-10
2.139144760556150604e-01    4.949511763054394978e-07    1.000000000000000036e-10
2.150134591069267076e-01    4.566706212450208518e-07    1.000000000000000036e-10
2.161180881704641010e-01    7.329815524541911445e-07    1.000000000000000036e-10
2.172283922525472255e-01    8.762965593248274905e-07    1.000000000000000036e-10
2.183444005085156681e-01    2.019526901479559522e-07    1.000000000000000036e-10
2.194661422434943665e-01    3.930595789486051198e-07    1.000000000000000036e-10
2.205936469131626887e-01    3.773466440638968598e-07    1.000000000000000036e-10
2.217269441245284245e-01    8.615513878261812039e-08    1.000000000000000036e-10
2.228660636367050252e-01    6.339076969628554350e-07    1.000000000000000036e-10
2.240110353616929506e-01    1.600756578780678738e-07    1.000000000000000036e-10
2.251618893651653464e-01    1.374199718619822546e-07    1.000000000000000036e-10
2.263186558672570237e-01    6.166577706329989196e-07    1.000000000000000036e-10
2.274813652433587408e-01    -3.228179655048816691e-08    1.000000000000000036e-10
2.286500480249143430e-01    1.562858768047330756e-06    1.000000000000000036e-10
2.298247349002226492e-01    1.487344491684511904e-07    1.000000000000000036e-10
2.310054567152432237e-01    7.771027793431723937e-07    1.000000000000000036e-10
2.321922444744062008e-01    2.428984677791390567e-07    1.000000000000000036e-10
2.333851293414268002e-01    7.793826519453326721e-07    1.000000000000000036e-10
2.345841426401234497e-01    1.182323691682771829e-06    1.000000000000000036e-10
2.357893158552402668e-01    7.297308478776916876e-07    1.000000000000000036e-10
2.370006806332739524e-01    3.356654540832198365e-07    1.000000000000000036e-10
2.382182687833044321e-01    6.380163304224017978e-07    1.000000000000000036e-10
2.394421122778306876e-01    1.232117548184377629e-06    1.000000000000000036e-10
2.406722432536099465e-01    5.654558941427038928e-07    1.000000000000000036e-10
2.419086940125015905e-01    -2.366865703796682074e-07    1.000000000000000036e-10
2.431514970223155880e-01    1.168703258795377585e-06    1.000000000000000036e-10
2.444006849176645346e-01    5.535270945443228545e-07    1.000000000000000036e-10
2.456562905008212450e-01    1.118250099111132827e-07    1.000000000000000036e-10
2.469183467425797862e-01    3.189870218669935099e-07    1.000000000000000036e-10
2.481868867831212300e-01    7.682192590376164072e-07    1.000000000000000036e-10
2.494619439328840671e-01    8.464242334453721283e-08    1.000000000000000036e-10
2.507435516734383696e-01    1.658167464680012281e-07    1.000000000000000036e-10
2.520317436583658366e-01    8.482316643610309262e-07    1.000000000000000036e-10
2.533265537141428103e-01    -5.714498452749935000e-07    1.000000000000000036e-10
2.546280158410287320e-01    9.576045381715132622e-07    1.000000000000000036e-10
2.559361642139592607e-01    1.295210153529849802e-07    1.000000000000000036e-10
2.572510331834428343e-01    4.960724987591905252e-07    1.000000000000000036e-10
2.585726572764636133e-01    2.787083824287184662e-07    1.000000000000000036e-10
2.599010711973876453e-01    1.327565192856612835e-07    1.000000000000000036e-10
2.612363098288742469e-01    4.848046078723724503e-07    1.000000000000000036e-10
2.625784082327919378e-01    4.071974526959016910e-06    1.000000000000000036e-10
2.639274016511393706e-01    7.633140159937533242e-08    1.000000000000000036e-10
2.652833255069700358e-01    1.303110087025476129e-07    1.000000000000000036e-10
2.666462154053234057e-01    1.123828263426873978e-06    1.000000000000000036e-10
2.680161071341592982e-01    1.219660977577811308e-06    1.000000000000000036e-10
2.693930366652976804e-01    4.739798731551399470e-06    1.000000000000000036e-10
2.707770401553635242e-01    4.867110177040499529e-07    1.000000000000000036e-10
2.721681539467355471e-01    -8.892577969279780716e-08    1.000000000000000036e-10
2.735664145685013926e-01    6.564637692846110678e-07    1.000000000000000036e-10
2.749718587374164191e-01    -1.598614768167571946e-06    1.000000000000000036e-10
2.763845233588678729e-01    -1.532130504440238092e-07    1.000000000000000036e-10
2.778044455278440017e-01    2.248926123386773217e-06    1.000000000000000036e-10
2.792316625299077204e-01    1.930748337503837117e-06    1.000000000000000036e-10
2.806662118421766605e-01    9.924983072528307847e-07    1.000000000000000036e-10
2.821081311343063280e-01    -7.530341723365430316e-07    1.000000000000000036e-10
2.835574582694797563e-01    1.649738079271307003e-06    1.000000000000000036e-10
2.850142313054017662e-01    3.610221672461568179e-06    1.000000000000000036e-10
2.864784884952976673e-01    3.179420654389738243e-06    1.000000000000000036e-10
2.879502682889188425e-01    2.593959029101937232e-07    1.000000000000000036e-10
2.894296093335515518e-01    -3.605036442008948960e-07    1.000000000000000036e-10
2.909165504750320097e-01    -2.665726107428658488e-06    1.000000000000000036e-10
2.924111307587666242e-01    3.396888656543889008e-08    1.000000000000000036e-10
2.939133894307566774e-01    -2.650214736662908459e-06    1.000000000000000036e-10
2.954233659386298338e-01    -4.044982284924841527e-07    1.000000000000000036e-10
2.969410999326751455e-01    3.743899840788265281e-07    1.000000000000000036e-10
2.984666312668846633e-01    -5.104808764541800229e-06    1.000000000000000036e-10
2.999999999999999334e-01    3.269378170790702500e-06    1.000000000000000036e-10
