4.999999999999999237e-03    9.998080061723658707e-01    1.000000000000000036e-10
5.041194267029587388e-03    9.998947951543867285e-01    1.000000000000000036e-10
5.082727927586390936e-03    9.997633388709474822e-01    1.000000000000000036e-10
5.124603777883937963e-03    9.998475881119029962e-01    1.000000000000000036e-10
5.166824637173335344e-03    9.998986223923168604e-01    1.000000000000000036e-10
5.209393347933089988e-03    1.000061125804384776e+00    1.000000000000000036e-10
5.252312776060467057e-03    9.999385137542284863e-01    1.000000000000000036e-10
5.295585811064457138e-03    9.999937818811377443e-01    1.000000000000000036e-10
5.339215366260274299e-03    1.000263546183573160e+00    1.000000000000000036e-10
5.383204378965509955e-03    9.997317407024435276e-01    1.000000000000000036e-10
5.427555810697900010e-03    9.993442513495032209e-01    1.000000000000000036e-10
5.472272647374675815e-03    9.998622022112632068e-01    1.000000000000000036e-10
5.517357899513603003e-03    1.000145680621651101e+00    1.000000000000000036e-10
5.562814602435676124e-03    1.000326780422692519e+00    1.000000000000000036e-10
5.608645816469441311e-03    9.998766055134116204e-01    1.000000000000000036e-10
5.654854627157045871e-03    9.999298721160557735e-01    1.000000000000000036e-10
5.701444145461961877e-03    9.999654984650730993e-01    1.000000000000000036e-10
5.748417507978449692e-03    9.999374863914929357e-01    1.000000000000000036e-10
5.795777877142694635e-03    9.998855828804740220e-01    1.000000000000000036e-10
5.843528441445726938e-03    9.999027383055842932e-01    1.000000000000000036e-10
5.891672415648108521e-03    1.000169391995835655e+00    1.000000000000000036e-10
5.940213040996321532e-03    1.000051761920833338e+00    1.000000000000000036e-10
5.989153585441003499e-03    1.000190229247684526e+00    1.000000000000000036e-10
6.038497343856977922e-03    9.995512749226203031e-01    1.000000000000000036e-10
6.088247638265037801e-03    1.000047571011342562e+00    1.000000000000000036e-10
6.138407818055626949e-03    9.998766945845117826e-01    1.000000000000000036e-10
6.188981260214319359e-03    9.999856277473893051e-01    1.000000000000000036e-10
6.239971369549196338e-03    9.998909763810009954e-01    1.000000000000000036e-10
6.291381578920034710e-03    9.998746508705766978e-01    1.000000000000000036e-10
6.343215349469440503e-03    1.000251220986495992e+00    1.000000000000000036e-10
6.395476170855885628e-03    1.000105634860890103e+00    1.000000000000000036e-10
6.448167561488605919e-03    9.996945494402652566e-01    1.000000000000000036e-10
6.501293068764496703e-03    9.997122461204740462e-01    1.000000000000000036e-10
6.554856269306955606e-03    9.997815979373555484e-01    1.000000000000000036e-10
6.608860769206635274e-03    9.999239276762529327e-01    1.000000000000000036e-10
6.663310204264248290e-03    1.000136019917887698e+00    1.000000000000000036e-10
6.718208240235328844e-03    9.998812526749081275e-01    1.000000000000000036e-10
6.773558573077055264e-03    1.000010586111576227e+00    1.000000000000000036e-10
6.829364929197033647e-03    9.999991540824348935e-01    1.000000000000000036e-10
6.885631065704195253e-03    9.998036153808966819e-01    1.000000000000000036e-10
6.942360770661764290e-03    9.998826500160502562e-01    1.000000000000000036e-10
6.999557863342239714e-03    1.000043971336570303e+00    1.000000000000000036e-10
7.057226194484553239e-03    9.998321627835657921e-01    1.000000000000000036e-10
7.115369646553306414e-03    9.996398845026843727e-01    1.000000000000000036e-10
7.173992134000174367e-03    9.996483062776748696e-01    1.000000000000000036e-10
7.233097603527407701e-03    1.000367181882582557e+00    1.000000000000000036e-10
7.292690034353555700e-03    9.999752277730054040e-01    1.000000000000000036e-10
7.352773438481390901e-03    9.997557246207013915e-01    1.000000000000000036e-10
7.413351860967963038e-03    9.999843266617509663e-01    1.000000000000000036e-10
7.474429380196956699e-03    1.000040818905026052e+00    1.000000000000000036e-10
7.536010108153282441e-03    1.000078809810468039e+00    1.000000000000000036e-10
7.598098190699871003e-03    9.998512795125433783e-01    1.000000000000000036e-10
7.660697807856806790e-03    1.000200527171505094e+00    1.000000000000000036e-10
7.723813174082772882e-03    1.000144431957679325e+00    1.000000000000000036e-10
7.787448538558735568e-03    9.998244462442380520e-01    1.000000000000000036e-10
7.851608185474048818e-03    9.998881085945827696e-01    1.000000000000000036e-10
7.916296434314863337e-03    1.000062240015706649e+00    1.000000000000000036e-10
7.981517640154971172e-03    1.000092914180310766e+00    1.000000000000000036e-10
8.047276193948953160e-03    1.000076854990707975e+00    1.000000000000000036e-10
8.113576522827820048e-03    9.995681955139712471e-01    1.000000000000000036e-10
8.180423090397093491e-03    9.998124408215168790e-01    1.000000000000000036e-10
8.247820397037258430e-03    9.997722429366504571e-01    1.000000000000000036e-10
8.315772980206784584e-03    1.000458051973535101e+00    1.000000000000000036e-10
8.384285414747590440e-03    1.000081449699804281e+00    1.000000000000000036e-10
8.453362313193067690e-03    9.998076444085286507e-01    1.000000000000000036e-10
8.523008326078574184e-03    9.999426776944950745e-01    1.000000000000000036e-10
8.593228142254541110e-03    1.000131518895176708e+00    1.000000000000000036e-10
8.664026489202182255e-03    9.998938539469380826e-01    1.000000000000000036e-10
8.735408133351704740e-03    9.999046530347549533e-01    1.000000000000000036e-10
8.807377880403241543e-03    9.998164062643526417e-01    1.000000000000000036e-10
8.879940575650403442e-03    9.998458696052007211e-01    1.000000000000000036e-10
8.953101104306446928e-03    1.000125754468575101e+00    1.000000000000000036e-10
9.026864391833177778e-03    1.000201631443345507e+00    1.000000000000000036e-10
9.101235404272588550e-03    1.000230449416506184e+00    1.000000000000000036e-10
9.176219148581136326e-03    9.998841010597399048e-01    1.000000000000000036e-10
9.251820672966870607e-03    1.000085506951548409e+00    1.000000000000000036e-10
9.328045067229272583e-03    9.999644121997255386e-01    1.000000000000000036e-10
9.404897463101967101e-03    9.999974540128435674e-01    1.000000000000000036e-10
9.482383034598149477e-03    9.998880563034100444e-01    1.000000000000000036e-10
9.560506998358954400e-03    9.997340294200209865e-01    1.000000000000000036e-10
9.639274614004681926e-03    9.998683152433259780e-01    1.000000000000000036e-10
9.718691184488849333e-03    9.997707052706986675e-01    1.000000000000000036e-10
9.798762056455237110e-03    9.998385567770915472e-01    1.000000000000000036e-10
9.879492620597828470e-03    1.000014861517980913e+00    1.000000000000000036e-10
9.960888312023777683e-03    9.998226707898990595e-01    1.000000000000000036e-10
1.004295461061925458e-02    9.989639900330733457e-01    1.000000000000000036e-10
1.012569704141843066e-02    9.948398699464306993e-01    1.000000000000000036e-10
1.020912117497540551e-02    9.868533848296702216e-01    1.000000000000000036e-10
1.029323262773927661e-02    9.778446681212564773e-01    1.000000000000000036e-10
1.037803706243222227e-02    9.699463448660136100e-01    1.000000000000000036e-10
1.046354018843077480e-02    9.620114156256280857e-01    1.000000000000000036e-10
1.054974776215018319e-02    9.539847924899942377e-01    1.000000000000000036e-10
1.063666558743193991e-02    9.460663638673015852e-01    1.000000000000000036e-10
1.072429951593455513e-02    9.367241069913864182e-01    1.000000000000000036e-10
1.081265544752749164e-02    9.273260484243853741e-01    1.000000000000000036e-10
1.090173933068836788e-02    9.165784077953624820e-01    1.000000000000000036e-10
1.099155716290342935e-02    9.053727303160200579e-01    1.000000000000000036e-10
1.108211499107134707e-02    8.925898288490220489e-01    1.000000000000000036e-10
1.117341891191030515e-02    8.789091356408751388e-01    1.000000000000000036e-10
1.126547507236843639e-02    8.635182587143571675e-01    1.000000000000000036e-10
1.135828967003769258e-02    8.462430346334883779e-01    1.000000000000000036e-10
1.145186895357108020e-02    8.279789158423885853e-01    1.000000000000000036e-10
1.154621922310332567e-02    8.073091810831722892e-01    1.000000000000000036e-10
1.164134683067506032e-02    7.847495622584256258e-01    1.000000000000000036e-10
1.173725818066042974e-02    7.601102460398785343e-01    1.000000000000000036e-10
1.183395973019829746e-02    7.328819515667220896e-01    1.000000000000000036e-10
1.193145798962692676e-02    7.030479600940733320e-01    1.000000000000000036e-10
1.202975952292232101e-02    6.705705052579299386e-01    1.000000000000000036e-10
1.212887094814011843e-02    6.355448339083096254e-01    1.000000000000000036e-10
1.222879893786113156e-02    5.977888234495978281e-01    1.000000000000000036e-10
1.232955021964060420e-02    5.578668179141412775e-01    1.000000000000000036e-10
1.243113157646112167e-02    5.153405395260959310e-01    1.000000000000000036e-10
1.253354984718925078e-02    4.712443900899906390e-01    1.000000000000000036e-10
1.263681192703600305e-02    4.257584995962499508e-01    1.000000000000000036e-10
1.274092476802099645e-02    3.793608348055226842e-01    1.000000000000000036e-10
1.284589537944054623e-02    3.330744800290169616e-01    1.000000000000000036e-10
1.295173082833950447e-02    2.873614148624176190e-01    1.000000000000000036e-10
1.305843823998708957e-02    2.434206138292394073e-01    1.000000000000000036e-10
1.316602479835657195e-02    2.019917202850742832e-01    1.000000000000000036e-10
1.327449774660889939e-02    1.637090373442200153e-01    1.000000000000000036e-10
1.338386438758038671e-02    1.294208839002032319e-01    1.000000000000000036e-10
1.349413208427434167e-02    9.953445605804878138e-02    1.000000000000000036e-10
1.360530826035676044e-02    7.441657508263122001e-02    1.000000000000000036e-10
1.371740040065615868e-02    5.417907988468938230e-02    1.000000000000000036e-10
1.383041605166743238e-02    3.875935804758348646e-02    1.000000000000000036e-10
1.394436282205997052e-02    2.783456530751990052e-02    1.000000000000000036e-10
1.405924838318984259e-02    2.111754915671036278e-02    1.000000000000000036e-10
1.417508046961631941e-02    1.809426034777472658e-02    1.000000000000000036e-10
1.429186687962257299e-02    1.824018452944504987e-02    1.000000000000000036e-10
1.440961547574066449e-02    2.102868730080086762e-02    1.000000000000000036e-10
1.452833418528092640e-02    2.593330458460773105e-02    1.000000000000000036e-10
1.464803100086563628e-02    3.245242817895682697e-02    1.000000000000000036e-10
1.476871398096709677e-02    4.014613821348762129e-02    1.000000000000000036e-10
1.489039125045021027e-02    4.858713074850898317e-02    1.000000000000000036e-10
1.501307100111941815e-02    5.744011958837604015e-02    1.000000000000000036e-10
1.513676149227027347e-02    6.641941096437717351e-02    1.000000000000000036e-10
1.526147105124541804e-02    7.529733566627815067e-02    1.000000000000000036e-10
1.538720807399527636e-02    8.388990213559048559e-02    1.000000000000000036e-10
1.551398102564327530e-02    9.197878993734359687e-02    1.000000000000000036e-10
1.564179844105572856e-02    9.947272065846476941e-02    1.000000000000000036e-10
1.577066892541648807e-02    1.063287156941137013e-01    1.000000000000000036e-10
1.590060115480625494e-02    1.124664381826838283e-01    1.000000000000000036e-10
1.603160387678666601e-02    1.177548717583003779e-01    1.000000000000000036e-10
1.616368591098924293e-02    1.223001121841982841e-01    1.000000000000000036e-10
1.629685614970917060e-02    1.259676960885035557e-01    1.000000000000000036e-10
1.643112355850395029e-02    1.288203813610751258e-01    1.000000000000000036e-10
1.656649717679697237e-02    1.309082314147309578e-01    1.000000000000000036e-10
1.670298611848614403e-02    1.321586638671502500e-01    1.000000000000000036e-10
1.684059957255742632e-02    1.325442358070934024e-01    1.000000000000000036e-10
1.697934680370347463e-02    1.322140990969686569e-01    1.000000000000000036e-10
1.711923715294741410e-02    1.310581351452572707e-01    1.000000000000000036e-10
1.726028003827168728e-02    1.293872394032426210e-01    1.000000000000000036e-10
1.740248495525209202e-02    1.269489975497329060e-01    1.000000000000000036e-10
1.754586147769708962e-02    1.239011799321226570e-01    1.000000000000000036e-10
1.769041925829236556e-02    1.201840477104040711e-01    1.000000000000000036e-10
1.783616802925065692e-02    1.160559774458386068e-01    1.000000000000000036e-10
1.798311760296695747e-02    1.114168119526881690e-01    1.000000000000000036e-10
1.813127787267916624e-02    1.063454025382945534e-01    1.000000000000000036e-10
1.828065881313412772e-02    1.009223863902849183e-01    1.000000000000000036e-10
1.843127048125913631e-02    9.522160539787388744e-02    1.000000000000000036e-10
1.858312301683902670e-02    8.929694538233927392e-02    1.000000000000000036e-10
1.873622664319889511e-02    8.312344684658840022e-02    1.000000000000000036e-10
1.889059166789225711e-02    7.689890058185089305e-02    1.000000000000000036e-10
1.904622848339505847e-02    7.060218107642135532e-02    1.000000000000000036e-10
1.920314756780535509e-02    6.432623534091704010e-02    1.000000000000000036e-10
1.936135948554870354e-02    5.813545389619614867e-02    1.000000000000000036e-10
1.952087488808940119e-02    5.214378670043141178e-02    1.000000000000000036e-10
1.968170451464761744e-02    4.629687322750851430e-02    1.000000000000000036e-10
1.984385919292238482e-02    4.076554647174263774e-02    1.000000000000000036e-10
2.000734983982054363e-02    3.553609470141398663e-02    1.000000000000000036e-10
2.017218746219170966e-02    3.068977155420722289e-02    1.000000000000000036e-10
2.033838315756939658e-02    2.624951621637852672e-02    1.000000000000000036e-10
2.050594811491799480e-02    2.223591840123460492e-02    1.000000000000000036e-10
2.067489361538614456e-02    1.870331491790601375e-02    1.000000000000000036e-10
2.084523103306623951e-02    1.566058760475091266e-02    1.000000000000000036e-10
2.101697183576015787e-02    1.310650632604408276e-02    1.000000000000000036e-10
2.119012758575127345e-02    1.105138587620041815e-02    1.000000000000000036e-10
2.136470994058295783e-02    9.487390560856541824e-03    1.000000000000000036e-10
2.154073065384336932e-02    8.395264419169681108e-03    1.000000000000000036e-10
2.171820157595674011e-02    7.755958995438858375e-03    1.000000000000000036e-10
2.189713465498120334e-02    7.545814857163882054e-03    1.000000000000000036e-10
2.207754193741321910e-02    7.720990848742986974e-03    1.000000000000000036e-10
2.225943556899856457e-02    8.245231006342546715e-03    1.000000000000000036e-10
2.244282779554999940e-02    9.075721364226990717e-03    1.000000000000000036e-10
2.262773096377177634e-02    1.017500976809909870e-02    1.000000000000000036e-10
2.281415752209083395e-02    1.148130433537596258e-02    1.000000000000000036e-10
2.300212002149483806e-02    1.295640557582228292e-02    1.000000000000000036e-10
2.319163111637724539e-02    1.453602360207082757e-02    1.000000000000000036e-10
2.338270356538919501e-02    1.619274995117066934e-02    1.000000000000000036e-10
2.357535023229846011e-02    1.786523940732265281e-02    1.000000000000000036e-10
2.376958408685551916e-02    1.951853445511510937e-02    1.000000000000000036e-10
2.396541820566674280e-02    2.110468925863604947e-02    1.000000000000000036e-10
2.416286577307473829e-02    2.259434806250277053e-02    1.000000000000000036e-10
2.436194008204595196e-02    2.393978821172123087e-02    1.000000000000000036e-10
2.456265453506566165e-02    2.513128825723538046e-02    1.000000000000000036e-10
2.476502264504026538e-02    2.613556919071821638e-02    1.000000000000000036e-10
2.496905803620696682e-02    2.692181883821626043e-02    1.000000000000000036e-10
2.517477444505111100e-02    2.749515140347447498e-02    1.000000000000000036e-10
2.538218572123092723e-02    2.781585041893568436e-02    1.000000000000000036e-10
2.559130582850992208e-02    2.792690130045352020e-02    1.000000000000000036e-10
2.580214884569700592e-02    2.778364638901986705e-02    1.000000000000000036e-10
2.601472896759435618e-02    2.741108498162507165e-02    1.000000000000000036e-10
2.622906050595304184e-02    2.679897201656670017e-02    1.000000000000000036e-10
2.644515789043651657e-02    2.599926407900046352e-02    1.000000000000000036e-10
2.666303566959215415e-02    2.498744570863652148e-02    1.000000000000000036e-10
2.688270851183067675e-02    2.380024070469577771e-02    1.000000000000000036e-10
2.710419120641366017e-02    2.246042158929745583e-02    1.000000000000000036e-10
2.732749866444923389e-02    2.099527146495707569e-02    1.000000000000000036e-10
2.755264591989604189e-02    1.943896080428218764e-02    1.000000000000000036e-10
2.777964813057521784e-02    1.780969344976510854e-02    1.000000000000000036e-10
2.800852057919098193e-02    1.613470367958325796e-02    1.000000000000000036e-10
2.823927867435955044e-02    1.446424590660431303e-02    1.000000000000000036e-10
2.847193795164645186e-02    1.280903007497543634e-02    1.000000000000000036e-10
2.870651407461243323e-02    1.120668206998381468e-02    1.000000000000000036e-10
2.894302283586805760e-02    9.686448751030493284e-03    1.000000000000000036e-10
2.918148015813689863e-02    8.271063037101367491e-03    1.000000000000000036e-10
2.942190209532748180e-02    6.978393158303537215e-03    1.000000000000000036e-10
2.966430483361411422e-02    5.832084964956336590e-03    1.000000000000000036e-10
2.990870469252671082e-02    4.845909282165468748e-03    1.000000000000000036e-10
3.015511812604931841e-02    4.028522291502572607e-03    1.000000000000000036e-10
3.040356172372795165e-02    3.385160648443279446e-03    1.000000000000000036e-10
3.065405221178749487e-02    2.916534803009522298e-03    1.000000000000000036e-10
3.090660645425775607e-02    2.620131646481004516e-03    1.000000000000000036e-10
3.116124145410875679e-02    2.487588724619898585e-03    1.000000000000000036e-10
3.141797435439554198e-02    2.506570582172198535e-03    1.000000000000000036e-10
3.167682243941228465e-02    2.662978773544211631e-03    1.000000000000000036e-10
3.193780313585588282e-02    2.935976565009482640e-03    1.000000000000000036e-10
3.220093401399923977e-02    3.305240862445429830e-03    1.000000000000000036e-10
3.246623278887418584e-02    3.748222276679499462e-03    1.000000000000000036e-10
3.273371732146411472e-02    4.241411844407275492e-03    1.000000000000000036e-10
3.300340561990638272e-02    4.761033026862261132e-03    1.000000000000000036e-10
3.327531584070481108e-02    5.281042501751056183e-03    1.000000000000000036e-10
3.354946628995198604e-02    5.779075775976915373e-03    1.000000000000000036e-10
3.382587542456165497e-02    6.236960713942167264e-03    1.000000000000000036e-10
3.410456185351143366e-02    6.634496896170179875e-03    1.000000000000000036e-10
3.438554433909556118e-02    6.957203644446165181e-03    1.000000000000000036e-10
3.466884179818804923e-02    7.188859179196153276e-03    1.000000000000000036e-10
3.495447330351624665e-02    7.323478162925665599e-03    1.000000000000000036e-10
3.524245808494495813e-02    7.356952049641941535e-03    1.000000000000000036e-10
3.553281553077101279e-02    7.283665671003153146e-03    1.000000000000000036e-10
3.582556518902852566e-02    7.107436574403505625e-03    1.000000000000000036e-10
3.612072676880506011e-02    6.838796574009283098e-03    1.000000000000000036e-10
3.641832014156844849e-02    6.480321333337752190e-03    1.000000000000000036e-10
3.671836534250458306e-02    6.047492179279332497e-03    1.000000000000000036e-10
3.702088257186638559e-02    5.551159141094156278e-03    1.000000000000000036e-10
3.732589219633367789e-02    5.010632209429195447e-03    1.000000000000000036e-10
3.763341475038435580e-02    4.441951739272685142e-03    1.000000000000000036e-10
3.794347093767685281e-02    3.865433248233423984e-03    1.000000000000000036e-10
3.825608163244404586e-02    3.293333449807545662e-03    1.000000000000000036e-10
3.857126788089856179e-02    2.746622569124775298e-03    1.000000000000000036e-10
3.888905090264964393e-02    2.239932621960504834e-03    1.000000000000000036e-10
3.920945209213182181e-02    1.785801730984866876e-03    1.000000000000000036e-10
3.953249302004524512e-02    1.396111277712717416e-03    1.000000000000000036e-10
3.985819543480785543e-02    1.077674684437462905e-03    1.000000000000000036e-10
4.018658126401961073e-02    8.357904580046106834e-04    1.000000000000000036e-10
4.051767261593886005e-02    6.705126108433102396e-04    1.000000000000000036e-10
4.085149178097054190e-02    5.810857070292085738e-04    1.000000000000000036e-10
4.118806123316698375e-02    5.622992186109589162e-04    1.000000000000000036e-10
4.152740363174097643e-02    6.067855689772207921e-04    1.000000000000000036e-10
4.186954182259126217e-02    7.018678843940286127e-04    1.000000000000000036e-10
4.221449883984050577e-02    8.385479684028910056e-04    1.000000000000000036e-10
4.256229790738620677e-02    1.003674412094064791e-03    1.000000000000000036e-10
4.291296244046415020e-02    1.180452999219133020e-03    1.000000000000000036e-10
4.326651604722478450e-02    1.358793608425915402e-03    1.000000000000000036e-10
4.362298253032260292e-02    1.525019469588556262e-03    1.000000000000000036e-10
4.398238588851883374e-02    1.667475779572606849e-03    1.000000000000000036e-10
4.434475031829683556e-02    1.777564552559971443e-03    1.000000000000000036e-10
4.471010021549128022e-02    1.849022804179867308e-03    1.000000000000000036e-10
4.507846017693056817e-02    1.875702011864656968e-03    1.000000000000000036e-10
4.544985500209279550e-02    1.856096104735201419e-03    1.000000000000000036e-10
4.582430969477522403e-02    1.793293585271716565e-03    1.000000000000000036e-10
4.620184946477781662e-02    1.689609875243279231e-03    1.000000000000000036e-10
4.658249972960039342e-02    1.550731789514189557e-03    1.000000000000000036e-10
4.696628611615376314e-02    1.384139153020365635e-03    1.000000000000000036e-10
4.735323446248511370e-02    1.199686374228230590e-03    1.000000000000000036e-10
4.774337081951755130e-02    1.005034792935212201e-03    1.000000000000000036e-10
4.813672145280391279e-02    8.112242410258285654e-04    1.000000000000000036e-10
4.853331284429503178e-02    6.270380061403828080e-04    1.000000000000000036e-10
4.893317169412268741e-02    4.601514093050155054e-04    1.000000000000000036e-10
4.933632492239715950e-02    3.171682952567669487e-04    1.000000000000000036e-10
4.974279967101948030e-02    2.033241553040059362e-04    1.000000000000000036e-10
5.015262330550893100e-02    1.205187687542630203e-04    1.000000000000000036e-10
5.056582341684520004e-02    7.039742042504471009e-05    1.000000000000000036e-10
5.098242782332607775e-02    4.965077663653242229e-05    1.000000000000000036e-10
5.140246457244023598e-02    5.630238322390393544e-05    1.000000000000000036e-10
5.182596194275541218e-02    8.410042869852561026e-05    1.000000000000000036e-10
5.225294844582243498e-02    1.277994733249883353e-04    1.000000000000000036e-10
5.268345282809450830e-02    1.807689106919585726e-04    1.000000000000000036e-10
5.311750407286272568e-02    2.360174587136828562e-04    1.000000000000000036e-10
5.355513140220727331e-02    2.876436075744499767e-04    1.000000000000000036e-10
5.399636427896468277e-02    3.299708035282917151e-04    1.000000000000000036e-10
5.444123240871159147e-02    3.601748972380863973e-04    1.000000000000000036e-10
5.488976574176442774e-02    3.743336556946803232e-04    1.000000000000000036e-10
5.534199447519595055e-02    3.725182006208576139e-04    1.000000000000000036e-10
5.579794905486819279e-02    3.554004703491033803e-04    1.000000000000000036e-10
5.625766017748207865e-02    3.244027553008706774e-04    1.000000000000000036e-10
5.672115879264428423e-02    2.842416340760461901e-04    1.000000000000000036e-10
5.718847610495061962e-02    2.362030582481127556e-04    1.000000000000000036e-10
5.765964357608709817e-02    1.869813230102125080e-04    1.000000000000000036e-10
5.813469292694793678e-02    1.394164432922980867e-04    1.000000000000000036e-10
5.861365613977106287e-02    9.763494718154884522e-05    1.000000000000000036e-10
5.909656546029149610e-02    6.360322616241841749e-05    1.000000000000000036e-10
5.958345339991202166e-02    3.830143625988464046e-05    1.000000000000000036e-10
6.007435273789221708e-02    2.368653424677816076e-05    1.000000000000000036e-10
6.056929652355506205e-02    1.861324459798552520e-05    1.000000000000000036e-10
6.106831807851215155e-02    2.107316829491963603e-05    1.000000000000000036e-10
6.157145099890695694e-02    2.872369293690116995e-05    1.000000000000000036e-10
6.207872915767655847e-02    3.991018355529322764e-05    1.000000000000000036e-10
6.259018670683230701e-02    5.000978273680961464e-05    1.000000000000000036e-10
6.310585807975888084e-02    5.885031311124062372e-05    1.000000000000000036e-10
6.362577799353262564e-02    6.386291835478468033e-05    1.000000000000000036e-10
6.414998145125878903e-02    6.441828331168368907e-05    1.000000000000000036e-10
6.467850374442801753e-02    6.006994969355743444e-05    1.000000000000000036e-10
6.521138045529244198e-02    5.213608921297713792e-05    1.000000000000000036e-10
6.574864745926108089e-02    4.205650059919833675e-05    1.000000000000000036e-10
6.629034092731525551e-02    3.204699358898486892e-05    1.000000000000000036e-10
6.683649732844369751e-02    2.322551411273879248e-05    1.000000000000000036e-10
6.738715343209772390e-02    1.867228659963564584e-05    1.000000000000000036e-10
6.794234631066684016e-02    1.817235706154211194e-05    1.000000000000000036e-10
6.850211334197447988e-02    2.346079016514576306e-05    1.000000000000000036e-10
6.906649221179451958e-02    3.273353304878635797e-05    1.000000000000000036e-10
6.963552091638844366e-02    4.517257648665865596e-05    1.000000000000000036e-10
7.020923776506324265e-02    5.854434607019835053e-05    1.000000000000000036e-10
7.078768138275080835e-02    7.238200658820974039e-05    1.000000000000000036e-10
7.137089071260804829e-02    8.238118123609787556e-05    1.000000000000000036e-10
7.195890501863895505e-02    8.812166106948370536e-05    1.000000000000000036e-10
7.255176388833786683e-02    8.749126701382055219e-05    1.000000000000000036e-10
7.314950723535458554e-02    8.067954959027691148e-05    1.000000000000000036e-10
7.375217530218178275e-02    6.836857045051816881e-05    1.000000000000000036e-10
7.435980866286395763e-02    5.303871336219645834e-05    1.000000000000000036e-10
7.497244822572933509e-02    3.648298596441081082e-05    1.000000000000000036e-10
7.559013523614385721e-02    2.168228910850293915e-05    1.000000000000000036e-10
7.621291127928789266e-02    1.084509708207950414e-05    1.000000000000000036e-10
7.684081828295614980e-02    6.460207252294242352e-06    1.000000000000000036e-10
7.747389852038012725e-02    8.533244731962561088e-06    1.000000000000000036e-10
7.811219461307443435e-02    1.831324319990426522e-05    1.000000000000000036e-10
7.875574953370606535e-02    3.382467755560250545e-05    1.000000000000000036e-10
7.940460660898739087e-02    5.304893425508171482e-05    1.000000000000000036e-10
8.005880952259337990e-02    7.199294277471349245e-05    1.000000000000000036e-10
8.071840231810226141e-02    8.834899757618844566e-05    1.000000000000000036e-10
8.138342940196094388e-02    9.960250753113284274e-05    1.000000000000000036e-10
8.205393554647454069e-02    1.039012850828473504e-04    1.000000000000000036e-10
8.272996589282051449e-02    1.001231491369632668e-04    1.000000000000000036e-10
8.341156595408802388e-02    8.920427218899891464e-05    1.000000000000000036e-10
8.409878161834173638e-02    7.225814652878388288e-05    1.000000000000000036e-10
8.479165915171148205e-02    5.426611845656055159e-05    1.000000000000000036e-10
8.549024520150695639e-02    3.709683898030972335e-05    1.000000000000000036e-10
8.619458679935808332e-02    2.383182212788979599e-05    1.000000000000000036e-10
8.690473136438163493e-02    1.643283114912835413e-05    1.000000000000000036e-10
8.762072670637337246e-02    1.724479402386559532e-05    1.000000000000000036e-10
8.834262102902715186e-02    2.393516919938040816e-05    1.000000000000000036e-10
8.907046293317978647e-02    3.605624542447770549e-05    1.000000000000000036e-10
8.980430142008342942e-02    5.075851493852056619e-05    1.000000000000000036e-10
9.054418589470432377e-02    6.479634604150951447e-05    1.000000000000000036e-10
9.129016616904889192e-02    7.453147815871247596e-05    1.000000000000000036e-10
9.204229246551753896e-02    7.852928976975119633e-05    1.000000000000000036e-10
9.280061542028548993e-02    7.644739199387393319e-05    1.000000000000000036e-10
9.356518608671210435e-02    6.746834761176504099e-05    1.000000000000000036e-10
9.433605593877791851e-02    5.424255555694566214e-05    1.000000000000000036e-10
9.511327687454990132e-02    3.967273835193267683e-05    1.000000000000000036e-10
9.589690121967577030e-02    2.620878450186967594e-05    1.000000000000000036e-10
9.668698173090638226e-02    1.633033964291190357e-05    1.000000000000000036e-10
9.748357159964790575e-02    1.248710070532642846e-05    1.000000000000000036e-10
9.828672445554266501e-02    1.359477414650656368e-05    1.000000000000000036e-10
9.909649437007965467e-02    1.954449421892089572e-05    1.000000000000000036e-10
9.991293586023507201e-02    2.818347953251997944e-05    1.000000000000000036e-10
1.007361038921423396e-01    3.542615768172989238e-05    1.000000000000000036e-10
1.015660538847929367e-01    4.029949819860184716e-05    1.000000000000000036e-10
1.024028417137672620e-01    4.209156218915856230e-05    1.000000000000000036e-10
1.032465237149963189e-01    3.894120774369665388e-05    1.000000000000000036e-10
1.040971566885547650e-01    3.253700509556816333e-05    1.000000000000000036e-10
1.049547979024845479e-01    2.362912362318666604e-05    1.000000000000000036e-10
1.058195050966507650e-01    1.521679333262474323e-05    1.000000000000000036e-10
1.066913364866288183e-01    8.616710959293604133e-06    1.000000000000000036e-10
1.075703507676235154e-01    4.738523469700855323e-06    1.000000000000000036e-10
1.084566071184211028e-01    4.656481338330197239e-06    1.000000000000000036e-10
1.093501652053729123e-01    6.497303646542793453e-06    1.000000000000000036e-10
1.102510851864127867e-01    1.080394634014676368e-05    1.000000000000000036e-10
1.111594277151069787e-01    1.382903758894826995e-05    1.000000000000000036e-10
1.120752539447373713e-01    1.555535608956003238e-05    1.000000000000000036e-10
1.129986255324190447e-01    1.498009174551101494e-05    1.000000000000000036e-10
1.139296046432507620e-01    1.277544751974226917e-05    1.000000000000000036e-10
1.148682539545005932e-01    9.158431932230875407e-06    1.000000000000000036e-10
1.158146366598254290e-01    5.873638411236016068e-06    1.000000000000000036e-10
1.167688164735252859e-01    3.045364884434072816e-06    1.000000000000000036e-10
1.177308576348331526e-01    1.259838276004123280e-06    1.000000000000000036e-10
1.187008249122394332e-01    9.457284710150835900e-07    1.000000000000000036e-10
1.196787836078527928e-01    2.077639762072345347e-06    1.000000000000000036e-10
1.206647995617964320e-01    3.182628730392047992e-06    1.000000000000000036e-10
1.216589391566404305e-01    3.732733806808771076e-06    1.000000000000000036e-10
1.226612693218714356e-01    3.609390702511223832e-06    1.000000000000000036e-10
1.236718575383980445e-01    3.530925951730065906e-06    1.000000000000000036e-10
1.246907718430943640e-01    2.282652008941974065e-06    1.000000000000000036e-10
1.257180808333803190e-01    1.928477372252216253e-06    1.000000000000000036e-10
1.267538536718397779e-01    2.029478526818443506e-06    1.000000000000000036e-10
1.277981600908771886e-01    1.897666397321918079e-06    1.000000000000000036e-10
1.288510703974118377e-01    2.592418389741318208e-06    1.000000000000000036e-10
1.299126554776116882e-01    2.810602908703162914e-06    1.000000000000000036e-10
1.309829868016651466e-01    2.029168520001496849e-06    1.000000000000000036e-10
1.320621364285932131e-01    1.696362930383940095e-06    1.000000000000000036e-10
1.331501770111006844e-01    1.656835406313518727e-06    1.000000000000000036e-10
1.342471818004670470e-01    8.325005154858111267e-07    1.000000000000000036e-10
1.353532246514786708e-01    1.456282417647719524e-06    1.000000000000000036e-10
1.364683800274003600e-01    2.202843878920392813e-06    1.000000000000000036e-10
1.375927230049890926e-01    2.946964351933605088e-06    1.000000000000000036e-10
1.387263292795481995e-01    3.513700376201389294e-06    1.000000000000000036e-10
1.398692751700233994e-01    4.112502097394497438e-06    1.000000000000000036e-10
1.410216376241411607e-01    3.322047259668903753e-06    1.000000000000000036e-10
1.421834942235888077e-01    3.142683687885340232e-06    1.000000000000000036e-10
1.433549231892380094e-01    2.065664513979947553e-06    1.000000000000000036e-10
1.445360033864107052e-01    1.371509741143442479e-06    1.000000000000000036e-10
1.457268143301884700e-01    1.418657176521517285e-06    1.000000000000000036e-10
1.469274361907662863e-01    2.253420881751549184e-06    1.000000000000000036e-10
1.481379497988492278e-01    3.348708819481180072e-06    1.000000000000000036e-10
1.493584366510950501e-01    4.396847212130287788e-06    1.000000000000000036e-10
1.505889789156004410e-01    4.232866928769597246e-06    1.000000000000000036e-10
1.518296594374328179e-01    3.254894661788384351e-06    1.000000000000000036e-10
1.530805617442081989e-01    2.529507124869247756e-06    1.000000000000000036e-10
1.543417700517141777e-01    1.671820499190901488e-06    1.000000000000000036e-10
1.556133692695799986e-01    9.931327149825300001e-07    1.000000000000000036e-10
1.568954450069929840e-01    2.232565895347818911e-06    1.000000000000000036e-10
1.581880835784617301e-01    2.550527837648074276e-06    1.000000000000000036e-10
1.594913720096277077e-01    3.329883513184809349e-06    1.000000000000000036e-10
1.608053980431236041e-01    2.756835253177219933e-06    1.000000000000000036e-10
1.621302501444810418e-01    2.454551624078729629e-06    1.000000000000000036e-10
1.634660175080861755e-01    1.430218540792272905e-06    1.000000000000000036e-10
1.648127900631843612e-01    1.405870798199878082e-06    1.000000000000000036e-10
1.661706584799352016e-01    1.490128302095658076e-06    1.000000000000000036e-10
1.675397141755160801e-01    1.200477394319077877e-06    1.000000000000000036e-10
1.689200493202774045e-01    1.826896418831860850e-06    1.000000000000000036e-10
1.703117568439475316e-01    1.358738934740636080e-06    1.000000000000000036e-10
1.717149304418890132e-01    1.515790437845785367e-06    1.000000000000000036e-10
1.731296645814070778e-01    9.200797582619320611e-07    1.000000000000000036e-10
1.745560545081088766e-01    1.112221913405344117e-06    1.000000000000000036e-10
1.759941962523164372e-01    2.175714107090012405e-07    1.000000000000000036e-10
1.774441866355315756e-01    7.637453333667398596e-07    1.000000000000000036e-10
1.789061232769539045e-01    4.347855773331870145e-07    1.000000000000000036e-10
1.803801046000537422e-01    1.132770509673468318e-06    1.000000000000000036e-10
1.818662298391975629e-01    9.560150459472141601e-07    1.000000000000000036e-10
1.833645990463295128e-01    9.727075487946338799e-07    1.000000000000000036e-10
1.848753130977070780e-01    5.562674179720363140e-07    1.000000000000000036e-10
1.863984737006920966e-01    5.407326178783003371e-07    1.000000000000000036e-10
1.879341834005988920e-01    6.819722392471544537e-07    1.000000000000000036e-10
1.894825455875971676e-01    7.547132661679141192e-08    1.000000000000000036e-10
1.910436645036734660e-01    1.419307704477347751e-07    1.000000000000000036e-10
1.926176452496484170e-01    4.622769479281544809e-07    1.000000000000000036e-10
1.942045937922532162e-01    6.781501558853197372e-07    1.000000000000000036e-10
1.958046169712633622e-01    4.024153023523118442e-07    1.000000000000000036e-10
1.974178225066913206e-01    8.911704335052411118e-07    1.000000000000000036e-10
1.990443190060394163e-01    4.696824791387433619e-07    1.000000000000000036e-10
2.006842159716107632e-01    2.618836731201259439e-07    1.000000000000000036e-10
2.023376238078822553e-01    8.672666380606537431e-07    1.000000000000000036e-10
2.040046538289370937e-01    3.305137095773789173e-07    1.000000000000000036e-10
2.056854182659585695e-01    6.699293444482502263e-07    1.000000000000000036e-10
2.073800302747866309e-01    9.796759563715477628e-07    1.000000000000000036e-10
2.090886039435352339e-01    6.913177414834706670e-07    1.000000000000000036e-10
2.108112543002738648e-01    6.778436434125496404e-07    1.000000000000000036e-10
2.125480973207714286e-01    1.055710727072980106e-06    1.000000000000000036e-10
2.142992499363038650e-01    7.159349980692347832e-07    1.000000000000000036e-10
2.160648300415271561e-01    5.171361849928363929e-07    1.000000000000000036e-10
2.178449565024136725e-01    7.254064175143230192e-07    1.000000000000000036e-10
2.196397491642554378e-01    7.044315700799316864e-07    1.000000000000000036e-10
2.214493288597322584e-01    9.531373029134695833e-07    1.000000000000000036e-10
2.232738174170462997e-01    8.768497976629132085e-07    1.000000000000000036e-10
2.251133376681249409e-01    4.302941818982047451e-07    1.000000000000000036e-10
2.269680134568893282e-01    5.264682370840193545e-07    1.000000000000000036e-10
2.288379696475928426e-01    1.549344011660317736e-07    1.000000000000000036e-10
2.307233321332271825e-01    1.437589458368839534e-07    1.000000000000000036e-10
2.326242278439975553e-01    4.826571362206275145e-07    1.000000000000000036e-10
2.345407847558690084e-01    1.956045482436964198e-07    1.000000000000000036e-10
2.364731318991813713e-01    7.779533353587045059e-07    1.000000000000000036e-10
2.384213993673368059e-01    1.242531467760681615e-06    1.000000000000000036e-10
2.403857183255580232e-01    6.394837296402803909e-07    1.000000000000000036e-10
2.423662210197183586e-01    2.003285800434349812e-07    1.000000000000000036e-10
2.443630407852460384e-01    -5.864305419557363329e-07    1.000000000000000036e-10
2.463763120560998054e-01    1.662819750690588559e-07    1.000000000000000036e-10
2.484061703738204840e-01    5.496100959204730165e-07    1.000000000000000036e-10
2.504527523966557645e-01    2.292909032568792198e-06    1.000000000000000036e-10
2.525161959087602326e-01    4.453674030566403782e-07    1.000000000000000036e-10
2.545966398294725042e-01    1.672869292686110766e-06    1.000000000000000036e-10
2.566942242226665782e-01    2.405499746385326953e-09    1.000000000000000036e-10
2.588090903061827097e-01    -4.320829402110057135e-07    1.000000000000000036e-10
2.609413804613342491e-01    1.236825461982324746e-06    1.000000000000000036e-10
2.630912382424928087e-01    -7.362029573243015665e-07    1.000000000000000036e-10
2.652588083867540303e-01    1.264492292774258753e-06    1.000000000000000036e-10
2.674442368236807366e-01    9.339948506720903408e-08    1.000000000000000036e-10
2.696476706851284044e-01    1.386917213300029005e-07    1.000000000000000036e-10
2.718692583151502973e-01    1.780037710535307565e-06    1.000000000000000036e-10
2.741091492799842544e-01    1.366177750449094446e-06    1.000000000000000036e-10
2.763674943781228022e-01    5.960331722278073302e-07    1.000000000000000036e-10
2.786444456504647560e-01    2.989139400298444950e-06    1.000000000000000036e-10
2.809401563905520871e-01    4.748034742264545154e-07    1.000000000000000036e-10
2.832547811548892791e-01    3.348351699307556192e-06    1.000000000000000036e-10
2.855884757733495039e-01    5.223708099996360522e-07    1.000000000000000036e-10
2.879413973596655629e-01    3.611750221839339386e-06    1.000000000000000036e-10
2.903137043220067603e-01    2.854211026397408062e-06    1.000000000000000036e-10
2.927055563736447041e-01    4.332050403309363083e-07    1.000000000000000036e-10
2.951171145437045396e-01    -2.248642531056763245e-06    1.000000000000000036e-10
2.975485411880073316e-01    -6.474860910386649276e-07    1.000000000000000036e-10
2.999999999999999334e-01    -2.396482987132489994e-06    1.000000000000000036e-10
