4.999999999999999237e-03    9.999111358681799233e-01    1.000000000000000036e-10
5.025687439942728117e-03    9.998474079532745362e-01    1.000000000000000036e-10
5.051506848799613807e-03    1.000002833610261987e+00    1.000000000000000036e-10
5.077458904559377893e-03    9.998190845700024587e-01    1.000000000000000036e-10
5.103544288693881090e-03    9.998486333199430032e-01    1.000000000000000036e-10
5.129763686176056804e-03    9.998260588595641041e-01    1.000000000000000036e-10
5.156117785497863794e-03    1.000209986580311794e+00    1.000000000000000036e-10
5.182607278688381065e-03    1.000027759735338639e+00    1.000000000000000036e-10
5.209232861331992114e-03    9.998467610602073119e-01    1.000000000000000036e-10
5.235995232586617733e-03    9.999573236596491776e-01    1.000000000000000036e-10
5.262895095202113627e-03    1.000181494110565783e+00    1.000000000000000036e-10
5.289933155538690569e-03    1.000234379686703257e+00    1.000000000000000036e-10
5.317110123585475079e-03    1.000166152478128900e+00    1.000000000000000036e-10
5.344426712979170706e-03    1.000198601937244858e+00    1.000000000000000036e-10
5.371883641022758352e-03    1.000132933633513410e+00    1.000000000000000036e-10
5.399481628704377867e-03    1.000126908831169725e+00    1.000000000000000036e-10
5.427221400716220057e-03    9.997496785291525301e-01    1.000000000000000036e-10
5.455103685473572210e-03    9.998360937712628127e-01    1.000000000000000036e-10
5.483129215133963376e-03    1.000241698829602566e+00    1.000000000000000036e-10
5.511298725616353006e-03    1.000225456089997911e+00    1.000000000000000036e-10
5.539612956620493939e-03    9.996807020138912536e-01    1.000000000000000036e-10
5.568072651646324006e-03    9.996282509965419560e-01    1.000000000000000036e-10
5.596678558013501621e-03    9.999493182645884382e-01    1.000000000000000036e-10
5.625431426881047185e-03    1.000117996168879531e+00    1.000000000000000036e-10
5.654332013267030464e-03    9.998037811305289235e-01    1.000000000000000036e-10
5.683381076068439244e-03    1.000207970408183877e+00    1.000000000000000036e-10
5.712579378081068804e-03    1.000219322044937798e+00    1.000000000000000036e-10
5.741927686019568378e-03    1.000139655582805709e+00    1.000000000000000036e-10
5.771426770537591705e-03    1.000126695196099869e+00    1.000000000000000036e-10
5.801077406247993548e-03    9.997097756242798727e-01    1.000000000000000036e-10
5.830880371743217029e-03    1.000061411354111307e+00    1.000000000000000036e-10
5.860836449615694846e-03    1.000197861504858343e+00    1.000000000000000036e-10
5.890946426478419623e-03    9.998447804273286055e-01    1.000000000000000036e-10
5.921211092985619213e-03    9.995364527506456209e-01    1.000000000000000036e-10
5.951631243853470164e-03    1.000221954600705843e+00    1.000000000000000036e-10
5.982207677881021084e-03    1.000040472316834128e+00    1.000000000000000036e-10
6.012941197971120345e-03    1.000488372310261553e+00    1.000000000000000036e-10
6.043832611151522469e-03    1.000039465399258809e+00    1.000000000000000036e-10
6.074882728596094246e-03    1.000085825076567847e+00    1.000000000000000036e-10
6.106092365646074646e-03    1.000057046642566005e+00    1.000000000000000036e-10
6.137462341831531609e-03    1.000319714734432264e+00    1.000000000000000036e-10
6.168993480892842260e-03    9.998408866012492568e-01    1.000000000000000036e-10
6.200686610802340522e-03    1.000006066000477034e+00    1.000000000000000036e-10
6.232542563786073152e-03    9.998863838074073529e-01    1.000000000000000036e-10
6.264562176345617357e-03    1.000190503305879552e+00    1.000000000000000036e-10
6.296746289280090968e-03    9.998141340131395660e-01    1.000000000000000036e-10
6.329095747708186892e-03    9.998017954014565278e-01    1.000000000000000036e-10
6.361611401090387120e-03    9.997690059683346231e-01    1.000000000000000036e-10
6.394294103251284278e-03    1.000051648997902554e+00    1.000000000000000036e-10
6.427144712401960426e-03    9.997884913923718031e-01    1.000000000000000036e-10
6.460164091162570559e-03    9.998501922344916748e-01    1.000000000000000036e-10
6.493353106584952121e-03    1.000181184935366785e+00    1.000000000000000036e-10
6.526712630175411471e-03    9.998601624150351697e-01    1.000000000000000036e-10
6.560243537917627432e-03    9.997789683942013284e-01    1.000000000000000036e-10
6.593946710295606889e-03    9.999941859134788835e-01    1.000000000000000036e-10
6.627823032316861561e-03    1.000027586682460168e+00    1.000000000000000036e-10
6.661873393535596051e-03    1.000241868020330438e+00    1.000000000000000036e-10
6.696098688076090183e-03    1.000261748105356840e+00    1.000000000000000036e-10
6.730499814656197566e-03    9.999664980598623742e-01    1.000000000000000036e-10
6.765077676610896200e-03    9.998481828452074893e-01    1.000000000000000036e-10
6.799833181916063729e-03    9.999949999442315773e-01    1.000000000000000036e-10
6.834767243212271776e-03    1.000340573933932609e+00    1.000000000000000036e-10
6.869880777828773696e-03    9.999440829187370428e-01    1.000000000000000036e-10
6.905174707807610300e-03    1.000026545254192989e+00    1.000000000000000036e-10
6.940649959927773678e-03    9.999585677618509916e-01    1.000000000000000036e-10
6.976307465729603488e-03    9.999719016838504171e-01    1.000000000000000036e-10
7.012148161539191044e-03    1.000057219969626709e+00    1.000000000000000036e-10
7.048172988492994173e-03    1.000186511849008530e+00    1.000000000000000036e-10
7.084382892562569173e-03    9.999093821369401391e-01    1.000000000000000036e-10
7.120778824579360872e-03    9.999230209951299742e-01    1.000000000000000036e-10
7.157361740259727753e-03    9.998685245933184307e-01    1.000000000000000036e-10
7.194132600229988760e-03    9.998211895460329401e-01    1.000000000000000036e-10
7.231092370051667856e-03    9.999533368645912024e-01    1.000000000000000036e-10
7.268242020246873034e-03    1.000007958097765881e+00    1.000000000000000036e-10
7.305582526323727358e-03    1.000047496844355122e+00    1.000000000000000036e-10
7.343114868802044608e-03    1.000005661635157805e+00    1.000000000000000036e-10
7.380840033239026605e-03    1.000041809222870670e+00    1.000000000000000036e-10
7.418759010255161768e-03    9.998790763191357511e-01    1.000000000000000036e-10
7.456872795560262439e-03    9.998649328073803133e-01    1.000000000000000036e-10
7.495182389979559469e-03    9.997207405101318223e-01    1.000000000000000036e-10
7.533688799480038785e-03    1.000155711122243440e+00    1.000000000000000036e-10
7.572393035196808321e-03    9.998959746591671305e-01    1.000000000000000036e-10
7.611296113459671379e-03    9.998976183995130773e-01    1.000000000000000036e-10
7.650399055819835301e-03    1.000327517519096432e+00    1.000000000000000036e-10
7.689702889076683451e-03    1.000124077454642491e+00    1.000000000000000036e-10
7.729208645304799612e-03    1.000435952896774117e+00    1.000000000000000036e-10
7.768917361881016656e-03    9.999810561882944704e-01    1.000000000000000036e-10
7.808830081511676860e-03    9.999728659946042209e-01    1.000000000000000036e-10
7.848947852260037064e-03    9.997370621889507536e-01    1.000000000000000036e-10
7.889271727573737153e-03    1.000038102417541763e+00    1.000000000000000036e-10
7.929802766312520068e-03    9.999463438739013554e-01    1.000000000000000036e-10
7.970542032775987384e-03    1.000258293101836671e+00    1.000000000000000036e-10
8.011490596731564787e-03    9.999571461665104355e-01    1.000000000000000036e-10
8.052649533442620203e-03    1.000154235299988814e+00    1.000000000000000036e-10
8.094019923696640917e-03    9.998242522580408354e-01    1.000000000000000036e-10
8.135602853833683035e-03    9.998989081233785603e-01    1.000000000000000036e-10
8.177399415774831357e-03    9.998506980520915910e-01    1.000000000000000036e-10
8.219410707050907317e-03    1.000157086910060222e+00    1.000000000000000036e-10
8.261637830831305290e-03    1.000214261569637664e+00    1.000000000000000036e-10
8.304081895952906966e-03    9.998118175974295418e-01    1.000000000000000036e-10
8.346744016949264600e-03    9.998876661228662810e-01    1.000000000000000036e-10
8.389625314079798141e-03    1.000014665664033409e+00    1.000000000000000036e-10
8.432726913359282067e-03    1.000131658207098706e+00    1.000000000000000036e-10
8.476049946587353029e-03    1.000042461625822776e+00    1.000000000000000036e-10
8.519595551378249948e-03    9.998427298278764752e-01    1.000000000000000036e-10
8.563364871190722385e-03    9.996578221875926928e-01    1.000000000000000036e-10
8.607359055357990951e-03    9.999556370331192934e-01    1.000000000000000036e-10
8.651579259117992207e-03    1.000249249380246397e+00    1.000000000000000036e-10
8.696026643643661735e-03    1.000034830093900151e+00    1.000000000000000036e-10
8.740702376073446189e-03    1.000038882809908269e+00    1.000000000000000036e-10
8.785607629541976674e-03    1.000204088757155718e+00    1.000000000000000036e-10
8.830743583210814984e-03    9.997430045162607470e-01    1.000000000000000036e-10
8.876111422299487810e-03    1.000158106760313803e+00    1.000000000000000036e-10
8.921712338116543489e-03    1.000171707715615810e+00    1.000000000000000036e-10
8.967547528090868969e-03    9.998694633274958221e-01    1.000000000000000036e-10
9.013618195803149019e-03    1.000046568878857567e+00    1.000000000000000036e-10
9.059925551017424319e-03    9.998576758059825043e-01    1.000000000000000036e-10
9.106470809712885472e-03    9.999971539818827138e-01    1.000000000000000036e-10
9.153255194115826610e-03    1.000045884379628047e+00    1.000000000000000036e-10
9.200279932731682264e-03    9.997972832670045662e-01    1.000000000000000036e-10
9.247546260377348740e-03    9.999572574328281505e-01    1.000000000000000036e-10
9.295055418213548845e-03    9.997646035305568502e-01    1.000000000000000036e-10
9.342808653777488065e-03    9.998433264200640158e-01    1.000000000000000036e-10
9.390807221015550627e-03    9.997528800993521481e-01    1.000000000000000036e-10
9.439052380316255778e-03    9.996765609036654121e-01    1.000000000000000036e-10
9.487545398543384065e-03    9.998742485184264339e-01    1.000000000000000036e-10
9.536287549069173003e-03    9.999182842277285488e-01    1.000000000000000036e-10
9.585280111807835401e-03    9.999257194972778207e-01    1.000000000000000036e-10
9.634524373249093304e-03    9.999929214991475357e-01    1.000000000000000036e-10
9.684021626492001628e-03    9.999155871418561325e-01    1.000000000000000036e-10
9.733773171278920985e-03    9.999024412419421637e-01    1.000000000000000036e-10
9.783780314029584188e-03    9.999746790737443769e-01    1.000000000000000036e-10
9.834044367875481932e-03    9.997911835060997454e-01    1.000000000000000036e-10
9.884566652694267569e-03    9.997566264499334610e-01    1.000000000000000036e-10
9.935348495144453312e-03    9.999166672760468888e-01    1.000000000000000036e-10
9.986391228700274708e-03    9.997533756464760391e-01    1.000000000000000036e-10
1.003769619368663490e-02    9.993113696768098908e-01    1.000000000000000036e-10
1.008926473731436638e-02    9.981539120356551775e-01    1.000000000000000036e-10
1.014109821371557071e-02    9.958094925704678024e-01    1.000000000000000036e-10
1.019319798397919259e-02    9.926947675651686120e-01    1.000000000000000036e-10
1.024556541618675334e-02    9.891564835573583014e-01    1.000000000000000036e-10
1.029820188544826667e-02    9.854701332918925916e-01    1.000000000000000036e-10
1.035110877393837121e-02    9.822460206663677917e-01    1.000000000000000036e-10
1.040428747093260359e-02    9.786391604575892522e-01    1.000000000000000036e-10
1.045773937284389180e-02    9.749105611070342237e-01    1.000000000000000036e-10
1.051146588325921859e-02    9.714957367645908892e-01    1.000000000000000036e-10
1.056546841297646526e-02    9.675986142849087868e-01    1.000000000000000036e-10
1.061974838004148616e-02    9.635895195570807203e-01    1.000000000000000036e-10
1.067430720978532026e-02    9.593912931774558617e-01    1.000000000000000036e-10
1.072914633486163512e-02    9.548189498875261361e-01    1.000000000000000036e-10
1.078426719528433574e-02    9.499615554184288602e-01    1.000000000000000036e-10
1.083967123846537109e-02    9.445183159324113120e-01    1.000000000000000036e-10
1.089535991925276448e-02    9.387092421252093422e-01    1.000000000000000036e-10
1.095133469996880347e-02    9.326192545762280739e-01    1.000000000000000036e-10
1.100759705044843106e-02    9.257347102630612001e-01    1.000000000000000036e-10
1.106414844807786062e-02    9.183541763447107265e-01    1.000000000000000036e-10
1.112099037783334174e-02    9.105180064619698976e-01    1.000000000000000036e-10
1.117812433232018635e-02    9.015485833396182924e-01    1.000000000000000036e-10
1.123555181181194740e-02    8.921310096473916706e-01    1.000000000000000036e-10
1.129327432428980753e-02    8.820083197850628887e-01    1.000000000000000036e-10
1.135129338548219839e-02    8.708957510495862753e-01    1.000000000000000036e-10
1.140961051890456573e-02    8.583731904735295570e-01    1.000000000000000036e-10
1.146822725589941722e-02    8.450570684300731106e-01    1.000000000000000036e-10
1.152714513567650728e-02    8.304786646772233105e-01    1.000000000000000036e-10
1.158636570535326142e-02    8.142435899569857582e-01    1.000000000000000036e-10
1.164589051999541207e-02    7.972098297499347064e-01    1.000000000000000036e-10
1.170572114265780103e-02    7.782747641764057311e-01    1.000000000000000036e-10
1.176585914442546468e-02    7.580228712540744151e-01    1.000000000000000036e-10
1.182630610445486487e-02    7.359004696703541626e-01    1.000000000000000036e-10
1.188706361001536094e-02    7.122391694274915475e-01    1.000000000000000036e-10
1.194813325653089342e-02    6.866225241779013722e-01    1.000000000000000036e-10
1.200951664762185851e-02    6.594670652723592097e-01    1.000000000000000036e-10
1.207121539514724971e-02    6.299439944350165854e-01    1.000000000000000036e-10
1.213323111924696079e-02    5.987008380715281852e-01    1.000000000000000036e-10
1.219556544838433336e-02    5.657921548233395548e-01    1.000000000000000036e-10
1.225822001938893166e-02    5.309023359336297876e-01    1.000000000000000036e-10
1.232119647749948740e-02    4.948197004036276048e-01    1.000000000000000036e-10
1.238449647640714642e-02    4.573964965685706763e-01    1.000000000000000036e-10
1.244812167829886795e-02    4.189904317351759166e-01    1.000000000000000036e-10
1.251207375390107727e-02    3.801814239455751920e-01    1.000000000000000036e-10
1.257635438252354201e-02    3.411239431387201870e-01    1.000000000000000036e-10
1.264096525210344456e-02    3.024396816195640825e-01    1.000000000000000036e-10
1.270590805924974240e-02    2.647640194010145720e-01    1.000000000000000036e-10
1.277118450928769848e-02    2.283809302584499379e-01    1.000000000000000036e-10
1.283679631630365789e-02    1.940495136378536378e-01    1.000000000000000036e-10
1.290274520319007606e-02    1.619725461816524104e-01    1.000000000000000036e-10
1.296903290169072395e-02    1.327980900341035053e-01    1.000000000000000036e-10
1.303566115244620717e-02    1.067831521469732176e-01    1.000000000000000036e-10
1.310263170503964472e-02    8.414739203292817549e-02    1.000000000000000036e-10
1.316994631804261837e-02    6.508603825966167988e-02    1.000000000000000036e-10
1.323760675906135269e-02    4.959123551336760277e-02    1.000000000000000036e-10
1.330561480478311548e-02    3.760807224434733337e-02    1.000000000000000036e-10
1.337397224102289742e-02    2.901695238688287506e-02    1.000000000000000036e-10
1.344268086277028949e-02    2.356145578298731585e-02    1.000000000000000036e-10
1.351174247423661892e-02    2.097615009690802917e-02    1.000000000000000036e-10
1.358115888890233311e-02    2.096174019246379791e-02    1.000000000000000036e-10
1.365093192956459180e-02    2.317587009394215386e-02    1.000000000000000036e-10
1.372106342838517838e-02    2.727253883771126042e-02    1.000000000000000036e-10
1.379155522693857432e-02    3.293238498018960514e-02    1.000000000000000036e-10
1.386240917626032840e-02    3.987587497897786271e-02    1.000000000000000036e-10
1.393362713689567066e-02    4.773534103614687774e-02    1.000000000000000036e-10
1.400521097894833963e-02    5.633934807490396240e-02    1.000000000000000036e-10
1.407716258212972880e-02    6.539525599049372806e-02    1.000000000000000036e-10
1.414948383580821867e-02    7.470231122834987414e-02    1.000000000000000036e-10
1.422217663905879677e-02    8.409266184746334860e-02    1.000000000000000036e-10
1.429524290071293620e-02    9.343892954858527833e-02    1.000000000000000036e-10
1.436868453940868574e-02    1.026113513492701163e-01    1.000000000000000036e-10
1.444250348364109308e-02    1.114614946345882512e-01    1.000000000000000036e-10
1.451670167181282056e-02    1.199692098499350879e-01    1.000000000000000036e-10
1.459128105228505411e-02    1.280046848046155206e-01    1.000000000000000036e-10
1.466624358342866197e-02    1.355254930662509738e-01    1.000000000000000036e-10
1.474159123367559804e-02    1.425716739339094041e-01    1.000000000000000036e-10
1.481732598157065733e-02    1.490325164058505236e-01    1.000000000000000036e-10
1.489344981582333381e-02    1.548952037112647784e-01    1.000000000000000036e-10
1.496996473536012749e-02    1.602470019292166203e-01    1.000000000000000036e-10
1.504687274937699382e-02    1.649750533793401530e-01    1.000000000000000036e-10
1.512417587739207751e-02    1.690215891816129190e-01    1.000000000000000036e-10
1.520187614929883156e-02    1.725877495439925580e-01    1.000000000000000036e-10
1.527997560541920728e-02    1.753771401847271094e-01    1.000000000000000036e-10
1.535847629655731107e-02    1.777650122765581653e-01    1.000000000000000036e-10
1.543738028405323807e-02    1.794991706609984083e-01    1.000000000000000036e-10
1.551668963983715913e-02    1.806839292597187674e-01    1.000000000000000036e-10
1.559640644648381362e-02    1.813532625439432944e-01    1.000000000000000036e-10
1.567653279726709259e-02    1.814004243602379551e-01    1.000000000000000036e-10
1.575707079621508841e-02    1.809728673654395492e-01    1.000000000000000036e-10
1.583802255816530585e-02    1.800559751451501211e-01    1.000000000000000036e-10
1.591939020882018191e-02    1.786206121909941491e-01    1.000000000000000036e-10
1.600117588480296643e-02    1.766359702896736772e-01    1.000000000000000036e-10
1.608338173371373983e-02    1.743502532290709950e-01    1.000000000000000036e-10
1.616600991418588179e-02    1.715578431085578170e-01    1.000000000000000036e-10
1.624906259594272387e-02    1.683639065178942074e-01    1.000000000000000036e-10
1.633254195985449006e-02    1.648354671229327606e-01    1.000000000000000036e-10
1.641645019799566063e-02    1.608694944581262054e-01    1.000000000000000036e-10
1.650078951370241229e-02    1.566788599341605581e-01    1.000000000000000036e-10
1.658556212163057181e-02    1.520075967375635884e-01    1.000000000000000036e-10
1.667077024781372929e-02    1.471831106763933639e-01    1.000000000000000036e-10
1.675641612972166017e-02    1.420445955280643935e-01    1.000000000000000036e-10
1.684250201631917743e-02    1.366687628449977654e-01    1.000000000000000036e-10
1.692903016812506711e-02    1.311566061736865463e-01    1.000000000000000036e-10
1.701600285727152689e-02    1.253899571005255842e-01    1.000000000000000036e-10
1.710342236756381973e-02    1.194823732822661716e-01    1.000000000000000036e-10
1.719129099454018428e-02    1.135032545611509847e-01    1.000000000000000036e-10
1.727961104553222757e-02    1.073985893074915904e-01    1.000000000000000036e-10
1.736838483972538358e-02    1.012654146615080547e-01    1.000000000000000036e-10
1.745761470821990263e-02    9.509735510157625582e-02    1.000000000000000036e-10
1.754730299409204206e-02    8.898390907084306745e-02    1.000000000000000036e-10
1.763745205245554476e-02    8.288930305879614602e-02    1.000000000000000036e-10
1.772806425052358623e-02    7.688739721064016819e-02    1.000000000000000036e-10
1.781914196767080821e-02    7.096933776130862070e-02    1.000000000000000036e-10
1.791068759549589717e-02    6.520206051759930288e-02    1.000000000000000036e-10
1.800270353788435349e-02    5.961197533251477720e-02    1.000000000000000036e-10
1.809519221107156600e-02    5.424537486410570264e-02    1.000000000000000036e-10
1.818815604370636885e-02    4.910125129399724869e-02    1.000000000000000036e-10
1.828159747691469883e-02    4.419018838364749402e-02    1.000000000000000036e-10
1.837551896436376633e-02    3.954247573928203890e-02    1.000000000000000036e-10
1.846992297232647948e-02    3.522378714392970095e-02    1.000000000000000036e-10
1.856481197974614930e-02    3.119612207529216114e-02    1.000000000000000036e-10
1.866018847830170496e-02    2.748966834099427631e-02    1.000000000000000036e-10
1.875605497247297138e-02    2.413968749039912751e-02    1.000000000000000036e-10
1.885241397960654361e-02    2.113007439368493057e-02    1.000000000000000036e-10
1.894926802998186249e-02    1.847616340564330398e-02    1.000000000000000036e-10
1.904661966687760943e-02    1.619908015577378041e-02    1.000000000000000036e-10
1.914447144663859041e-02    1.425712017695964125e-02    1.000000000000000036e-10
1.924282593874274486e-02    1.267933032105431068e-02    1.000000000000000036e-10
1.934168572586869930e-02    1.145146052619302850e-02    1.000000000000000036e-10
1.944105340396357767e-02    1.055548204488685089e-02    1.000000000000000036e-10
1.954093158231109614e-02    9.988884165946981808e-03    1.000000000000000036e-10
1.964132288360021308e-02    9.734874926361514538e-03    1.000000000000000036e-10
1.974222994399384493e-02    9.776115057351443191e-03    1.000000000000000036e-10
1.984365541319821000e-02    1.009816119383272204e-02    1.000000000000000036e-10
1.994560195453235624e-02    1.067048488849658451e-02    1.000000000000000036e-10
2.004807224499806015e-02    1.148068725795603484e-02    1.000000000000000036e-10
2.015106897535023575e-02    1.250728503956002879e-02    1.000000000000000036e-10
2.025459485016744068e-02    1.371977341807847570e-02    1.000000000000000036e-10
2.035865258792302762e-02    1.509939478395992164e-02    1.000000000000000036e-10
2.046324492105644488e-02    1.661224441387706627e-02    1.000000000000000036e-10
2.056837459604503315e-02    1.825344844296991967e-02    1.000000000000000036e-10
2.067404437347612062e-02    1.996920167997669540e-02    1.000000000000000036e-10
2.078025702811950662e-02    2.175473719104385056e-02    1.000000000000000036e-10
2.088701534900035128e-02    2.358658444588982925e-02    1.000000000000000036e-10
2.099432213947239820e-02    2.544550098529811330e-02    1.000000000000000036e-10
2.110218021729158913e-02    2.729457297828185094e-02    1.000000000000000036e-10
2.121059241469004999e-02    2.912270194711231650e-02    1.000000000000000036e-10
2.131956157845044803e-02    3.090094570360433363e-02    1.000000000000000036e-10
2.142909056998078612e-02    3.262895647100979429e-02    1.000000000000000036e-10
2.153918226538950945e-02    3.427791356412151352e-02    1.000000000000000036e-10
2.164983955556103526e-02    3.582694470544696419e-02    1.000000000000000036e-10
2.176106534623167138e-02    3.726759043646220293e-02    1.000000000000000036e-10
2.187286255806588156e-02    3.859544963147800573e-02    1.000000000000000036e-10
2.198523412673304700e-02    3.977946180027227413e-02    1.000000000000000036e-10
2.209818300298449154e-02    4.083016410806625945e-02    1.000000000000000036e-10
2.221171215273099950e-02    4.173883149336753140e-02    1.000000000000000036e-10
2.232582455712068745e-02    4.246762540468934644e-02    1.000000000000000036e-10
2.244052321261726449e-02    4.304288154323598209e-02    1.000000000000000036e-10
2.255581113107875402e-02    4.345192684020206947e-02    1.000000000000000036e-10
2.267169133983656590e-02    4.371209442299833076e-02    1.000000000000000036e-10
2.278816688177497801e-02    4.377164797437712446e-02    1.000000000000000036e-10
2.290524081541107232e-02    4.366757386182221895e-02    1.000000000000000036e-10
2.302291621497498317e-02    4.341142827554257677e-02    1.000000000000000036e-10
2.314119617049070071e-02    4.298973764647537332e-02    1.000000000000000036e-10
2.326008378785716230e-02    4.239930463319829812e-02    1.000000000000000036e-10
2.337958218892983303e-02    4.166094804262475415e-02    1.000000000000000036e-10
2.349969451160267842e-02    4.076125504541115024e-02    1.000000000000000036e-10
2.362042390989051860e-02    3.975259605704160870e-02    1.000000000000000036e-10
2.374177355401192735e-02    3.860882941254996370e-02    1.000000000000000036e-10
2.386374663047242245e-02    3.733472774203151767e-02    1.000000000000000036e-10
2.398634634214815917e-02    3.595251382836031628e-02    1.000000000000000036e-10
2.410957590837004352e-02    3.447663756157400700e-02    1.000000000000000036e-10
2.423343856500821333e-02    3.293887827458074485e-02    1.000000000000000036e-10
2.435793756455709169e-02    3.129616960304432843e-02    1.000000000000000036e-10
2.448307617622073884e-02    2.961417604789199493e-02    1.000000000000000036e-10
2.460885768599870710e-02    2.790707793997553032e-02    1.000000000000000036e-10
2.473528539677235724e-02    2.615700339698538365e-02    1.000000000000000036e-10
2.486236262839150099e-02    2.440214521957341509e-02    1.000000000000000036e-10
2.499009271776173047e-02    2.263836415499269686e-02    1.000000000000000036e-10
2.511847901893186213e-02    2.089422772981653145e-02    1.000000000000000036e-10
2.524752490318214748e-02    1.917657562399391682e-02    1.000000000000000036e-10
2.537723375911275434e-02    1.751008056700088453e-02    1.000000000000000036e-10
2.550760899273268531e-02    1.589831665841719491e-02    1.000000000000000036e-10
2.563865402754937281e-02    1.434810247536908411e-02    1.000000000000000036e-10
2.577037230465837117e-02    1.288472017220924914e-02    1.000000000000000036e-10
2.590276728283389188e-02    1.150572849576124435e-02    1.000000000000000036e-10
2.603584243861954695e-02    1.023308467452085230e-02    1.000000000000000036e-10
2.616960126641959539e-02    9.062448676145850104e-03    1.000000000000000036e-10
2.630404727859085579e-02    8.009608869776557727e-03    1.000000000000000036e-10
2.643918400553474379e-02    7.073439511707988424e-03    1.000000000000000036e-10
2.657501499579011453e-02    6.265166723864362512e-03    1.000000000000000036e-10
2.671154381612640683e-02    5.579533044784698755e-03    1.000000000000000036e-10
2.684877405163724196e-02    5.022742965273161060e-03    1.000000000000000036e-10
2.698670930583470587e-02    4.590471627586933424e-03    1.000000000000000036e-10
2.712535320074379100e-02    4.283472113306262784e-03    1.000000000000000036e-10
2.726470937699766034e-02    4.099404098515361736e-03    1.000000000000000036e-10
2.740478149393317520e-02    4.033161242983754162e-03    1.000000000000000036e-10
2.754557322968694683e-02    4.074037978371902562e-03    1.000000000000000036e-10
2.768708828129207156e-02    4.220748577182117066e-03    1.000000000000000036e-10
2.782933036477499775e-02    4.463869227052536144e-03    1.000000000000000036e-10
2.797230321525328786e-02    4.789973279275548321e-03    1.000000000000000036e-10
2.811601058703360953e-02    5.197655727157810338e-03    1.000000000000000036e-10
2.826045625371028866e-02    5.668784168173368089e-03    1.000000000000000036e-10
2.840564400826454602e-02    6.194402403037359457e-03    1.000000000000000036e-10
2.855157766316389692e-02    6.766956429403562373e-03    1.000000000000000036e-10
2.869826105046241818e-02    7.366292797829522045e-03    1.000000000000000036e-10
2.884569802190131704e-02    7.987599471024689479e-03    1.000000000000000036e-10
2.899389244901002041e-02    8.618167020438228729e-03    1.000000000000000036e-10
2.914284822320799620e-02    9.246695665195564517e-03    1.000000000000000036e-10
2.929256925590672384e-02    9.862530146698307576e-03    1.000000000000000036e-10
2.944305947861257378e-02    1.045123443867648251e-02    1.000000000000000036e-10
2.959432284302998192e-02    1.100863570356713263e-02    1.000000000000000036e-10
2.974636332116516180e-02    1.153063963397409943e-02    1.000000000000000036e-10
2.989918490543056265e-02    1.199314348189807304e-02    1.000000000000000036e-10
3.005279160874950450e-02    1.239844727444066805e-02    1.000000000000000036e-10
3.020718746466170834e-02    1.274209715620149529e-02    1.000000000000000036e-10
3.036237652742915585e-02    1.300919840594593445e-02    1.000000000000000036e-10
3.051836287214249391e-02    1.320641484158973679e-02    1.000000000000000036e-10
3.067515059482820577e-02    1.333491764713617619e-02    1.000000000000000036e-10
3.083274381255594887e-02    1.337765179141334193e-02    1.000000000000000036e-10
3.099114666354684661e-02    1.333875844606740267e-02    1.000000000000000036e-10
3.115036330728207861e-02    1.323001748390241483e-02    1.000000000000000036e-10
3.131039792461204341e-02    1.303973820040973432e-02    1.000000000000000036e-10
3.147125471786632600e-02    1.277520721286244318e-02    1.000000000000000036e-10
3.163293791096380425e-02    1.243676509724328874e-02    1.000000000000000036e-10
3.179545174952377873e-02    1.203819873949174384e-02    1.000000000000000036e-10
3.195880050097734543e-02    1.158091420826736981e-02    1.000000000000000036e-10
3.212298845467941033e-02    1.106641823144020355e-02    1.000000000000000036e-10
3.228801992202151583e-02    1.049852308296286840e-02    1.000000000000000036e-10
3.245389923654481285e-02    9.893479401570641485e-03    1.000000000000000036e-10
3.262063075405401830e-02    9.267112131481698017e-03    1.000000000000000036e-10
3.278821885273175418e-02    8.615599384791125873e-03    1.000000000000000036e-10
3.295666793325343485e-02    7.943411684606027298e-03    1.000000000000000036e-10
3.312598241890301470e-02    7.272385579658821077e-03    1.000000000000000036e-10
3.329616675568888851e-02    6.605457238770857595e-03    1.000000000000000036e-10
3.346722541246083954e-02    5.949538294078964180e-03    1.000000000000000036e-10
3.363916288102730690e-02    5.314636687879611097e-03    1.000000000000000036e-10
3.381198367627328422e-02    4.709560221579594738e-03    1.000000000000000036e-10
3.398569233627904418e-02    4.140474209316753924e-03    1.000000000000000036e-10
3.416029342243907113e-02    3.610742061038413157e-03    1.000000000000000036e-10
3.433579151958202763e-02    3.131034951438359942e-03    1.000000000000000036e-10
3.451219123609108874e-02    2.703114398249573894e-03    1.000000000000000036e-10
3.468949720402486614e-02    2.330516208559530247e-03    1.000000000000000036e-10
3.486771407923923427e-02    2.017351594137264687e-03    1.000000000000000036e-10
3.504684654150935080e-02    1.764963346353577581e-03    1.000000000000000036e-10
3.522689929465274566e-02    1.572588961805832224e-03    1.000000000000000036e-10
3.540787706665272927e-02    1.440849734575579523e-03    1.000000000000000036e-10
3.558978460978252933e-02    1.368869085567329036e-03    1.000000000000000036e-10
3.577262670073021178e-02    1.351816892825067392e-03    1.000000000000000036e-10
3.595640814072392777e-02    1.387754146139805493e-03    1.000000000000000036e-10
3.614113375565812525e-02    1.472308711733549347e-03    1.000000000000000036e-10
3.632680839622023927e-02    1.599729480028716901e-03    1.000000000000000036e-10
3.651343693801798601e-02    1.763757268707687956e-03    1.000000000000000036e-10
3.670102428170757269e-02    1.959366123465788954e-03    1.000000000000000036e-10
3.688957535312215041e-02    2.178757738338441517e-03    1.000000000000000036e-10
3.707909510340134940e-02    2.415391879089003654e-03    1.000000000000000036e-10
3.726958850912121674e-02    2.661279179650253776e-03    1.000000000000000036e-10
3.746106057242483411e-02    2.909208157172738732e-03    1.000000000000000036e-10
3.765351632115385150e-02    3.155800062302643785e-03    1.000000000000000036e-10
3.784696080898026366e-02    3.389925372734895262e-03    1.000000000000000036e-10
3.804139911553934550e-02    3.606396167238068873e-03    1.000000000000000036e-10
3.823683634656289965e-02    3.803628656247900509e-03    1.000000000000000036e-10
3.843327763401331587e-02    3.970559579309601399e-03    1.000000000000000036e-10
3.863072813621849788e-02    4.107336941944329453e-03    1.000000000000000036e-10
3.882919303800708155e-02    4.210445534750766397e-03    1.000000000000000036e-10
3.902867755084474255e-02    4.274512873395855915e-03    1.000000000000000036e-10
3.922918691297103133e-02    4.298245790703053397e-03    1.000000000000000036e-10
3.943072638953679099e-02    4.284436465816237119e-03    1.000000000000000036e-10
3.963330127274267145e-02    4.231715234839347230e-03    1.000000000000000036e-10
3.983691688197778247e-02    4.139272871816594875e-03    1.000000000000000036e-10
4.004157856395961640e-02    4.011056180986011591e-03    1.000000000000000036e-10
4.024729169287436653e-02    3.849892355026570366e-03    1.000000000000000036e-10
4.045406167051796009e-02    3.658006568771455819e-03    1.000000000000000036e-10
4.066189392643813211e-02    3.438903872414776370e-03    1.000000000000000036e-10
4.087079391807670742e-02    3.200452808678988688e-03    1.000000000000000036e-10
4.108076713091313170e-02    2.944600216864683238e-03    1.000000000000000036e-10
4.129181907860844658e-02    2.677432525249500567e-03    1.000000000000000036e-10
4.150395530314995862e-02    2.404372855986737327e-03    1.000000000000000036e-10
4.171718137499702550e-02    2.131075135646590384e-03    1.000000000000000036e-10
4.193150289322703644e-02    1.863269097567471543e-03    1.000000000000000036e-10
4.214692548568263475e-02    1.605553501752052031e-03    1.000000000000000036e-10
4.236345480911946071e-02    1.361756080974596810e-03    1.000000000000000036e-10
4.258109654935456762e-02    1.138585455896706138e-03    1.000000000000000036e-10
4.279985642141598268e-02    9.367320665680534944e-04    1.000000000000000036e-10
4.301974016969246917e-02    7.612152354473895400e-04    1.000000000000000036e-10
4.324075356808460002e-02    6.131799754178167677e-04    1.000000000000000036e-10
4.346290242015627553e-02    4.946120157685012647e-04    1.000000000000000036e-10
4.368619255928713613e-02    4.056520629892465210e-04    1.000000000000000036e-10
4.391062984882577319e-02    3.473103386121921391e-04    1.000000000000000036e-10
4.413622018224357124e-02    3.173731965054649748e-04    1.000000000000000036e-10
4.436296948328963263e-02    3.146807439711687580e-04    1.000000000000000036e-10
4.459088370614622959e-02    3.366547654685276810e-04    1.000000000000000036e-10
4.481996883558517220e-02    3.810961703893516470e-04    1.000000000000000036e-10
4.505023088712498125e-02    4.437860518220915901e-04    1.000000000000000036e-10
4.528167590718877589e-02    5.222270107414974261e-04    1.000000000000000036e-10
4.551430997326315342e-02    6.106456843254612528e-04    1.000000000000000036e-10
4.574813919405771451e-02    7.068053380496514427e-04    1.000000000000000036e-10
4.598316970966547651e-02    8.046127037434899288e-04    1.000000000000000036e-10
4.621940769172414726e-02    9.018328432025925819e-04    1.000000000000000036e-10
4.645685934357805108e-02    9.929554148574719526e-04    1.000000000000000036e-10
4.669553090044121363e-02    1.074872090102285595e-03    1.000000000000000036e-10
4.693542862956097406e-02    1.144905932786377751e-03    1.000000000000000036e-10
4.717655883038256170e-02    1.200918213700565094e-03    1.000000000000000036e-10
4.741892783471457484e-02    1.241200199729247276e-03    1.000000000000000036e-10
4.766254200689511167e-02    1.262663882083237639e-03    1.000000000000000036e-10
4.790740774395906704e-02    1.265924345555027170e-03    1.000000000000000036e-10
4.815353147580599125e-02    1.249880964380300098e-03    1.000000000000000036e-10
4.840091966536897577e-02    1.216402974088630394e-03    1.000000000000000036e-10
4.864957880878437863e-02    1.166910886493741648e-03    1.000000000000000036e-10
4.889951543556229213e-02    1.100725397045101538e-03    1.000000000000000036e-10
4.915073610875816956e-02    1.022263886428012407e-03    1.000000000000000036e-10
4.940324742514506928e-02    9.342599602021906544e-04    1.000000000000000036e-10
4.965705601538688424e-02    8.380560275951313672e-04    1.000000000000000036e-10
4.991216854421247351e-02    7.368021763947152922e-04    1.000000000000000036e-10
5.016859171059060568e-02    6.343170698515515366e-04    1.000000000000000036e-10
5.042633224790599167e-02    5.328731564065940620e-04    1.000000000000000036e-10
5.068539692413599751e-02    4.358377641714153905e-04    1.000000000000000036e-10
5.094579254202839802e-02    3.453472871083556705e-04    1.000000000000000036e-10
5.120752593928000473e-02    2.644162587103689481e-04    1.000000000000000036e-10
5.147060398871617509e-02    1.934879403364407656e-04    1.000000000000000036e-10
5.173503359847136940e-02    1.349032256634510527e-04    1.000000000000000036e-10
5.200082171217049881e-02    8.901547117729107276e-05    1.000000000000000036e-10
5.226797530911125172e-02    5.627949429497490643e-05    1.000000000000000036e-10
5.253650140444741934e-02    3.638111127107331792e-05    1.000000000000000036e-10
5.280640704937295676e-02    2.927006402834539281e-05    1.000000000000000036e-10
5.307769933130733475e-02    3.322289910149751923e-05    1.000000000000000036e-10
5.335038537408154369e-02    4.641761003290659465e-05    1.000000000000000036e-10
5.362447233812513842e-02    6.840570921899821971e-05    1.000000000000000036e-10
5.389996742065435859e-02    9.529664871634233947e-05    1.000000000000000036e-10
5.417687785586094984e-02    1.269369705609929219e-04    1.000000000000000036e-10
5.445521091510231726e-02    1.601636216709245958e-04    1.000000000000000036e-10
5.473497390709235189e-02    1.929136579242478930e-04    1.000000000000000036e-10
5.501617417809336746e-02    2.236955893764434205e-04    1.000000000000000036e-10
5.529881911210906414e-02    2.507341079655837001e-04    1.000000000000000036e-10
5.558291613107825546e-02    2.721808046111683413e-04    1.000000000000000036e-10
5.586847269506999003e-02    2.878123192875570884e-04    1.000000000000000036e-10
5.615549630247927693e-02    2.961697513662228643e-04    1.000000000000000036e-10
5.644399449022405313e-02    2.983335638946429122e-04    1.000000000000000036e-10
5.673397483394312241e-02    2.925867915092943659e-04    1.000000000000000036e-10
5.702544494819492688e-02    2.808382550512073103e-04    1.000000000000000036e-10
5.731841248665772715e-02    2.629678713259146500e-04    1.000000000000000036e-10
5.761288514233040697e-02    2.408820086281017751e-04    1.000000000000000036e-10
5.790887064773456855e-02    2.145823813412882722e-04    1.000000000000000036e-10
5.820637677511752289e-02    1.874318018387835505e-04    1.000000000000000036e-10
5.850541133665645294e-02    1.586293915232302610e-04    1.000000000000000036e-10
5.880598218466342314e-02    1.302194166450304556e-04    1.000000000000000036e-10
5.910809721179172832e-02    1.039162099947723433e-04    1.000000000000000036e-10
5.941176435124307514e-02    7.965166927577103429e-05    1.000000000000000036e-10
5.971699157697585997e-02    6.035092658678043733e-05    1.000000000000000036e-10
6.002378690391466098e-02    4.401216951969627914e-05    1.000000000000000036e-10
6.033215838816052140e-02    3.214455205045762989e-05    1.000000000000000036e-10
6.064211412720269673e-02    2.466754034054697062e-05    1.000000000000000036e-10
6.095366226013119310e-02    2.160272297541667656e-05    1.000000000000000036e-10
6.126681096785045744e-02    2.238207048442231501e-05    1.000000000000000036e-10
6.158156847329428890e-02    2.606134377481362894e-05    1.000000000000000036e-10
6.189794304164161071e-02    3.178011276528513041e-05    1.000000000000000036e-10
6.221594298053369915e-02    3.834566998896222465e-05    1.000000000000000036e-10
6.253557664029220364e-02    4.541215206548465997e-05    1.000000000000000036e-10
6.285685241413845048e-02    5.207793084791263532e-05    1.000000000000000036e-10
6.317977873841387759e-02    5.786496941309085090e-05    1.000000000000000036e-10
6.350436409280142691e-02    6.248569140735111323e-05    1.000000000000000036e-10
6.383061700054838694e-02    6.353177673111503980e-05    1.000000000000000036e-10
6.415854602869013046e-02    6.388514950983405390e-05    1.000000000000000036e-10
6.448815978827505957e-02    6.114293647935508660e-05    1.000000000000000036e-10
6.481946693459073039e-02    5.682909263464972806e-05    1.000000000000000036e-10
6.515247616739110181e-02    5.102016663935241193e-05    1.000000000000000036e-10
6.548719623112504717e-02    4.452067878137721646e-05    1.000000000000000036e-10
6.582363591516594836e-02    3.788994668728924568e-05    1.000000000000000036e-10
6.616180405404248344e-02    3.171948235886231754e-05    1.000000000000000036e-10
6.650170952767064936e-02    2.586328340427506350e-05    1.000000000000000036e-10
6.684336126158678393e-02    2.256137490168379022e-05    1.000000000000000036e-10
6.718676822718216979e-02    2.092906677876998900e-05    1.000000000000000036e-10
6.753193944193848497e-02    2.205851775743628777e-05    1.000000000000000036e-10
6.787888396966459958e-02    2.467518595157950950e-05    1.000000000000000036e-10
6.822761092073464928e-02    3.002781086787305594e-05    1.000000000000000036e-10
6.857812945232705237e-02    3.742621533030345081e-05    1.000000000000000036e-10
6.893044876866527559e-02    4.565570551257655784e-05    1.000000000000000036e-10
6.928457812125933535e-02    5.417517346495655305e-05    1.000000000000000036e-10
6.964052680914871452e-02    6.332541066147958817e-05    1.000000000000000036e-10
6.999830417914672254e-02    7.119854391923468998e-05    1.000000000000000036e-10
7.035791962608561878e-02    7.762214505428668022e-05    1.000000000000000036e-10
7.071938259306366492e-02    8.159029024049630602e-05    1.000000000000000036e-10
7.108270257169285733e-02    8.250272468576590841e-05    1.000000000000000036e-10
7.144788910234825541e-02    8.077903203147539311e-05    1.000000000000000036e-10
7.181495177441851729e-02    7.611646942920475114e-05    1.000000000000000036e-10
7.218390022655754579e-02    6.907202238223620662e-05    1.000000000000000036e-10
7.255474414693782736e-02    6.000616422379703789e-05    1.000000000000000036e-10
7.292749327350468713e-02    4.919967768674775711e-05    1.000000000000000036e-10
7.330215739423202870e-02    3.862417529280215970e-05    1.000000000000000036e-10
7.367874634737939243e-02    2.788887906074863628e-05    1.000000000000000036e-10
7.405727002175011009e-02    1.809281148367409598e-05    1.000000000000000036e-10
7.443773835695130514e-02    1.148875326305692441e-05    1.000000000000000036e-10
7.482016134365461479e-02    6.590872929110418606e-06    1.000000000000000036e-10
7.520454902385864671e-02    5.709470315356825470e-06    1.000000000000000036e-10
7.559091149115272634e-02    8.611087968667539887e-06    1.000000000000000036e-10
7.597925889098169905e-02    1.475559759010769490e-05    1.000000000000000036e-10
7.636960142091268888e-02    2.431027786917679787e-05    1.000000000000000036e-10
7.676194933090260686e-02    3.536650317568526775e-05    1.000000000000000036e-10
7.715631292356743554e-02    4.915668284739751760e-05    1.000000000000000036e-10
7.755270255445273486e-02    6.272541068969275028e-05    1.000000000000000036e-10
7.795112863230545253e-02    7.583831512519262461e-05    1.000000000000000036e-10
7.835160161934746903e-02    8.734443990322241955e-05    1.000000000000000036e-10
7.875413203155014197e-02    9.628867982764716278e-05    1.000000000000000036e-10
7.915873043891052951e-02    1.018184120134616171e-04    1.000000000000000036e-10
7.956540746572896006e-02    1.031429283883755039e-04    1.000000000000000036e-10
7.997417379088785083e-02    1.012769404089100566e-04    1.000000000000000036e-10
8.038504014813235843e-02    9.465586654411437158e-05    1.000000000000000036e-10
8.079801732635211176e-02    8.519822741142246345e-05    1.000000000000000036e-10
8.121311616986451321e-02    7.357416880680002426e-05    1.000000000000000036e-10
8.163034757869956637e-02    6.111289817694127633e-05    1.000000000000000036e-10
8.204972250888589724e-02    4.767807593333881990e-05    1.000000000000000036e-10
8.247125197273877384e-02    3.543590279629142106e-05    1.000000000000000036e-10
8.289494703914900009e-02    2.528049719940426949e-05    1.000000000000000036e-10
8.332081883387372490e-02    1.916229058639942585e-05    1.000000000000000036e-10
8.374887853982850017e-02    1.534356965404174027e-05    1.000000000000000036e-10
8.417913739738103196e-02    1.632819101606268152e-05    1.000000000000000036e-10
8.461160670464618061e-02    2.100666600448559881e-05    1.000000000000000036e-10
8.504629781778280662e-02    2.868103966289860498e-05    1.000000000000000036e-10
8.548322215129190715e-02    3.909334805350690039e-05    1.000000000000000036e-10
8.592239117831630690e-02    5.012356208401105032e-05    1.000000000000000036e-10
8.636381643094202809e-02    6.247256770546394508e-05    1.000000000000000036e-10
8.680750950050092341e-02    7.334523515659967436e-05    1.000000000000000036e-10
8.725348203787526569e-02    8.214904116954559893e-05    1.000000000000000036e-10
8.770174575380358661e-02    8.842172856118901171e-05    1.000000000000000036e-10
8.815231241918820848e-02    9.054134401717363399e-05    1.000000000000000036e-10
8.860519386540431641e-02    8.917494721309033592e-05    1.000000000000000036e-10
8.906040198461054325e-02    8.412011889225255712e-05    1.000000000000000036e-10
8.951794873006148345e-02    7.498856155368591072e-05    1.000000000000000036e-10
8.997784611642138664e-02    6.439227309573473631e-05    1.000000000000000036e-10
9.044010622007966904e-02    5.299496572766136063e-05    1.000000000000000036e-10
9.090474117946811816e-02    4.134270342764832199e-05    1.000000000000000036e-10
9.137176319537944347e-02    3.189037954482613831e-05    1.000000000000000036e-10
9.184118453128790882e-02    2.320483512112031169e-05    1.000000000000000036e-10
9.231301751367115838e-02    1.795315473727911762e-05    1.000000000000000036e-10
9.278727453233401312e-02    1.670070067471189450e-05    1.000000000000000036e-10
9.326396804073376623e-02    1.811062341542116829e-05    1.000000000000000036e-10
9.374311055630710210e-02    2.255381992191177729e-05    1.000000000000000036e-10
9.422471466079899993e-02    2.932236344769222487e-05    1.000000000000000036e-10
9.470879300059294181e-02    3.644126364186686125e-05    1.000000000000000036e-10
9.519535828704310532e-02    4.475105284851093966e-05    1.000000000000000036e-10
9.568442329680809655e-02    5.201827512634126730e-05    1.000000000000000036e-10
9.617600087218632077e-02    5.704580046948680351e-05    1.000000000000000036e-10
9.667010392145349018e-02    5.988535293132567797e-05    1.000000000000000036e-10
9.716674541920136687e-02    5.978747278028089614e-05    1.000000000000000036e-10
9.766593840667854576e-02    5.644905500947036865e-05    1.000000000000000036e-10
9.816769599213290287e-02    5.119774526086749526e-05    1.000000000000000036e-10
9.867203135115563961e-02    4.491991537593297245e-05    1.000000000000000036e-10
9.917895772702756130e-02    3.608518563755145741e-05    1.000000000000000036e-10
9.968848843106659086e-02    2.724465684951001365e-05    1.000000000000000036e-10
1.002006368429774336e-01    2.027408240732659454e-05    1.000000000000000036e-10
1.007154164112028516e-01    1.434481323295429697e-05    1.000000000000000036e-10
1.012328406532767427e-01    1.145053207580994083e-05    1.000000000000000036e-10
1.017529231561792591e-01    9.776720095117843114e-06    1.000000000000000036e-10
1.022756775766934939e-01    1.064259502134288911e-05    1.000000000000000036e-10
1.028011176417640699e-01    1.373440302226925516e-05    1.000000000000000036e-10
1.033292571488577116e-01    1.824534457303130406e-05    1.000000000000000036e-10
1.038601099663252619e-01    2.222640631386783931e-05    1.000000000000000036e-10
1.043936900337662371e-01    2.641064480188931452e-05    1.000000000000000036e-10
1.049300113623946318e-01    2.971569037731688103e-05    1.000000000000000036e-10
1.054690880354068327e-01    3.075164714818291251e-05    1.000000000000000036e-10
1.060109342083516148e-01    3.084943070805013312e-05    1.000000000000000036e-10
1.065555641095014688e-01    2.867438717115806609e-05    1.000000000000000036e-10
1.071029920402266911e-01    2.523926010404639117e-05    1.000000000000000036e-10
1.076532323753706111e-01    2.048516305117520356e-05    1.000000000000000036e-10
1.082062995636271369e-01    1.561196848452448726e-05    1.000000000000000036e-10
1.087622081279202568e-01    1.142528143274839606e-05    1.000000000000000036e-10
1.093209726657850961e-01    7.368101195391468997e-06    1.000000000000000036e-10
1.098826078497516512e-01    4.625656999080837439e-06    1.000000000000000036e-10
1.104471284277297599e-01    3.767864944283047341e-06    1.000000000000000036e-10
1.110145492233965414e-01    3.755111055312569797e-06    1.000000000000000036e-10
1.115848851365855571e-01    5.072472929968234557e-06    1.000000000000000036e-10
1.121581511436779560e-01    6.564561169216002579e-06    1.000000000000000036e-10
1.127343622979960353e-01    8.966629394296221346e-06    1.000000000000000036e-10
1.133135337301982987e-01    1.082577619619104681e-05    1.000000000000000036e-10
1.138956806486768059e-01    1.195559807328158132e-05    1.000000000000000036e-10
1.144808183399566165e-01    1.232610395656437549e-05    1.000000000000000036e-10
1.150689621690969694e-01    1.120929026900557574e-05    1.000000000000000036e-10
1.156601275800950568e-01    1.019489146962938600e-05    1.000000000000000036e-10
1.162543300962914083e-01    8.242232062271791793e-06    1.000000000000000036e-10
1.168515853207774680e-01    5.885476276703644392e-06    1.000000000000000036e-10
1.174519089368054880e-01    4.213804987014755934e-06    1.000000000000000036e-10
1.180553167082000338e-01    2.546322288285738559e-06    1.000000000000000036e-10
1.186618244797723043e-01    2.260276919962176920e-06    1.000000000000000036e-10
1.192714481777359947e-01    1.381942036772717108e-06    1.000000000000000036e-10
1.198842038101255031e-01    1.543522072911374356e-06    1.000000000000000036e-10
1.205001074672163858e-01    2.191739384000766405e-06    1.000000000000000036e-10
1.211191753219476169e-01    2.782605950884132599e-06    1.000000000000000036e-10
1.217414236303466235e-01    2.847916909394092360e-06    1.000000000000000036e-10
1.223668687319559162e-01    3.274569667789187091e-06    1.000000000000000036e-10
1.229955270502622322e-01    3.406298087030234680e-06    1.000000000000000036e-10
1.236274150931277460e-01    3.073331312946517338e-06    1.000000000000000036e-10
1.242625494532236391e-01    2.465919369126608803e-06    1.000000000000000036e-10
1.249009468084655849e-01    2.552652036015241304e-06    1.000000000000000036e-10
1.255426239224519958e-01    2.558944859873959662e-06    1.000000000000000036e-10
1.261875976449040315e-01    1.765632190424405188e-06    1.000000000000000036e-10
1.268358849121080933e-01    1.951730552441713029e-06    1.000000000000000036e-10
1.274875027473606204e-01    1.606639366340859050e-06    1.000000000000000036e-10
1.281424682614148158e-01    2.107056436230796214e-06    1.000000000000000036e-10
1.288007986529303706e-01    2.447680689296222691e-06    1.000000000000000036e-10
1.294625112089248242e-01    2.029205955400058414e-06    1.000000000000000036e-10
1.301276233052275633e-01    2.385748334289248282e-06    1.000000000000000036e-10
1.307961524069361781e-01    1.998784681805565650e-06    1.000000000000000036e-10
1.314681160688747352e-01    1.416100224116919187e-06    1.000000000000000036e-10
1.321435319360552418e-01    1.359942663570609421e-06    1.000000000000000036e-10
1.328224177441406639e-01    1.303747464120143071e-06    1.000000000000000036e-10
1.335047913199107206e-01    1.052815482585156561e-06    1.000000000000000036e-10
1.341906705817300649e-01    1.112034901025155796e-06    1.000000000000000036e-10
1.348800735400185191e-01    1.853073823870882120e-06    1.000000000000000036e-10
1.355730182977244735e-01    2.444784658683716857e-06    1.000000000000000036e-10
1.362695230507998401e-01    3.298171423609883865e-06    1.000000000000000036e-10
1.369696060886781142e-01    3.427387640558442525e-06    1.000000000000000036e-10
1.376732857947545463e-01    4.257629596100150535e-06    1.000000000000000036e-10
1.383805806468686450e-01    3.518063020952086144e-06    1.000000000000000036e-10
1.390915092177898438e-01    2.737880428427615498e-06    1.000000000000000036e-10
1.398060901757048613e-01    2.672594723129154801e-06    1.000000000000000036e-10
1.405243422847080037e-01    2.036377057970895627e-06    1.000000000000000036e-10
1.412462844052939648e-01    1.391159292158528195e-06    1.000000000000000036e-10
1.419719354948528189e-01    1.630480302538442761e-06    1.000000000000000036e-10
1.427013146081681227e-01    1.618377714724333749e-06    1.000000000000000036e-10
1.434344408979172092e-01    1.812189840755299681e-06    1.000000000000000036e-10
1.441713336151739522e-01    2.672772874614088425e-06    1.000000000000000036e-10
1.449120121099145286e-01    3.389015233488617905e-06    1.000000000000000036e-10
1.456564958315251235e-01    4.155714934257121131e-06    1.000000000000000036e-10
1.464048043293131596e-01    4.052328413819171265e-06    1.000000000000000036e-10
1.471569572530203318e-01    3.872849135063354299e-06    1.000000000000000036e-10
1.479129743533385832e-01    3.503061115398303741e-06    1.000000000000000036e-10
1.486728754824289123e-01    2.584100108547358123e-06    1.000000000000000036e-10
1.494366805944423726e-01    2.008341934648541970e-06    1.000000000000000036e-10
1.502044097460443761e-01    1.740971270845137399e-06    1.000000000000000036e-10
1.509760830969412160e-01    1.685215610197274247e-06    1.000000000000000036e-10
1.517517209104093379e-01    1.785915499028274937e-06    1.000000000000000036e-10
1.525313435538277196e-01    1.859328127284024331e-06    1.000000000000000036e-10
1.533149714992121659e-01    3.005844143500650915e-06    1.000000000000000036e-10
1.541026253237535171e-01    3.657422723852812962e-06    1.000000000000000036e-10
1.548943257103575777e-01    3.930887109529179239e-06    1.000000000000000036e-10
1.556900934481883492e-01    3.853932318321195938e-06    1.000000000000000036e-10
1.564899494332139818e-01    3.186233920961932433e-06    1.000000000000000036e-10
1.572939146687551415e-01    2.409953076581678110e-06    1.000000000000000036e-10
1.581020102660371240e-01    1.758580143415733145e-06    1.000000000000000036e-10
1.589142574447437450e-01    1.779817178211024646e-06    1.000000000000000036e-10
1.597306775335746998e-01    1.196731847213047765e-06    1.000000000000000036e-10
1.605512919708056985e-01    1.248795799339838214e-06    1.000000000000000036e-10
1.613761223048511273e-01    1.604310812233272534e-06    1.000000000000000036e-10
1.622051901948303176e-01    1.993960990150908700e-06    1.000000000000000036e-10
1.630385174111359248e-01    2.173916866484294093e-06    1.000000000000000036e-10
1.638761258360058592e-01    2.643580377876234676e-06    1.000000000000000036e-10
1.647180374640977440e-01    2.301078814682539885e-06    1.000000000000000036e-10
1.655642744030662861e-01    2.815460178409386849e-06    1.000000000000000036e-10
1.664148588741442558e-01    1.573040305934103915e-06    1.000000000000000036e-10
1.672698132127256043e-01    2.033597089919764517e-06    1.000000000000000036e-10
1.681291598689521882e-01    1.499240964832775397e-06    1.000000000000000036e-10
1.689929214083032150e-01    6.759186055014822587e-07    1.000000000000000036e-10
1.698611205121875189e-01    6.793852524626969150e-07    1.000000000000000036e-10
1.707337799785397237e-01    1.107993152876959213e-06    1.000000000000000036e-10
1.716109227224183742e-01    9.892703263407055911e-07    1.000000000000000036e-10
1.724925717766079558e-01    1.383656369357628746e-06    1.000000000000000036e-10
1.733787502922236323e-01    1.389816201211612147e-06    1.000000000000000036e-10
1.742694815393189267e-01    9.669893367209240140e-07    1.000000000000000036e-10
1.751647889074971765e-01    8.469427548484048992e-07    1.000000000000000036e-10
1.760646959065254868e-01    9.862993173948280449e-07    1.000000000000000036e-10
1.769692261669521260e-01    4.522182045244979470e-07    1.000000000000000036e-10
1.778784034407269732e-01    3.513721666282502378e-07    1.000000000000000036e-10
1.787922516018254082e-01    1.650729954880718393e-07    1.000000000000000036e-10
1.797107946468747275e-01    8.106680537974350096e-07    1.000000000000000036e-10
1.806340566957849725e-01    4.949245273323357570e-07    1.000000000000000036e-10
1.815620619923817569e-01    7.145709852276197743e-07    1.000000000000000036e-10
1.824948349050431184e-01    6.582824254752760079e-07    1.000000000000000036e-10
1.834323999273393957e-01    4.066519645776501946e-07    1.000000000000000036e-10
1.843747816786761307e-01    5.300076324917053312e-07    1.000000000000000036e-10
1.853220049049409679e-01    7.115195360065521363e-07    1.000000000000000036e-10
1.862740944791532183e-01    8.761009637909041660e-07    1.000000000000000036e-10
1.872310754021170032e-01    1.135828998356417798e-07    1.000000000000000036e-10
1.881929728030778681e-01    8.497114523775462250e-07    1.000000000000000036e-10
1.891598119403822831e-01    4.375771192742168677e-07    1.000000000000000036e-10
1.901316182021414725e-01    8.166346694749692223e-08    1.000000000000000036e-10
1.911084171068976323e-01    3.690700784813781153e-07    1.000000000000000036e-10
1.920902343042941995e-01    2.543251405641850096e-07    1.000000000000000036e-10
1.930770955757494522e-01    6.290693820450334223e-08    1.000000000000000036e-10
1.940690268351330516e-01    5.603713111626809085e-07    1.000000000000000036e-10
1.950660541294471917e-01    1.451051694555632720e-06    1.000000000000000036e-10
1.960682036395101357e-01    6.770215526840114793e-07    1.000000000000000036e-10
1.970755016806437498e-01    6.029624202593431031e-07    1.000000000000000036e-10
1.980879747033646998e-01    6.381453325505518159e-07    1.000000000000000036e-10
1.991056492940784794e-01    5.461547315902010825e-07    1.000000000000000036e-10
2.001285521757782959e-01    5.131279618496224377e-07    1.000000000000000036e-10
2.011567102087462866e-01    5.024427293728328189e-07    1.000000000000000036e-10
2.021901503912589826e-01    9.256352478465585418e-07    1.000000000000000036e-10
2.032288998602963248e-01    2.662200819947068288e-07    1.000000000000000036e-10
2.042729858922538722e-01    7.373304839483901313e-07    1.000000000000000036e-10
2.053224359036595892e-01    3.806187647002771762e-07    1.000000000000000036e-10
2.063772774518934650e-01    3.196515456520878113e-07    1.000000000000000036e-10
2.074375382359112396e-01    6.856573009660797880e-07    1.000000000000000036e-10
2.085032460969717116e-01    7.695315972380818558e-07    1.000000000000000036e-10
2.095744290193675974e-01    1.643617444605733949e-07    1.000000000000000036e-10
2.106511151311608043e-01    5.378410975994991749e-07    1.000000000000000036e-10
2.117333327049207847e-01    4.463750654973804426e-07    1.000000000000000036e-10
2.128211101584669696e-01    5.920152687706376862e-07    1.000000000000000036e-10
2.139144760556150604e-01    5.782690752143477048e-07    1.000000000000000036e-10
2.150134591069267076e-01    6.819242516467473179e-07    1.000000000000000036e-10
2.161180881704641010e-01    4.408828686625767419e-07    1.000000000000000036e-10
2.172283922525472255e-01    5.430974001370318564e-07    1.000000000000000036e-10
2.183444005085156681e-01    2.653427919725192160e-07    1.000000000000000036e-10
2.194661422434943665e-01    8.044531772879604613e-07    1.000000000000000036e-10
2.205936469131626887e-01    1.906271743056998917e-06    1.000000000000000036e-10
2.217269441245284245e-01    6.395361107174358397e-07    1.000000000000000036e-10
2.228660636367050252e-01    5.377640764623193522e-07    1.000000000000000036e-10
2.240110353616929506e-01    8.051729623982310586e-08    1.000000000000000036e-10
2.251618893651653464e-01    5.640626951562847970e-07    1.000000000000000036e-10
2.263186558672570237e-01    4.625253052177024646e-07    1.000000000000000036e-10
2.274813652433587408e-01    1.140569990131803321e-06    1.000000000000000036e-10
2.286500480249143430e-01    1.151150476578095130e-07    1.000000000000000036e-10
2.298247349002226492e-01    6.764180953263754427e-07    1.000000000000000036e-10
2.310054567152432237e-01    7.953706148034600487e-07    1.000000000000000036e-10
2.321922444744062008e-01    1.137963764724765014e-06    1.000000000000000036e-10
2.333851293414268002e-01    8.202408298865141929e-07    1.000000000000000036e-10
2.345841426401234497e-01    -7.388240975574812789e-08    1.000000000000000036e-10
2.357893158552402668e-01    2.768601934489526258e-07    1.000000000000000036e-10
2.370006806332739524e-01    7.289267244160474208e-07    1.000000000000000036e-10
2.382182687833044321e-01    8.304613049848388071e-07    1.000000000000000036e-10
2.394421122778306876e-01    3.784159555368182616e-07    1.000000000000000036e-10
2.406722432536099465e-01    1.879131864838535835e-06    1.000000000000000036e-10
2.419086940125015905e-01    8.917134356140559018e-07    1.000000000000000036e-10
2.431514970223155880e-01    6.402936401523454868e-07    1.000000000000000036e-10
2.444006849176645346e-01    2.904379997581132213e-07    1.000000000000000036e-10
2.456562905008212450e-01    1.139596078644848116e-06    1.000000000000000036e-10
2.469183467425797862e-01    7.205304616220961338e-08    1.000000000000000036e-10
2.481868867831212300e-01    5.376367593645216724e-07    1.000000000000000036e-10
2.494619439328840671e-01    7.165505057322706498e-07    1.000000000000000036e-10
2.507435516734383696e-01    1.229115585013855668e-06    1.000000000000000036e-10
2.520317436583658366e-01    1.826567973410352082e-06    1.000000000000000036e-10
2.533265537141428103e-01    6.320955468998956301e-08    1.000000000000000036e-10
2.546280158410287320e-01    1.294296025142662076e-07    1.000000000000000036e-10
2.559361642139592607e-01    2.925375091213662831e-07    1.000000000000000036e-10
2.572510331834428343e-01    1.615207132462258749e-06    1.000000000000000036e-10
2.585726572764636133e-01    1.383014992777738344e-06    1.000000000000000036e-10
2.599010711973876453e-01    4.159178476784449688e-07    1.000000000000000036e-10
2.612363098288742469e-01    3.330579448637373756e-08    1.000000000000000036e-10
2.625784082327919378e-01    3.482001781318656839e-08    1.000000000000000036e-10
2.639274016511393706e-01    1.090418507362545431e-06    1.000000000000000036e-10
2.652833255069700358e-01    -2.603162035608754474e-08    1.000000000000000036e-10
2.666462154053234057e-01    9.560922547916834776e-07    1.000000000000000036e-10
2.680161071341592982e-01    -1.240421860795918013e-06    1.000000000000000036e-10
2.693930366652976804e-01    6.796569172922058519e-07    1.000000000000000036e-10
2.707770401553635242e-01    3.305627538099281900e-07    1.000000000000000036e-10
2.721681539467355471e-01    5.628066386178383011e-07    1.000000000000000036e-10
2.735664145685013926e-01    9.150795076304805278e-07    1.000000000000000036e-10
2.749718587374164191e-01    -1.199003328159787768e-06    1.000000000000000036e-10
2.763845233588678729e-01    1.983724810932084541e-06    1.000000000000000036e-10
2.778044455278440017e-01    3.654633091720002985e-06    1.000000000000000036e-10
2.792316625299077204e-01    4.490242033283636310e-07    1.000000000000000036e-10
2.806662118421766605e-01    -1.264888844767387480e-07    1.000000000000000036e-10
2.821081311343063280e-01    6.094541760295620345e-07    1.000000000000000036e-10
2.835574582694797563e-01    2.908719554391278809e-07    1.000000000000000036e-10
2.850142313054017662e-01    8.587195570545285238e-07    1.000000000000000036e-10
2.864784884952976673e-01    6.788853978589868500e-07    1.000000000000000036e-10
2.879502682889188425e-01    -7.070773524223706712e-06    1.000000000000000036e-10
2.894296093335515518e-01    3.776923734335880870e-06    1.000000000000000036e-10
2.909165504750320097e-01    4.377848621119262997e-06    1.000000000000000036e-10
2.924111307587666242e-01    4.783668426945833161e-08    1.000000000000000036e-10
2.939133894307566774e-01    -2.430953529524370552e-06    1.000000000000000036e-10
2.954233659386298338e-01    5.212661337115503019e-06    1.000000000000000036e-10
2.969410999326751455e-01    5.154579217560180213e-06    1.000000000000000036e-10
2.984666312668846633e-01    7.232286675659948602e-07    1.000000000000000036e-10
2.999999999999999334e-01    -1.502488782997076342e-06    1.000000000000000036e-10
