4.999999999999999237e-03    9.997371128169496579e-01    1.000000000000000036e-10
5.041194267029587388e-03    1.000123042946382546e+00    1.000000000000000036e-10
5.082727927586390936e-03    9.996920876357572316e-01    1.000000000000000036e-10
5.124603777883937963e-03    9.999841878666919648e-01    1.000000000000000036e-10
5.166824637173335344e-03    9.998947600553554915e-01    1.000000000000000036e-10
5.209393347933089988e-03    1.000262212945559170e+00    1.000000000000000036e-10
5.252312776060467057e-03    1.000240212552201857e+00    1.000000000000000036e-10
5.295585811064457138e-03    9.999746523796456676e-01    1.000000000000000036e-10
5.339215366260274299e-03    1.000095476305705944e+00    1.000000000000000036e-10
5.383204378965509955e-03    9.998244357451342434e-01    1.000000000000000036e-10
5.427555810697900010e-03    9.998484990388856186e-01    1.000000000000000036e-10
5.472272647374675815e-03    9.997322845398333158e-01    1.000000000000000036e-10
5.517357899513603003e-03    1.000335071261069020e+00    1.000000000000000036e-10
5.562814602435676124e-03    9.998315523775874736e-01    1.000000000000000036e-10
5.608645816469441311e-03    9.998226020950590209e-01    1.000000000000000036e-10
5.654854627157045871e-03    9.999308844983013644e-01    1.000000000000000036e-10
5.701444145461961877e-03    1.000035483052415408e+00    1.000000000000000036e-10
5.748417507978449692e-03    9.998258415835015178e-01    1.000000000000000036e-10
5.795777877142694635e-03    9.997875636314135228e-01    1.000000000000000036e-10
5.843528441445726938e-03    9.999026205716141646e-01    1.000000000000000036e-10
5.891672415648108521e-03    9.997989514089457019e-01    1.000000000000000036e-10
5.940213040996321532e-03    9.997202829001670121e-01    1.000000000000000036e-10
5.989153585441003499e-03    1.000137260539435857e+00    1.000000000000000036e-10
6.038497343856977922e-03    9.999714472665103271e-01    1.000000000000000036e-10
6.088247638265037801e-03    1.000045023684111412e+00    1.000000000000000036e-10
6.138407818055626949e-03    9.999850916123570466e-01    1.000000000000000036e-10
6.188981260214319359e-03    9.997392302411163278e-01    1.000000000000000036e-10
6.239971369549196338e-03    1.000008012229476773e+00    1.000000000000000036e-10
6.291381578920034710e-03    9.996590071009922029e-01    1.000000000000000036e-10
6.343215349469440503e-03    1.000077704758207675e+00    1.000000000000000036e-10
6.395476170855885628e-03    1.000002722716528014e+00    1.000000000000000036e-10
6.448167561488605919e-03    9.999981280536623940e-01    1.000000000000000036e-10
6.501293068764496703e-03    1.000071402567106471e+00    1.000000000000000036e-10
6.554856269306955606e-03    1.000001038248580665e+00    1.000000000000000036e-10
6.608860769206635274e-03    9.997596592025433937e-01    1.000000000000000036e-10
6.663310204264248290e-03    9.999828645477122357e-01    1.000000000000000036e-10
6.718208240235328844e-03    9.999900391273569555e-01    1.000000000000000036e-10
6.773558573077055264e-03    1.000123823126050082e+00    1.000000000000000036e-10
6.829364929197033647e-03    9.999996127144736846e-01    1.000000000000000036e-10
6.885631065704195253e-03    9.994923446035860470e-01    1.000000000000000036e-10
6.942360770661764290e-03    9.999225815184855648e-01    1.000000000000000036e-10
6.999557863342239714e-03    9.998825365139835109e-01    1.000000000000000036e-10
7.057226194484553239e-03    9.997484459529881740e-01    1.000000000000000036e-10
7.115369646553306414e-03    9.999705634164484103e-01    1.000000000000000036e-10
7.173992134000174367e-03    1.000137224933341340e+00    1.000000000000000036e-10
7.233097603527407701e-03    1.000010727412998568e+00    1.000000000000000036e-10
7.292690034353555700e-03    1.000131129198490676e+00    1.000000000000000036e-10
7.352773438481390901e-03    9.998360851663029569e-01    1.000000000000000036e-10
7.413351860967963038e-03    9.998188223756938608e-01    1.000000000000000036e-10
7.474429380196956699e-03    1.000018874321326301e+00    1.000000000000000036e-10
7.536010108153282441e-03    1.000052702420060280e+00    1.000000000000000036e-10
7.598098190699871003e-03    9.998669011247222072e-01    1.000000000000000036e-10
7.660697807856806790e-03    9.999641841224662375e-01    1.000000000000000036e-10
7.723813174082772882e-03    1.000134544534538872e+00    1.000000000000000036e-10
7.787448538558735568e-03    1.000152535181196178e+00    1.000000000000000036e-10
7.851608185474048818e-03    9.999461259250504996e-01    1.000000000000000036e-10
7.916296434314863337e-03    9.999969437897857638e-01    1.000000000000000036e-10
7.981517640154971172e-03    9.999871411677641042e-01    1.000000000000000036e-10
8.047276193948953160e-03    1.000292081672932376e+00    1.000000000000000036e-10
8.113576522827820048e-03    1.000048878463847490e+00    1.000000000000000036e-10
8.180423090397093491e-03    1.000326150033759465e+00    1.000000000000000036e-10
8.247820397037258430e-03    1.000052012168541227e+00    1.000000000000000036e-10
8.315772980206784584e-03    9.997903626270219224e-01    1.000000000000000036e-10
8.384285414747590440e-03    1.000225957125994825e+00    1.000000000000000036e-10
8.453362313193067690e-03    9.998651513018848025e-01    1.000000000000000036e-10
8.523008326078574184e-03    9.997908998445339535e-01    1.000000000000000036e-10
8.593228142254541110e-03    9.998727173929645717e-01    1.000000000000000036e-10
8.664026489202182255e-03    1.000059824610548320e+00    1.000000000000000036e-10
8.735408133351704740e-03    1.000064176436680441e+00    1.000000000000000036e-10
8.807377880403241543e-03    9.999793590153576162e-01    1.000000000000000036e-10
8.879940575650403442e-03    9.999614853527124536e-01    1.000000000000000036e-10
8.953101104306446928e-03    9.996924139030902712e-01    1.000000000000000036e-10
9.026864391833177778e-03    9.999798512992461585e-01    1.000000000000000036e-10
9.101235404272588550e-03    1.000298281586007088e+00    1.000000000000000036e-10
9.176219148581136326e-03    9.998903102503940987e-01    1.000000000000000036e-10
9.251820672966870607e-03    9.999469646146522672e-01    1.000000000000000036e-10
9.328045067229272583e-03    1.000053351907487675e+00    1.000000000000000036e-10
9.404897463101967101e-03    1.000112754142028493e+00    1.000000000000000036e-10
9.482383034598149477e-03    1.000179963512263903e+00    1.000000000000000036e-10
9.560506998358954400e-03    1.000097256015162195e+00    1.000000000000000036e-10
9.639274614004681926e-03    9.998554060262857535e-01    1.000000000000000036e-10
9.718691184488849333e-03    1.000124514307527246e+00    1.000000000000000036e-10
9.798762056455237110e-03    1.000013784860625421e+00    1.000000000000000036e-10
9.879492620597828470e-03    9.999388547331533594e-01    1.000000000000000036e-10
9.960888312023777683e-03    1.000153628184638377e+00    1.000000000000000036e-10
1.004295461061925458e-02    9.989567775686057916e-01    1.000000000000000036e-10
1.012569704141843066e-02    9.980098246954290930e-01    1.000000000000000036e-10
1.020912117497540551e-02    9.949593034266044356e-01    1.000000000000000036e-10
1.029323262773927661e-02    9.908412941980286881e-01    1.000000000000000036e-10
1.037803706243222227e-02    9.867291203476987738e-01    1.000000000000000036e-10
1.046354018843077480e-02    9.829462369326354976e-01    1.000000000000000036e-10
1.054974776215018319e-02    9.787762899517437054e-01    1.000000000000000036e-10
1.063666558743193991e-02    9.733637329665204563e-01    1.000000000000000036e-10
1.072429951593455513e-02    9.679872865624651324e-01    1.000000000000000036e-10
1.081265544752749164e-02    9.607395308867083816e-01    1.000000000000000036e-10
1.090173933068836788e-02    9.530869190059727547e-01    1.000000000000000036e-10
1.099155716290342935e-02    9.439114797259272605e-01    1.000000000000000036e-10
1.108211499107134707e-02    9.330776155831810303e-01    1.000000000000000036e-10
1.117341891191030515e-02    9.201127906428261394e-01    1.000000000000000036e-10
1.126547507236843639e-02    9.043435503610247617e-01    1.000000000000000036e-10
1.135828967003769258e-02    8.852291975798983747e-01    1.000000000000000036e-10
1.145186895357108020e-02    8.625763935730872412e-01    1.000000000000000036e-10
1.154621922310332567e-02    8.354326776981401137e-01    1.000000000000000036e-10
1.164134683067506032e-02    8.033372111634055068e-01    1.000000000000000036e-10
1.173725818066042974e-02    7.646003924220369230e-01    1.000000000000000036e-10
1.183395973019829746e-02    7.187290939847529314e-01    1.000000000000000036e-10
1.193145798962692676e-02    6.651780637790466466e-01    1.000000000000000036e-10
1.202975952292232101e-02    6.031260132943430108e-01    1.000000000000000036e-10
1.212887094814011843e-02    5.335857209191987582e-01    1.000000000000000036e-10
1.222879893786113156e-02    4.572941575404746994e-01    1.000000000000000036e-10
1.232955021964060420e-02    3.769468476435593463e-01    1.000000000000000036e-10
1.243113157646112167e-02    2.959546679862705143e-01    1.000000000000000036e-10
1.253354984718925078e-02    2.191943138204857089e-01    1.000000000000000036e-10
1.263681192703600305e-02    1.514462604229274145e-01    1.000000000000000036e-10
1.274092476802099645e-02    9.661351173091033140e-02    1.000000000000000036e-10
1.284589537944054623e-02    5.708156987003946969e-02    1.000000000000000036e-10
1.295173082833950447e-02    3.358591666137766135e-02    1.000000000000000036e-10
1.305843823998708957e-02    2.477189588769150921e-02    1.000000000000000036e-10
1.316602479835657195e-02    2.816558488354008183e-02    1.000000000000000036e-10
1.327449774660889939e-02    4.068153999683220279e-02    1.000000000000000036e-10
1.338386438758038671e-02    5.921600949638884670e-02    1.000000000000000036e-10
1.349413208427434167e-02    8.110360354130929927e-02    1.000000000000000036e-10
1.360530826035676044e-02    1.042415490119936589e-01    1.000000000000000036e-10
1.371740040065615868e-02    1.271316603325957362e-01    1.000000000000000036e-10
1.383041605166743238e-02    1.485820134707220019e-01    1.000000000000000036e-10
1.394436282205997052e-02    1.679973071427784126e-01    1.000000000000000036e-10
1.405924838318984259e-02    1.850327906632539543e-01    1.000000000000000036e-10
1.417508046961631941e-02    1.994565603978158685e-01    1.000000000000000036e-10
1.429186687962257299e-02    2.110846669980288026e-01    1.000000000000000036e-10
1.440961547574066449e-02    2.202039166703403661e-01    1.000000000000000036e-10
1.452833418528092640e-02    2.266261067935242124e-01    1.000000000000000036e-10
1.464803100086563628e-02    2.306590684479126185e-01    1.000000000000000036e-10
1.476871398096709677e-02    2.323617413794440700e-01    1.000000000000000036e-10
1.489039125045021027e-02    2.316601415598866509e-01    1.000000000000000036e-10
1.501307100111941815e-02    2.291133261476139826e-01    1.000000000000000036e-10
1.513676149227027347e-02    2.244737730684729093e-01    1.000000000000000036e-10
1.526147105124541804e-02    2.180993197079489909e-01    1.000000000000000036e-10
1.538720807399527636e-02    2.100021174081290187e-01    1.000000000000000036e-10
1.551398102564327530e-02    2.004198475437510285e-01    1.000000000000000036e-10
1.564179844105572856e-02    1.896199751449249293e-01    1.000000000000000036e-10
1.577066892541648807e-02    1.775709093507944758e-01    1.000000000000000036e-10
1.590060115480625494e-02    1.647585188804245870e-01    1.000000000000000036e-10
1.603160387678666601e-02    1.510521105655563412e-01    1.000000000000000036e-10
1.616368591098924293e-02    1.369243764699063781e-01    1.000000000000000036e-10
1.629685614970917060e-02    1.225752629435718499e-01    1.000000000000000036e-10
1.643112355850395029e-02    1.082297097447968703e-01    1.000000000000000036e-10
1.656649717679697237e-02    9.408942036822004473e-02    1.000000000000000036e-10
1.670298611848614403e-02    8.052436103324440986e-02    1.000000000000000036e-10
1.684059957255742632e-02    6.767231590838562738e-02    1.000000000000000036e-10
1.697934680370347463e-02    5.581368090579203606e-02    1.000000000000000036e-10
1.711923715294741410e-02    4.513550937129164053e-02    1.000000000000000036e-10
1.726028003827168728e-02    3.579668586325945867e-02    1.000000000000000036e-10
1.740248495525209202e-02    2.791570530493745622e-02    1.000000000000000036e-10
1.754586147769708962e-02    2.160615480653775219e-02    1.000000000000000036e-10
1.769041925829236556e-02    1.686406743452761176e-02    1.000000000000000036e-10
1.783616802925065692e-02    1.369956424857861343e-02    1.000000000000000036e-10
1.798311760296695747e-02    1.203051719082285156e-02    1.000000000000000036e-10
1.813127787267916624e-02    1.176425874769512769e-02    1.000000000000000036e-10
1.828065881313412772e-02    1.275985143483119970e-02    1.000000000000000036e-10
1.843127048125913631e-02    1.486632647837188639e-02    1.000000000000000036e-10
1.858312301683902670e-02    1.788848627112568299e-02    1.000000000000000036e-10
1.873622664319889511e-02    2.163847325713203970e-02    1.000000000000000036e-10
1.889059166789225711e-02    2.590665259978582741e-02    1.000000000000000036e-10
1.904622848339505847e-02    3.052692459187846680e-02    1.000000000000000036e-10
1.920314756780535509e-02    3.528901469354442377e-02    1.000000000000000036e-10
1.936135948554870354e-02    4.002484378790935327e-02    1.000000000000000036e-10
1.952087488808940119e-02    4.459346916955241741e-02    1.000000000000000036e-10
1.968170451464761744e-02    4.886984210661093203e-02    1.000000000000000036e-10
1.984385919292238482e-02    5.269614420124806714e-02    1.000000000000000036e-10
2.000734983982054363e-02    5.596108305396612498e-02    1.000000000000000036e-10
2.017218746219170966e-02    5.868633908037247660e-02    1.000000000000000036e-10
2.033838315756939658e-02    6.070804709665340859e-02    1.000000000000000036e-10
2.050594811491799480e-02    6.206354158900392881e-02    1.000000000000000036e-10
2.067489361538614456e-02    6.266322466314974693e-02    1.000000000000000036e-10
2.084523103306623951e-02    6.256373967290204674e-02    1.000000000000000036e-10
2.101697183576015787e-02    6.175830338743156650e-02    1.000000000000000036e-10
2.119012758575127345e-02    6.026309844015580869e-02    1.000000000000000036e-10
2.136470994058295783e-02    5.814842162793279479e-02    1.000000000000000036e-10
2.154073065384336932e-02    5.542665806142434842e-02    1.000000000000000036e-10
2.171820157595674011e-02    5.222399198809742765e-02    1.000000000000000036e-10
2.189713465498120334e-02    4.859961639279326145e-02    1.000000000000000036e-10
2.207754193741321910e-02    4.463240384593992333e-02    1.000000000000000036e-10
2.225943556899856457e-02    4.044787783426473382e-02    1.000000000000000036e-10
2.244282779554999940e-02    3.612062255174362108e-02    1.000000000000000036e-10
2.262773096377177634e-02    3.175307134456886032e-02    1.000000000000000036e-10
2.281415752209083395e-02    2.748184899714801316e-02    1.000000000000000036e-10
2.300212002149483806e-02    2.337720236367350421e-02    1.000000000000000036e-10
2.319163111637724539e-02    1.954848071845577753e-02    1.000000000000000036e-10
2.338270356538919501e-02    1.608311172304527359e-02    1.000000000000000036e-10
2.357535023229846011e-02    1.304742246781583070e-02    1.000000000000000036e-10
2.376958408685551916e-02    1.048861922522179371e-02    1.000000000000000036e-10
2.396541820566674280e-02    8.466312264523035563e-03    1.000000000000000036e-10
2.416286577307473829e-02    6.989896931842035609e-03    1.000000000000000036e-10
2.436194008204595196e-02    6.064690920398901376e-03    1.000000000000000036e-10
2.456265453506566165e-02    5.671476064494166899e-03    1.000000000000000036e-10
2.476502264504026538e-02    5.784754951556518067e-03    1.000000000000000036e-10
2.496905803620696682e-02    6.347517527247241963e-03    1.000000000000000036e-10
2.517477444505111100e-02    7.298210231938604027e-03    1.000000000000000036e-10
2.538218572123092723e-02    8.566895890495735896e-03    1.000000000000000036e-10
2.559130582850992208e-02    1.007137443636130052e-02    1.000000000000000036e-10
2.580214884569700592e-02    1.171979836490823906e-02    1.000000000000000036e-10
2.601472896759435618e-02    1.343347474698199095e-02    1.000000000000000036e-10
2.622906050595304184e-02    1.512583346016878674e-02    1.000000000000000036e-10
2.644515789043651657e-02    1.671850589705192042e-02    1.000000000000000036e-10
2.666303566959215415e-02    1.815786499784977776e-02    1.000000000000000036e-10
2.688270851183067675e-02    1.935678717986993175e-02    1.000000000000000036e-10
2.710419120641366017e-02    2.026998015738909129e-02    1.000000000000000036e-10
2.732749866444923389e-02    2.088217016527722791e-02    1.000000000000000036e-10
2.755264591989604189e-02    2.114751337242618337e-02    1.000000000000000036e-10
2.777964813057521784e-02    2.106505455687188166e-02    1.000000000000000036e-10
2.800852057919098193e-02    2.064576843772525719e-02    1.000000000000000036e-10
2.823927867435955044e-02    1.988879740907589788e-02    1.000000000000000036e-10
2.847193795164645186e-02    1.884696500206820696e-02    1.000000000000000036e-10
2.870651407461243323e-02    1.754242718820950980e-02    1.000000000000000036e-10
2.894302283586805760e-02    1.603299189634078276e-02    1.000000000000000036e-10
2.918148015813689863e-02    1.437604071652475932e-02    1.000000000000000036e-10
2.942190209532748180e-02    1.263850589370639488e-02    1.000000000000000036e-10
2.966430483361411422e-02    1.087096793337995540e-02    1.000000000000000036e-10
2.990870469252671082e-02    9.150487045460812749e-03    1.000000000000000036e-10
3.015511812604931841e-02    7.533040781999291238e-03    1.000000000000000036e-10
3.040356172372795165e-02    6.075834095447939925e-03    1.000000000000000036e-10
3.065405221178749487e-02    4.821530555428880059e-03    1.000000000000000036e-10
3.090660645425775607e-02    3.807876877193818854e-03    1.000000000000000036e-10
3.116124145410875679e-02    3.057669390467874886e-03    1.000000000000000036e-10
3.141797435439554198e-02    2.583010047026121445e-03    1.000000000000000036e-10
3.167682243941228465e-02    2.379869867780578466e-03    1.000000000000000036e-10
3.193780313585588282e-02    2.430949681954216578e-03    1.000000000000000036e-10
3.220093401399923977e-02    2.709128213388842504e-03    1.000000000000000036e-10
3.246623278887418584e-02    3.173696771677658995e-03    1.000000000000000036e-10
3.273371732146411472e-02    3.780513800971765145e-03    1.000000000000000036e-10
3.300340561990638272e-02    4.476601735696248904e-03    1.000000000000000036e-10
3.327531584070481108e-02    5.214241724504718907e-03    1.000000000000000036e-10
3.354946628995198604e-02    5.930114617175106378e-03    1.000000000000000036e-10
3.382587542456165497e-02    6.584224028219298058e-03    1.000000000000000036e-10
3.410456185351143366e-02    7.125738313927476413e-03    1.000000000000000036e-10
3.438554433909556118e-02    7.524075157619790344e-03    1.000000000000000036e-10
3.466884179818804923e-02    7.753332687663765273e-03    1.000000000000000036e-10
3.495447330351624665e-02    7.797004326004227694e-03    1.000000000000000036e-10
3.524245808494495813e-02    7.650299391097796671e-03    1.000000000000000036e-10
3.553281553077101279e-02    7.324378814038812364e-03    1.000000000000000036e-10
3.582556518902852566e-02    6.841455021029466121e-03    1.000000000000000036e-10
3.612072676880506011e-02    6.219205772714564429e-03    1.000000000000000036e-10
3.641832014156844849e-02    5.502093638715479379e-03    1.000000000000000036e-10
3.671836534250458306e-02    4.724874506583336478e-03    1.000000000000000036e-10
3.702088257186638559e-02    3.930859362607476253e-03    1.000000000000000036e-10
3.732589219633367789e-02    3.163189165532432658e-03    1.000000000000000036e-10
3.763341475038435580e-02    2.461237659226601926e-03    1.000000000000000036e-10
3.794347093767685281e-02    1.858526239737748852e-03    1.000000000000000036e-10
3.825608163244404586e-02    1.380880632147276927e-03    1.000000000000000036e-10
3.857126788089856179e-02    1.045608928885944245e-03    1.000000000000000036e-10
3.888905090264964393e-02    8.577875821271905730e-04    1.000000000000000036e-10
3.920945209213182181e-02    8.145791018084523561e-04    1.000000000000000036e-10
3.953249302004524512e-02    9.010736803121761245e-04    1.000000000000000036e-10
3.985819543480785543e-02    1.095256332246389219e-03    1.000000000000000036e-10
4.018658126401961073e-02    1.368216861035248966e-03    1.000000000000000036e-10
4.051767261593886005e-02    1.686452029902787671e-03    1.000000000000000036e-10
4.085149178097054190e-02    2.015404631703982246e-03    1.000000000000000036e-10
4.118806123316698375e-02    2.319794763071777663e-03    1.000000000000000036e-10
4.152740363174097643e-02    2.572265200264812340e-03    1.000000000000000036e-10
4.186954182259126217e-02    2.746908769254086807e-03    1.000000000000000036e-10
4.221449883984050577e-02    2.828871370050449648e-03    1.000000000000000036e-10
4.256229790738620677e-02    2.810804560853935423e-03    1.000000000000000036e-10
4.291296244046415020e-02    2.692201205719933679e-03    1.000000000000000036e-10
4.326651604722478450e-02    2.483710850074690845e-03    1.000000000000000036e-10
4.362298253032260292e-02    2.204293879673567894e-03    1.000000000000000036e-10
4.398238588851883374e-02    1.873019942977419312e-03    1.000000000000000036e-10
4.434475031829683556e-02    1.519089255428899546e-03    1.000000000000000036e-10
4.471010021549128022e-02    1.168512196903110593e-03    1.000000000000000036e-10
4.507846017693056817e-02    8.471654470713972478e-04    1.000000000000000036e-10
4.544985500209279550e-02    5.765916384984087631e-04    1.000000000000000036e-10
4.582430969477522403e-02    3.726346752053061057e-04    1.000000000000000036e-10
4.620184946477781662e-02    2.446772506163033198e-04    1.000000000000000036e-10
4.658249972960039342e-02    1.934801203067146747e-04    1.000000000000000036e-10
4.696628611615376314e-02    2.127843812291276265e-04    1.000000000000000036e-10
4.735323446248511370e-02    2.909955945305064246e-04    1.000000000000000036e-10
4.774337081951755130e-02    4.094233256284015351e-04    1.000000000000000036e-10
4.813672145280391279e-02    5.480008193851279834e-04    1.000000000000000036e-10
4.853331284429503178e-02    6.864183140655783942e-04    1.000000000000000036e-10
4.893317169412268741e-02    8.051051515053251825e-04    1.000000000000000036e-10
4.933632492239715950e-02    8.892737657532531195e-04    1.000000000000000036e-10
4.974279967101948030e-02    9.269472206965963202e-04    1.000000000000000036e-10
5.015262330550893100e-02    9.149648434794409053e-04    1.000000000000000036e-10
5.056582341684520004e-02    8.552269509145925654e-04    1.000000000000000036e-10
5.098242782332607775e-02    7.562105646785389525e-04    1.000000000000000036e-10
5.140246457244023598e-02    6.280650373562947321e-04    1.000000000000000036e-10
5.182596194275541218e-02    4.858199457238259302e-04    1.000000000000000036e-10
5.225294844582243498e-02    3.446592544048027065e-04    1.000000000000000036e-10
5.268345282809450830e-02    2.188014717795735726e-04    1.000000000000000036e-10
5.311750407286272568e-02    1.197685105628742280e-04    1.000000000000000036e-10
5.355513140220727331e-02    5.420984516341789070e-05    1.000000000000000036e-10
5.399636427896468277e-02    2.406595661223030085e-05    1.000000000000000036e-10
5.444123240871159147e-02    2.668500743350836086e-05    1.000000000000000036e-10
5.488976574176442774e-02    5.596559985797839058e-05    1.000000000000000036e-10
5.534199447519595055e-02    1.006511617604881651e-04    1.000000000000000036e-10
5.579794905486819279e-02    1.518000758660401788e-04    1.000000000000000036e-10
5.625766017748207865e-02    1.980396074134282633e-04    1.000000000000000036e-10
5.672115879264428423e-02    2.323898647339047894e-04    1.000000000000000036e-10
5.718847610495061962e-02    2.475096889214306768e-04    1.000000000000000036e-10
5.765964357608709817e-02    2.437391402370487313e-04    1.000000000000000036e-10
5.813469292694793678e-02    2.217795029246057343e-04    1.000000000000000036e-10
5.861365613977106287e-02    1.857501291998172558e-04    1.000000000000000036e-10
5.909656546029149610e-02    1.435391269172182536e-04    1.000000000000000036e-10
5.958345339991202166e-02    1.006506042601173324e-04    1.000000000000000036e-10
6.007435273789221708e-02    6.528732675231963261e-05    1.000000000000000036e-10
6.056929652355506205e-02    3.912265600715546699e-05    1.000000000000000036e-10
6.106831807851215155e-02    2.620841566672070259e-05    1.000000000000000036e-10
6.157145099890695694e-02    2.500982758218365043e-05    1.000000000000000036e-10
6.207872915767655847e-02    3.169539229432183781e-05    1.000000000000000036e-10
6.259018670683230701e-02    4.344086694738894981e-05    1.000000000000000036e-10
6.310585807975888084e-02    5.502311769216046563e-05    1.000000000000000036e-10
6.362577799353262564e-02    6.230015014180474708e-05    1.000000000000000036e-10
6.414998145125878903e-02    6.368197186081537794e-05    1.000000000000000036e-10
6.467850374442801753e-02    5.833872452427686688e-05    1.000000000000000036e-10
6.521138045529244198e-02    4.791941903012730103e-05    1.000000000000000036e-10
6.574864745926108089e-02    3.716055081637038284e-05    1.000000000000000036e-10
6.629034092731525551e-02    2.708544338423651758e-05    1.000000000000000036e-10
6.683649732844369751e-02    2.370703336478411247e-05    1.000000000000000036e-10
6.738715343209772390e-02    2.630112545778216798e-05    1.000000000000000036e-10
6.794234631066684016e-02    3.545317731852232006e-05    1.000000000000000036e-10
6.850211334197447988e-02    4.926378258162746363e-05    1.000000000000000036e-10
6.906649221179451958e-02    6.307971301026757828e-05    1.000000000000000036e-10
6.963552091638844366e-02    7.360843508121685350e-05    1.000000000000000036e-10
7.020923776506324265e-02    7.761803326425657128e-05    1.000000000000000036e-10
7.078768138275080835e-02    7.318659217925680305e-05    1.000000000000000036e-10
7.137089071260804829e-02    6.063280575197804961e-05    1.000000000000000036e-10
7.195890501863895505e-02    4.302732354195275055e-05    1.000000000000000036e-10
7.255176388833786683e-02    2.465992568088619719e-05    1.000000000000000036e-10
7.314950723535458554e-02    1.185483700585878793e-05    1.000000000000000036e-10
7.375217530218178275e-02    6.770738433866625883e-06    1.000000000000000036e-10
7.435980866286395763e-02    1.212273737761550703e-05    1.000000000000000036e-10
7.497244822572933509e-02    2.804704833179791205e-05    1.000000000000000036e-10
7.559013523614385721e-02    5.000489700384943073e-05    1.000000000000000036e-10
7.621291127928789266e-02    7.328844777903225770e-05    1.000000000000000036e-10
7.684081828295614980e-02    9.124406473659395667e-05    1.000000000000000036e-10
7.747389852038012725e-02    1.000668805829545095e-04    1.000000000000000036e-10
7.811219461307443435e-02    9.643989596989152992e-05    1.000000000000000036e-10
7.875574953370606535e-02    8.200072166197230113e-05    1.000000000000000036e-10
7.940460660898739087e-02    6.059059860023027750e-05    1.000000000000000036e-10
8.005880952259337990e-02    3.732645561094187915e-05    1.000000000000000036e-10
8.071840231810226141e-02    2.101710652164481586e-05    1.000000000000000036e-10
8.138342940196094388e-02    1.457128834383323934e-05    1.000000000000000036e-10
8.205393554647454069e-02    2.092464420472833081e-05    1.000000000000000036e-10
8.272996589282051449e-02    3.716610146883138024e-05    1.000000000000000036e-10
8.341156595408802388e-02    6.000387448057793109e-05    1.000000000000000036e-10
8.409878161834173638e-02    8.068807719299534700e-05    1.000000000000000036e-10
8.479165915171148205e-02    9.413973675612793588e-05    1.000000000000000036e-10
8.549024520150695639e-02    9.565602253756351090e-05    1.000000000000000036e-10
8.619458679935808332e-02    8.513692659075390568e-05    1.000000000000000036e-10
8.690473136438163493e-02    6.461207155645127273e-05    1.000000000000000036e-10
8.762072670637337246e-02    4.322910718017475160e-05    1.000000000000000036e-10
8.834262102902715186e-02    2.652843557651731973e-05    1.000000000000000036e-10
8.907046293317978647e-02    1.881970779163666171e-05    1.000000000000000036e-10
8.980430142008342942e-02    2.298582593810077413e-05    1.000000000000000036e-10
9.054418589470432377e-02    3.631519741320302688e-05    1.000000000000000036e-10
9.129016616904889192e-02    5.362669438508691709e-05    1.000000000000000036e-10
9.204229246551753896e-02    6.775390941012921940e-05    1.000000000000000036e-10
9.280061542028548993e-02    7.342375720183792482e-05    1.000000000000000036e-10
9.356518608671210435e-02    6.928936457877373943e-05    1.000000000000000036e-10
9.433605593877791851e-02    5.590147575813914842e-05    1.000000000000000036e-10
9.511327687454990132e-02    3.860646943465545050e-05    1.000000000000000036e-10
9.589690121967577030e-02    2.341202436752080375e-05    1.000000000000000036e-10
9.668698173090638226e-02    1.560143203434434704e-05    1.000000000000000036e-10
9.748357159964790575e-02    1.681619751530360161e-05    1.000000000000000036e-10
9.828672445554266501e-02    2.526102232813157275e-05    1.000000000000000036e-10
9.909649437007965467e-02    3.565025200475393027e-05    1.000000000000000036e-10
9.991293586023507201e-02    4.439844200762072820e-05    1.000000000000000036e-10
1.007361038921423396e-01    4.604581173106002412e-05    1.000000000000000036e-10
1.015660538847929367e-01    4.078824281158611439e-05    1.000000000000000036e-10
1.024028417137672620e-01    3.028156835263048587e-05    1.000000000000000036e-10
1.032465237149963189e-01    1.804402983594559229e-05    1.000000000000000036e-10
1.040971566885547650e-01    1.024826624688869463e-05    1.000000000000000036e-10
1.049547979024845479e-01    8.145012639176041133e-06    1.000000000000000036e-10
1.058195050966507650e-01    1.163726488680346099e-05    1.000000000000000036e-10
1.066913364866288183e-01    1.772220085638757014e-05    1.000000000000000036e-10
1.075703507676235154e-01    2.284458204669654577e-05    1.000000000000000036e-10
1.084566071184211028e-01    2.349350982005171144e-05    1.000000000000000036e-10
1.093501652053729123e-01    2.033854526112949517e-05    1.000000000000000036e-10
1.102510851864127867e-01    1.398504208488259533e-05    1.000000000000000036e-10
1.111594277151069787e-01    7.056736310609373634e-06    1.000000000000000036e-10
1.120752539447373713e-01    3.179390322000501278e-06    1.000000000000000036e-10
1.129986255324190447e-01    3.050330180962091404e-06    1.000000000000000036e-10
1.139296046432507620e-01    5.913966278467748859e-06    1.000000000000000036e-10
1.148682539545005932e-01    7.945728358480112422e-06    1.000000000000000036e-10
1.158146366598254290e-01    9.706769060968627031e-06    1.000000000000000036e-10
1.167688164735252859e-01    8.805118179364817692e-06    1.000000000000000036e-10
1.177308576348331526e-01    5.936319644940326771e-06    1.000000000000000036e-10
1.187008249122394332e-01    3.498222729044193090e-06    1.000000000000000036e-10
1.196787836078527928e-01    1.584294083143902476e-06    1.000000000000000036e-10
1.206647995617964320e-01    1.235830198749991717e-06    1.000000000000000036e-10
1.216589391566404305e-01    3.014583325894556872e-06    1.000000000000000036e-10
1.226612693218714356e-01    2.795438269947100325e-06    1.000000000000000036e-10
1.236718575383980445e-01    3.198485061931050436e-06    1.000000000000000036e-10
1.246907718430943640e-01    2.875227764810646464e-06    1.000000000000000036e-10
1.257180808333803190e-01    1.966678059047593807e-06    1.000000000000000036e-10
1.267538536718397779e-01    2.160356636929662205e-06    1.000000000000000036e-10
1.277981600908771886e-01    2.597363264400331958e-06    1.000000000000000036e-10
1.288510703974118377e-01    2.254176935199382058e-06    1.000000000000000036e-10
1.299126554776116882e-01    2.241657418603354672e-06    1.000000000000000036e-10
1.309829868016651466e-01    1.400392812092755975e-06    1.000000000000000036e-10
1.320621364285932131e-01    8.827711848726353814e-07    1.000000000000000036e-10
1.331501770111006844e-01    1.196597839517392504e-06    1.000000000000000036e-10
1.342471818004670470e-01    2.245655625525553680e-06    1.000000000000000036e-10
1.353532246514786708e-01    3.199113846549196720e-06    1.000000000000000036e-10
1.364683800274003600e-01    3.670812675225842696e-06    1.000000000000000036e-10
1.375927230049890926e-01    2.961885588274424478e-06    1.000000000000000036e-10
1.387263292795481995e-01    1.690874038464746050e-06    1.000000000000000036e-10
1.398692751700233994e-01    1.477053390242270610e-06    1.000000000000000036e-10
1.410216376241411607e-01    1.498242840537976333e-06    1.000000000000000036e-10
1.421834942235888077e-01    3.190747994193255262e-06    1.000000000000000036e-10
1.433549231892380094e-01    3.869519944691918661e-06    1.000000000000000036e-10
1.445360033864107052e-01    4.173168954198291210e-06    1.000000000000000036e-10
1.457268143301884700e-01    3.023038600843980188e-06    1.000000000000000036e-10
1.469274361907662863e-01    2.015832533991554552e-06    1.000000000000000036e-10
1.481379497988492278e-01    2.229304698677055755e-06    1.000000000000000036e-10
1.493584366510950501e-01    2.467491980796048562e-06    1.000000000000000036e-10
1.505889789156004410e-01    3.498262976144613493e-06    1.000000000000000036e-10
1.518296594374328179e-01    3.816267094819753887e-06    1.000000000000000036e-10
1.530805617442081989e-01    2.757492173647758016e-06    1.000000000000000036e-10
1.543417700517141777e-01    2.174265574285959103e-06    1.000000000000000036e-10
1.556133692695799986e-01    1.718956820487611497e-06    1.000000000000000036e-10
1.568954450069929840e-01    2.273404928116400748e-06    1.000000000000000036e-10
1.581880835784617301e-01    2.617412499927762647e-06    1.000000000000000036e-10
1.594913720096277077e-01    2.663440034724703546e-06    1.000000000000000036e-10
1.608053980431236041e-01    3.010633503899917987e-06    1.000000000000000036e-10
1.621302501444810418e-01    1.535044966176197439e-06    1.000000000000000036e-10
1.634660175080861755e-01    1.273496646050685470e-06    1.000000000000000036e-10
1.648127900631843612e-01    1.266510665389178506e-06    1.000000000000000036e-10
1.661706584799352016e-01    2.102474159784787201e-06    1.000000000000000036e-10
1.675397141755160801e-01    1.855277881534227455e-06    1.000000000000000036e-10
1.689200493202774045e-01    1.381364651475906745e-06    1.000000000000000036e-10
1.703117568439475316e-01    9.820710806725871525e-07    1.000000000000000036e-10
1.717149304418890132e-01    7.831303634730760457e-07    1.000000000000000036e-10
1.731296645814070778e-01    1.024724334856631186e-06    1.000000000000000036e-10
1.745560545081088766e-01    1.224535307426155989e-06    1.000000000000000036e-10
1.759941962523164372e-01    8.778937222908703565e-07    1.000000000000000036e-10
1.774441866355315756e-01    7.077487152456590550e-07    1.000000000000000036e-10
1.789061232769539045e-01    6.584376985160771364e-07    1.000000000000000036e-10
1.803801046000537422e-01    1.241758663011593119e-06    1.000000000000000036e-10
1.818662298391975629e-01    4.770297585116751330e-07    1.000000000000000036e-10
1.833645990463295128e-01    6.666302565398331124e-07    1.000000000000000036e-10
1.848753130977070780e-01    6.850386600110776638e-07    1.000000000000000036e-10
1.863984737006920966e-01    8.181741585314164228e-07    1.000000000000000036e-10
1.879341834005988920e-01    7.548072310658911509e-07    1.000000000000000036e-10
1.894825455875971676e-01    4.016033186324082071e-07    1.000000000000000036e-10
1.910436645036734660e-01    6.979829339925318787e-07    1.000000000000000036e-10
1.926176452496484170e-01    5.489017021785065605e-07    1.000000000000000036e-10
1.942045937922532162e-01    1.682407232243171201e-07    1.000000000000000036e-10
1.958046169712633622e-01    4.689205743152312097e-07    1.000000000000000036e-10
1.974178225066913206e-01    1.157658138765317270e-06    1.000000000000000036e-10
1.990443190060394163e-01    6.594719302086599242e-07    1.000000000000000036e-10
2.006842159716107632e-01    9.541751918127838159e-07    1.000000000000000036e-10
2.023376238078822553e-01    9.516650944853480149e-07    1.000000000000000036e-10
2.040046538289370937e-01    3.796265085327325881e-07    1.000000000000000036e-10
2.056854182659585695e-01    4.221459419835595687e-07    1.000000000000000036e-10
2.073800302747866309e-01    7.252937910138478164e-07    1.000000000000000036e-10
2.090886039435352339e-01    5.731099511265459372e-07    1.000000000000000036e-10
2.108112543002738648e-01    6.314079572640075316e-07    1.000000000000000036e-10
2.125480973207714286e-01    6.369601425694677080e-07    1.000000000000000036e-10
2.142992499363038650e-01    3.420064488128204487e-07    1.000000000000000036e-10
2.160648300415271561e-01    1.087582232897279470e-06    1.000000000000000036e-10
2.178449565024136725e-01    1.605912687641806729e-06    1.000000000000000036e-10
2.196397491642554378e-01    5.488861512991264039e-07    1.000000000000000036e-10
2.214493288597322584e-01    4.349845339526748704e-07    1.000000000000000036e-10
2.232738174170462997e-01    4.167402663876992853e-07    1.000000000000000036e-10
2.251133376681249409e-01    8.878486718947959135e-07    1.000000000000000036e-10
2.269680134568893282e-01    6.832738262260499179e-07    1.000000000000000036e-10
2.288379696475928426e-01    5.186706677614407005e-07    1.000000000000000036e-10
2.307233321332271825e-01    -2.309830090537881578e-08    1.000000000000000036e-10
2.326242278439975553e-01    1.189959371491833007e-06    1.000000000000000036e-10
2.345407847558690084e-01    4.980220695286850867e-07    1.000000000000000036e-10
2.364731318991813713e-01    4.433682507660716161e-07    1.000000000000000036e-10
2.384213993673368059e-01    1.477267867107711923e-06    1.000000000000000036e-10
2.403857183255580232e-01    1.407970965733261951e-06    1.000000000000000036e-10
2.423662210197183586e-01    5.774923392178941760e-07    1.000000000000000036e-10
2.443630407852460384e-01    7.701785472151164596e-07    1.000000000000000036e-10
2.463763120560998054e-01    1.681244344160932257e-07    1.000000000000000036e-10
2.484061703738204840e-01    -2.592026273603971585e-08    1.000000000000000036e-10
2.504527523966557645e-01    1.351557534225282509e-07    1.000000000000000036e-10
2.525161959087602326e-01    1.022511389257935163e-08    1.000000000000000036e-10
2.545966398294725042e-01    4.159340712709138434e-07    1.000000000000000036e-10
2.566942242226665782e-01    1.775701017875926917e-07    1.000000000000000036e-10
2.588090903061827097e-01    3.272384509461584598e-07    1.000000000000000036e-10
2.609413804613342491e-01    1.981106588005683956e-07    1.000000000000000036e-10
2.630912382424928087e-01    7.779306481593254149e-07    1.000000000000000036e-10
2.652588083867540303e-01    1.168310103809897131e-06    1.000000000000000036e-10
2.674442368236807366e-01    -1.058597240447822994e-06    1.000000000000000036e-10
2.696476706851284044e-01    -4.407304023318050721e-07    1.000000000000000036e-10
2.718692583151502973e-01    3.780011158403150674e-06    1.000000000000000036e-10
2.741091492799842544e-01    -1.894759796132448539e-06    1.000000000000000036e-10
2.763674943781228022e-01    -1.333015724028730783e-06    1.000000000000000036e-10
2.786444456504647560e-01    -7.533311735136695286e-07    1.000000000000000036e-10
2.809401563905520871e-01    -2.914582616336941716e-06    1.000000000000000036e-10
2.832547811548892791e-01    -1.623708790767533112e-08    1.000000000000000036e-10
2.855884757733495039e-01    -1.217987403415142883e-08    1.000000000000000036e-10
2.879413973596655629e-01    7.194722577148387961e-08    1.000000000000000036e-10
2.903137043220067603e-01    -7.708521660554052915e-07    1.000000000000000036e-10
2.927055563736447041e-01    3.089422208148229179e-06    1.000000000000000036e-10
2.951171145437045396e-01    -3.616474433185053747e-06    1.000000000000000036e-10
2.975485411880073316e-01    1.125784512890342823e-06    1.000000000000000036e-10
2.999999999999999334e-01    -1.517524484333460525e-06    1.000000000000000036e-10
