4.999999999999999237e-03    9.997848958573103406e-01    1.000000000000000036e-10
5.025687439942728117e-03    1.000341749188454532e+00    1.000000000000000036e-10
5.051506848799613807e-03    9.999946700187524184e-01    1.000000000000000036e-10
5.077458904559377893e-03    1.000050921054862707e+00    1.000000000000000036e-10
5.103544288693881090e-03    9.997632463829698724e-01    1.000000000000000036e-10
5.129763686176056804e-03    9.997182445234896742e-01    1.000000000000000036e-10
5.156117785497863794e-03    1.000181660679278384e+00    1.000000000000000036e-10
5.182607278688381065e-03    1.000094527449614912e+00    1.000000000000000036e-10
5.209232861331992114e-03    1.000022946956665937e+00    1.000000000000000036e-10
5.235995232586617733e-03    9.996767646158903897e-01    1.000000000000000036e-10
5.262895095202113627e-03    9.999459440698993395e-01    1.000000000000000036e-10
5.289933155538690569e-03    9.998204910183933203e-01    1.000000000000000036e-10
5.317110123585475079e-03    9.997776184273714506e-01    1.000000000000000036e-10
5.344426712979170706e-03    9.995521817902149886e-01    1.000000000000000036e-10
5.371883641022758352e-03    1.000140718895690561e+00    1.000000000000000036e-10
5.399481628704377867e-03    9.998800258838909105e-01    1.000000000000000036e-10
5.427221400716220057e-03    1.000132184312370720e+00    1.000000000000000036e-10
5.455103685473572210e-03    1.000264021287590177e+00    1.000000000000000036e-10
5.483129215133963376e-03    1.000013004299988184e+00    1.000000000000000036e-10
5.511298725616353006e-03    9.996921061624102212e-01    1.000000000000000036e-10
5.539612956620493939e-03    9.998779516213832652e-01    1.000000000000000036e-10
5.568072651646324006e-03    1.000290126605183127e+00    1.000000000000000036e-10
5.596678558013501621e-03    9.999548803668854013e-01    1.000000000000000036e-10
5.625431426881047185e-03    9.997143785551849682e-01    1.000000000000000036e-10
5.654332013267030464e-03    1.000022427364424704e+00    1.000000000000000036e-10
5.683381076068439244e-03    9.999581328336043518e-01    1.000000000000000036e-10
5.712579378081068804e-03    1.000248596527452571e+00    1.000000000000000036e-10
5.741927686019568378e-03    1.000064859880948953e+00    1.000000000000000036e-10
5.771426770537591705e-03    9.996730841570989901e-01    1.000000000000000036e-10
5.801077406247993548e-03    1.000062767718778778e+00    1.000000000000000036e-10
5.830880371743217029e-03    9.997069680390014978e-01    1.000000000000000036e-10
5.860836449615694846e-03    1.000264995013927516e+00    1.000000000000000036e-10
5.890946426478419623e-03    1.000034957758164644e+00    1.000000000000000036e-10
5.921211092985619213e-03    9.996904642096355875e-01    1.000000000000000036e-10
5.951631243853470164e-03    9.999535360622573421e-01    1.000000000000000036e-10
5.982207677881021084e-03    1.000106276834505703e+00    1.000000000000000036e-10
6.012941197971120345e-03    9.999721599095566793e-01    1.000000000000000036e-10
6.043832611151522469e-03    9.997894381235624683e-01    1.000000000000000036e-10
6.074882728596094246e-03    9.998669831943066688e-01    1.000000000000000036e-10
6.106092365646074646e-03    9.999206457241246460e-01    1.000000000000000036e-10
6.137462341831531609e-03    1.000114929491214388e+00    1.000000000000000036e-10
6.168993480892842260e-03    1.000142294280645938e+00    1.000000000000000036e-10
6.200686610802340522e-03    9.998017915489132434e-01    1.000000000000000036e-10
6.232542563786073152e-03    1.000173636367072794e+00    1.000000000000000036e-10
6.264562176345617357e-03    1.000117620951337161e+00    1.000000000000000036e-10
6.296746289280090968e-03    9.997533666076801051e-01    1.000000000000000036e-10
6.329095747708186892e-03    9.998080948397912726e-01    1.000000000000000036e-10
6.361611401090387120e-03    9.999733305956588492e-01    1.000000000000000036e-10
6.394294103251284278e-03    1.000112310641060320e+00    1.000000000000000036e-10
6.427144712401960426e-03    1.000182867113138530e+00    1.000000000000000036e-10
6.460164091162570559e-03    1.000112744481720828e+00    1.000000000000000036e-10
6.493353106584952121e-03    9.996808367989264976e-01    1.000000000000000036e-10
6.526712630175411471e-03    1.000073975000298709e+00    1.000000000000000036e-10
6.560243537917627432e-03    9.998150264235626805e-01    1.000000000000000036e-10
6.593946710295606889e-03    9.998817707995492077e-01    1.000000000000000036e-10
6.627823032316861561e-03    9.997242458604802540e-01    1.000000000000000036e-10
6.661873393535596051e-03    1.000261921664609810e+00    1.000000000000000036e-10
6.696098688076090183e-03    9.996540927195185500e-01    1.000000000000000036e-10
6.730499814656197566e-03    1.000013701095237462e+00    1.000000000000000036e-10
6.765077676610896200e-03    9.999072868350042942e-01    1.000000000000000036e-10
6.799833181916063729e-03    9.996587696633841835e-01    1.000000000000000036e-10
6.834767243212271776e-03    9.998982173753877545e-01    1.000000000000000036e-10
6.869880777828773696e-03    9.998695078799048064e-01    1.000000000000000036e-10
6.905174707807610300e-03    1.000126438069512735e+00    1.000000000000000036e-10
6.940649959927773678e-03    9.997566143405413053e-01    1.000000000000000036e-10
6.976307465729603488e-03    9.994358056692991266e-01    1.000000000000000036e-10
7.012148161539191044e-03    1.000095125206308833e+00    1.000000000000000036e-10
7.048172988492994173e-03    1.000017246892714429e+00    1.000000000000000036e-10
7.084382892562569173e-03    9.995724724308604481e-01    1.000000000000000036e-10
7.120778824579360872e-03    1.000021262534918742e+00    1.000000000000000036e-10
7.157361740259727753e-03    1.000169568912794515e+00    1.000000000000000036e-10
7.194132600229988760e-03    9.999129995421575101e-01    1.000000000000000036e-10
7.231092370051667856e-03    9.997698192022903552e-01    1.000000000000000036e-10
7.268242020246873034e-03    9.999693242009985994e-01    1.000000000000000036e-10
7.305582526323727358e-03    9.999718308652091325e-01    1.000000000000000036e-10
7.343114868802044608e-03    9.998903998342069110e-01    1.000000000000000036e-10
7.380840033239026605e-03    9.999736205327838245e-01    1.000000000000000036e-10
7.418759010255161768e-03    9.996425750836142043e-01    1.000000000000000036e-10
7.456872795560262439e-03    1.000022898155622286e+00    1.000000000000000036e-10
7.495182389979559469e-03    9.998309770366617943e-01    1.000000000000000036e-10
7.533688799480038785e-03    9.997834916057204424e-01    1.000000000000000036e-10
7.572393035196808321e-03    9.994941017307085174e-01    1.000000000000000036e-10
7.611296113459671379e-03    1.000030658589881938e+00    1.000000000000000036e-10
7.650399055819835301e-03    9.998621830075733463e-01    1.000000000000000036e-10
7.689702889076683451e-03    9.998644149204582998e-01    1.000000000000000036e-10
7.729208645304799612e-03    9.999552753906308933e-01    1.000000000000000036e-10
7.768917361881016656e-03    1.000056204906917712e+00    1.000000000000000036e-10
7.808830081511676860e-03    9.999883226776842271e-01    1.000000000000000036e-10
7.848947852260037064e-03    9.999993556029079800e-01    1.000000000000000036e-10
7.889271727573737153e-03    9.999887509453803114e-01    1.000000000000000036e-10
7.929802766312520068e-03    9.999890154842125956e-01    1.000000000000000036e-10
7.970542032775987384e-03    1.000135422613358971e+00    1.000000000000000036e-10
8.011490596731564787e-03    9.999459895042939195e-01    1.000000000000000036e-10
8.052649533442620203e-03    1.000066857939166054e+00    1.000000000000000036e-10
8.094019923696640917e-03    1.000108478801504885e+00    1.000000000000000036e-10
8.135602853833683035e-03    1.000126758831782814e+00    1.000000000000000036e-10
8.177399415774831357e-03    1.000191211363022914e+00    1.000000000000000036e-10
8.219410707050907317e-03    9.999062860541366726e-01    1.000000000000000036e-10
8.261637830831305290e-03    9.998656077829287669e-01    1.000000000000000036e-10
8.304081895952906966e-03    1.000218076541744772e+00    1.000000000000000036e-10
8.346744016949264600e-03    1.000257327523831119e+00    1.000000000000000036e-10
8.389625314079798141e-03    1.000016579463714583e+00    1.000000000000000036e-10
8.432726913359282067e-03    1.000030436576058612e+00    1.000000000000000036e-10
8.476049946587353029e-03    9.999908334450673397e-01    1.000000000000000036e-10
8.519595551378249948e-03    9.996177118528379868e-01    1.000000000000000036e-10
8.563364871190722385e-03    9.998731222020592613e-01    1.000000000000000036e-10
8.607359055357990951e-03    9.998306501177732786e-01    1.000000000000000036e-10
8.651579259117992207e-03    1.000210360773733598e+00    1.000000000000000036e-10
8.696026643643661735e-03    1.000134941944328171e+00    1.000000000000000036e-10
8.740702376073446189e-03    1.000461046793720277e+00    1.000000000000000036e-10
8.785607629541976674e-03    1.000268474351272197e+00    1.000000000000000036e-10
8.830743583210814984e-03    1.000043626215800563e+00    1.000000000000000036e-10
8.876111422299487810e-03    9.998561261379328435e-01    1.000000000000000036e-10
8.921712338116543489e-03    9.998787103754901429e-01    1.000000000000000036e-10
8.967547528090868969e-03    1.000173728263665351e+00    1.000000000000000036e-10
9.013618195803149019e-03    9.999226860642369541e-01    1.000000000000000036e-10
9.059925551017424319e-03    9.997771306224834120e-01    1.000000000000000036e-10
9.106470809712885472e-03    9.999973739593698285e-01    1.000000000000000036e-10
9.153255194115826610e-03    1.000175508158971160e+00    1.000000000000000036e-10
9.200279932731682264e-03    1.000047757470386101e+00    1.000000000000000036e-10
9.247546260377348740e-03    9.998886876453212391e-01    1.000000000000000036e-10
9.295055418213548845e-03    9.996531681739252440e-01    1.000000000000000036e-10
9.342808653777488065e-03    9.999063193853092724e-01    1.000000000000000036e-10
9.390807221015550627e-03    1.000026439757063512e+00    1.000000000000000036e-10
9.439052380316255778e-03    9.999731164536470596e-01    1.000000000000000036e-10
9.487545398543384065e-03    9.997730094444738924e-01    1.000000000000000036e-10
9.536287549069173003e-03    1.000086322044237086e+00    1.000000000000000036e-10
9.585280111807835401e-03    9.996954637307893243e-01    1.000000000000000036e-10
9.634524373249093304e-03    1.000264008417443007e+00    1.000000000000000036e-10
9.684021626492001628e-03    1.000030567984634189e+00    1.000000000000000036e-10
9.733773171278920985e-03    1.000075955731354993e+00    1.000000000000000036e-10
9.783780314029584188e-03    1.000343856040540436e+00    1.000000000000000036e-10
9.834044367875481932e-03    1.000014513984904374e+00    1.000000000000000036e-10
9.884566652694267569e-03    1.000072912709990991e+00    1.000000000000000036e-10
9.935348495144453312e-03    1.000147847614718755e+00    1.000000000000000036e-10
9.986391228700274708e-03    9.998217648321279238e-01    1.000000000000000036e-10
1.003769619368663490e-02    9.994387061160348029e-01    1.000000000000000036e-10
1.008926473731436638e-02    9.993944292375993577e-01    1.000000000000000036e-10
1.014109821371557071e-02    9.974782296376069057e-01    1.000000000000000036e-10
1.019319798397919259e-02    9.966936203395481142e-01    1.000000000000000036e-10
1.024556541618675334e-02    9.941627565378255982e-01    1.000000000000000036e-10
1.029820188544826667e-02    9.922173313760395130e-01    1.000000000000000036e-10
1.035110877393837121e-02    9.906575348577731921e-01    1.000000000000000036e-10
1.040428747093260359e-02    9.882519868503928384e-01    1.000000000000000036e-10
1.045773937284389180e-02    9.862898734724373506e-01    1.000000000000000036e-10
1.051146588325921859e-02    9.843416813860411674e-01    1.000000000000000036e-10
1.056546841297646526e-02    9.814457483825870243e-01    1.000000000000000036e-10
1.061974838004148616e-02    9.788558842113642688e-01    1.000000000000000036e-10
1.067430720978532026e-02    9.754587710573978665e-01    1.000000000000000036e-10
1.072914633486163512e-02    9.725865074392276988e-01    1.000000000000000036e-10
1.078426719528433574e-02    9.690538633079706088e-01    1.000000000000000036e-10
1.083967123846537109e-02    9.647754162997924654e-01    1.000000000000000036e-10
1.089535991925276448e-02    9.599108184767249918e-01    1.000000000000000036e-10
1.095133469996880347e-02    9.545883914465993492e-01    1.000000000000000036e-10
1.100759705044843106e-02    9.488876760378712749e-01    1.000000000000000036e-10
1.106414844807786062e-02    9.423984474153711544e-01    1.000000000000000036e-10
1.112099037783334174e-02    9.344667086057476535e-01    1.000000000000000036e-10
1.117812433232018635e-02    9.265572204420127189e-01    1.000000000000000036e-10
1.123555181181194740e-02    9.165463299872145253e-01    1.000000000000000036e-10
1.129327432428980753e-02    9.056086523727080451e-01    1.000000000000000036e-10
1.135129338548219839e-02    8.932011384926242803e-01    1.000000000000000036e-10
1.140961051890456573e-02    8.793806896146301177e-01    1.000000000000000036e-10
1.146822725589941722e-02    8.629362404641542916e-01    1.000000000000000036e-10
1.152714513567650728e-02    8.450414896652289620e-01    1.000000000000000036e-10
1.158636570535326142e-02    8.240672372490996933e-01    1.000000000000000036e-10
1.164589051999541207e-02    8.006108320463096728e-01    1.000000000000000036e-10
1.170572114265780103e-02    7.737236479334606010e-01    1.000000000000000036e-10
1.176585914442546468e-02    7.437360422296795948e-01    1.000000000000000036e-10
1.182630610445486487e-02    7.096372177705062567e-01    1.000000000000000036e-10
1.188706361001536094e-02    6.721795831018445577e-01    1.000000000000000036e-10
1.194813325653089342e-02    6.299731693446140035e-01    1.000000000000000036e-10
1.200951664762185851e-02    5.842408558187851542e-01    1.000000000000000036e-10
1.207121539514724971e-02    5.345358306693926975e-01    1.000000000000000036e-10
1.213323111924696079e-02    4.812095540936326410e-01    1.000000000000000036e-10
1.219556544838433336e-02    4.255537857708487359e-01    1.000000000000000036e-10
1.225822001938893166e-02    3.684626550455259997e-01    1.000000000000000036e-10
1.232119647749948740e-02    3.115133118907280618e-01    1.000000000000000036e-10
1.238449647640714642e-02    2.559103136617313923e-01    1.000000000000000036e-10
1.244812167829886795e-02    2.037506722886075483e-01    1.000000000000000036e-10
1.251207375390107727e-02    1.564386924821861702e-01    1.000000000000000036e-10
1.257635438252354201e-02    1.155835050267922104e-01    1.000000000000000036e-10
1.264096525210344456e-02    8.215428975542334034e-02    1.000000000000000036e-10
1.270590805924974240e-02    5.671584263202282539e-02    1.000000000000000036e-10
1.277118450928769848e-02    3.937613691732763654e-02    1.000000000000000036e-10
1.283679631630365789e-02    2.978130375555181411e-02    1.000000000000000036e-10
1.290274520319007606e-02    2.714263827859597633e-02    1.000000000000000036e-10
1.296903290169072395e-02    3.049340167953240241e-02    1.000000000000000036e-10
1.303566115244620717e-02    3.872313822051377807e-02    1.000000000000000036e-10
1.310263170503964472e-02    5.068442922966791275e-02    1.000000000000000036e-10
1.316994631804261837e-02    6.536410008759080403e-02    1.000000000000000036e-10
1.323760675906135269e-02    8.172038509052445554e-02    1.000000000000000036e-10
1.330561480478311548e-02    9.905845270576288386e-02    1.000000000000000036e-10
1.337397224102289742e-02    1.166197080572086708e-01    1.000000000000000036e-10
1.344268086277028949e-02    1.339430516526375903e-01    1.000000000000000036e-10
1.351174247423661892e-02    1.506963901169702524e-01    1.000000000000000036e-10
1.358115888890233311e-02    1.665271460523239933e-01    1.000000000000000036e-10
1.365093192956459180e-02    1.812684779361651011e-01    1.000000000000000036e-10
1.372106342838517838e-02    1.947321175906736035e-01    1.000000000000000036e-10
1.379155522693857432e-02    2.070065726093467950e-01    1.000000000000000036e-10
1.386240917626032840e-02    2.177575110191070640e-01    1.000000000000000036e-10
1.393362713689567066e-02    2.273091812963602687e-01    1.000000000000000036e-10
1.400521097894833963e-02    2.354994872050911459e-01    1.000000000000000036e-10
1.407716258212972880e-02    2.423885241919787881e-01    1.000000000000000036e-10
1.414948383580821867e-02    2.478887380855112621e-01    1.000000000000000036e-10
1.422217663905879677e-02    2.522032755018278616e-01    1.000000000000000036e-10
1.429524290071293620e-02    2.551698444788623732e-01    1.000000000000000036e-10
1.436868453940868574e-02    2.572099583062142369e-01    1.000000000000000036e-10
1.444250348364109308e-02    2.580372586742494811e-01    1.000000000000000036e-10
1.451670167181282056e-02    2.577301169005726256e-01    1.000000000000000036e-10
1.459128105228505411e-02    2.564289773831172070e-01    1.000000000000000036e-10
1.466624358342866197e-02    2.541716318070637581e-01    1.000000000000000036e-10
1.474159123367559804e-02    2.509266712652953868e-01    1.000000000000000036e-10
1.481732598157065733e-02    2.467908847301105435e-01    1.000000000000000036e-10
1.489344981582333381e-02    2.418567807348242782e-01    1.000000000000000036e-10
1.496996473536012749e-02    2.361708177059995140e-01    1.000000000000000036e-10
1.504687274937699382e-02    2.296521415769407770e-01    1.000000000000000036e-10
1.512417587739207751e-02    2.224344661073992535e-01    1.000000000000000036e-10
1.520187614929883156e-02    2.146813042041068043e-01    1.000000000000000036e-10
1.527997560541920728e-02    2.062344220725366717e-01    1.000000000000000036e-10
1.535847629655731107e-02    1.972714997206091447e-01    1.000000000000000036e-10
1.543738028405323807e-02    1.879298357791960583e-01    1.000000000000000036e-10
1.551668963983715913e-02    1.781100428848468586e-01    1.000000000000000036e-10
1.559640644648381362e-02    1.679885642769836929e-01    1.000000000000000036e-10
1.567653279726709259e-02    1.575968941056599959e-01    1.000000000000000036e-10
1.575707079621508841e-02    1.471178530787846661e-01    1.000000000000000036e-10
1.583802255816530585e-02    1.364075938862196746e-01    1.000000000000000036e-10
1.591939020882018191e-02    1.257547071714406883e-01    1.000000000000000036e-10
1.600117588480296643e-02    1.151413913076099194e-01    1.000000000000000036e-10
1.608338173371373983e-02    1.047202003113707064e-01    1.000000000000000036e-10
1.616600991418588179e-02    9.453343954093960944e-02    1.000000000000000036e-10
1.624906259594272387e-02    8.467082048834441432e-02    1.000000000000000036e-10
1.633254195985449006e-02    7.522136114431596243e-02    1.000000000000000036e-10
1.641645019799566063e-02    6.623097908813810331e-02    1.000000000000000036e-10
1.650078951370241229e-02    5.779597859526974801e-02    1.000000000000000036e-10
1.658556212163057181e-02    4.997499781787219375e-02    1.000000000000000036e-10
1.667077024781372929e-02    4.281786577137575156e-02    1.000000000000000036e-10
1.675641612972166017e-02    3.637406249521685231e-02    1.000000000000000036e-10
1.684250201631917743e-02    3.068066330615544512e-02    1.000000000000000036e-10
1.692903016812506711e-02    2.576803358348317766e-02    1.000000000000000036e-10
1.701600285727152689e-02    2.163938282294527657e-02    1.000000000000000036e-10
1.710342236756381973e-02    1.831351741430440813e-02    1.000000000000000036e-10
1.719129099454018428e-02    1.577128104336459474e-02    1.000000000000000036e-10
1.727961104553222757e-02    1.399605754419101268e-02    1.000000000000000036e-10
1.736838483972538358e-02    1.296902968413136958e-02    1.000000000000000036e-10
1.745761470821990263e-02    1.264636878198943833e-02    1.000000000000000036e-10
1.754730299409204206e-02    1.299065813989402213e-02    1.000000000000000036e-10
1.763745205245554476e-02    1.394992131325482887e-02    1.000000000000000036e-10
1.772806425052358623e-02    1.545899200745776830e-02    1.000000000000000036e-10
1.781914196767080821e-02    1.746997505045673124e-02    1.000000000000000036e-10
1.791068759549589717e-02    1.991059686421753350e-02    1.000000000000000036e-10
1.800270353788435349e-02    2.272281973615427123e-02    1.000000000000000036e-10
1.809519221107156600e-02    2.583462276305715025e-02    1.000000000000000036e-10
1.818815604370636885e-02    2.918956977543173126e-02    1.000000000000000036e-10
1.828159747691469883e-02    3.271166601410874925e-02    1.000000000000000036e-10
1.837551896436376633e-02    3.634155219030488215e-02    1.000000000000000036e-10
1.846992297232647948e-02    4.002246121334929879e-02    1.000000000000000036e-10
1.856481197974614930e-02    4.372636394181551867e-02    1.000000000000000036e-10
1.866018847830170496e-02    4.733124108230384042e-02    1.000000000000000036e-10
1.875605497247297138e-02    5.083656330619187869e-02    1.000000000000000036e-10
1.885241397960654361e-02    5.421337638505994982e-02    1.000000000000000036e-10
1.894926802998186249e-02    5.739695311834881047e-02    1.000000000000000036e-10
1.904661966687760943e-02    6.037857022675627988e-02    1.000000000000000036e-10
1.914447144663859041e-02    6.308374704215446993e-02    1.000000000000000036e-10
1.924282593874274486e-02    6.551740749072569592e-02    1.000000000000000036e-10
1.934168572586869930e-02    6.762074140029825098e-02    1.000000000000000036e-10
1.944105340396357767e-02    6.940843251176921636e-02    1.000000000000000036e-10
1.954093158231109614e-02    7.086513150108376957e-02    1.000000000000000036e-10
1.964132288360021308e-02    7.198154449604785010e-02    1.000000000000000036e-10
1.974222994399384493e-02    7.274717279441667017e-02    1.000000000000000036e-10
1.984365541319821000e-02    7.315780538348044815e-02    1.000000000000000036e-10
1.994560195453235624e-02    7.322828222966194789e-02    1.000000000000000036e-10
2.004807224499806015e-02    7.290595320133833046e-02    1.000000000000000036e-10
2.015106897535023575e-02    7.226979505806224724e-02    1.000000000000000036e-10
2.025459485016744068e-02    7.131294397411803987e-02    1.000000000000000036e-10
2.035865258792302762e-02    7.000280675112803552e-02    1.000000000000000036e-10
2.046324492105644488e-02    6.840981087861849885e-02    1.000000000000000036e-10
2.056837459604503315e-02    6.653045050755421186e-02    1.000000000000000036e-10
2.067404437347612062e-02    6.433947237571820132e-02    1.000000000000000036e-10
2.078025702811950662e-02    6.194935757205053545e-02    1.000000000000000036e-10
2.088701534900035128e-02    5.934388821820942711e-02    1.000000000000000036e-10
2.099432213947239820e-02    5.654656387265508816e-02    1.000000000000000036e-10
2.110218021729158913e-02    5.355816666724183550e-02    1.000000000000000036e-10
2.121059241469004999e-02    5.045281543769156857e-02    1.000000000000000036e-10
2.131956157845044803e-02    4.726554792044602993e-02    1.000000000000000036e-10
2.142909056998078612e-02    4.398050332833160908e-02    1.000000000000000036e-10
2.153918226538950945e-02    4.068793889778295203e-02    1.000000000000000036e-10
2.164983955556103526e-02    3.738498936239687681e-02    1.000000000000000036e-10
2.176106534623167138e-02    3.410429848461836444e-02    1.000000000000000036e-10
2.187286255806588156e-02    3.089823992771988451e-02    1.000000000000000036e-10
2.198523412673304700e-02    2.778760173194924979e-02    1.000000000000000036e-10
2.209818300298449154e-02    2.481572865513319293e-02    1.000000000000000036e-10
2.221171215273099950e-02    2.199300633211113618e-02    1.000000000000000036e-10
2.232582455712068745e-02    1.935757173073964638e-02    1.000000000000000036e-10
2.244052321261726449e-02    1.691803618130975975e-02    1.000000000000000036e-10
2.255581113107875402e-02    1.471251214341718141e-02    1.000000000000000036e-10
2.267169133983656590e-02    1.274081326554442339e-02    1.000000000000000036e-10
2.278816688177497801e-02    1.104191115927270761e-02    1.000000000000000036e-10
2.290524081541107232e-02    9.599375161306690496e-03    1.000000000000000036e-10
2.302291621497498317e-02    8.434970264770559611e-03    1.000000000000000036e-10
2.314119617049070071e-02    7.539719627095500809e-03    1.000000000000000036e-10
2.326008378785716230e-02    6.920012557068120490e-03    1.000000000000000036e-10
2.337958218892983303e-02    6.566975756925292479e-03    1.000000000000000036e-10
2.349969451160267842e-02    6.470345827013909354e-03    1.000000000000000036e-10
2.362042390989051860e-02    6.616926145702597094e-03    1.000000000000000036e-10
2.374177355401192735e-02    6.992792507855364811e-03    1.000000000000000036e-10
2.386374663047242245e-02    7.574747598688810930e-03    1.000000000000000036e-10
2.398634634214815917e-02    8.344101001135497547e-03    1.000000000000000036e-10
2.410957590837004352e-02    9.274969101345136371e-03    1.000000000000000036e-10
2.423343856500821333e-02    1.034282369010503834e-02    1.000000000000000036e-10
2.435793756455709169e-02    1.152594543102504823e-02    1.000000000000000036e-10
2.448307617622073884e-02    1.278462813102458628e-02    1.000000000000000036e-10
2.460885768599870710e-02    1.410817626059652705e-02    1.000000000000000036e-10
2.473528539677235724e-02    1.545388067218462884e-02    1.000000000000000036e-10
2.486236262839150099e-02    1.680331342122975968e-02    1.000000000000000036e-10
2.499009271776173047e-02    1.813284433780933125e-02    1.000000000000000036e-10
2.511847901893186213e-02    1.941043356910453557e-02    1.000000000000000036e-10
2.524752490318214748e-02    2.062129833589988748e-02    1.000000000000000036e-10
2.537723375911275434e-02    2.173468689180292623e-02    1.000000000000000036e-10
2.550760899273268531e-02    2.273966897832156026e-02    1.000000000000000036e-10
2.563865402754937281e-02    2.361839977752478240e-02    1.000000000000000036e-10
2.577037230465837117e-02    2.436392730864476996e-02    1.000000000000000036e-10
2.590276728283389188e-02    2.493417579484419680e-02    1.000000000000000036e-10
2.603584243861954695e-02    2.535905443473800147e-02    1.000000000000000036e-10
2.616960126641959539e-02    2.561615739350588811e-02    1.000000000000000036e-10
2.630404727859085579e-02    2.568740475984298069e-02    1.000000000000000036e-10
2.643918400553474379e-02    2.558941709572395626e-02    1.000000000000000036e-10
2.657501499579011453e-02    2.532443877165073062e-02    1.000000000000000036e-10
2.671154381612640683e-02    2.489922558712533152e-02    1.000000000000000036e-10
2.684877405163724196e-02    2.430682743015468231e-02    1.000000000000000036e-10
2.698670930583470587e-02    2.356959649054228556e-02    1.000000000000000036e-10
2.712535320074379100e-02    2.269673595601609528e-02    1.000000000000000036e-10
2.726470937699766034e-02    2.169052386177373198e-02    1.000000000000000036e-10
2.740478149393317520e-02    2.058295480581025932e-02    1.000000000000000036e-10
2.754557322968694683e-02    1.938225770085365285e-02    1.000000000000000036e-10
2.768708828129207156e-02    1.810794581485295970e-02    1.000000000000000036e-10
2.782933036477499775e-02    1.678450412440544645e-02    1.000000000000000036e-10
2.797230321525328786e-02    1.542662476346745581e-02    1.000000000000000036e-10
2.811601058703360953e-02    1.405601521569659410e-02    1.000000000000000036e-10
2.826045625371028866e-02    1.270078239168870478e-02    1.000000000000000036e-10
2.840564400826454602e-02    1.136507095653492040e-02    1.000000000000000036e-10
2.855157766316389692e-02    1.007774311829182264e-02    1.000000000000000036e-10
2.869826105046241818e-02    8.860610125731733719e-03    1.000000000000000036e-10
2.884569802190131704e-02    7.728609801286368854e-03    1.000000000000000036e-10
2.899389244901002041e-02    6.689799685136462067e-03    1.000000000000000036e-10
2.914284822320799620e-02    5.764629123136340814e-03    1.000000000000000036e-10
2.929256925590672384e-02    4.960455035721773528e-03    1.000000000000000036e-10
2.944305947861257378e-02    4.286631818848899225e-03    1.000000000000000036e-10
2.959432284302998192e-02    3.747711485007563115e-03    1.000000000000000036e-10
2.974636332116516180e-02    3.346089258224060631e-03    1.000000000000000036e-10
2.989918490543056265e-02    3.080669525739432747e-03    1.000000000000000036e-10
3.005279160874950450e-02    2.951200529904948223e-03    1.000000000000000036e-10
3.020718746466170834e-02    2.951278179243295875e-03    1.000000000000000036e-10
3.036237652742915585e-02    3.071190559626174078e-03    1.000000000000000036e-10
3.051836287214249391e-02    3.302547132716213748e-03    1.000000000000000036e-10
3.067515059482820577e-02    3.634143309981055850e-03    1.000000000000000036e-10
3.083274381255594887e-02    4.050798326036190652e-03    1.000000000000000036e-10
3.099114666354684661e-02    4.535717975806543081e-03    1.000000000000000036e-10
3.115036330728207861e-02    5.074823973937625868e-03    1.000000000000000036e-10
3.131039792461204341e-02    5.648642061357513414e-03    1.000000000000000036e-10
3.147125471786632600e-02    6.242826479071560131e-03    1.000000000000000036e-10
3.163293791096380425e-02    6.837384711756651183e-03    1.000000000000000036e-10
3.179545174952377873e-02    7.419617278756664332e-03    1.000000000000000036e-10
3.195880050097734543e-02    7.969784861977509058e-03    1.000000000000000036e-10
3.212298845467941033e-02    8.477323926618344704e-03    1.000000000000000036e-10
3.228801992202151583e-02    8.922867163447383357e-03    1.000000000000000036e-10
3.245389923654481285e-02    9.300183242068256126e-03    1.000000000000000036e-10
3.262063075405401830e-02    9.599447773591772773e-03    1.000000000000000036e-10
3.278821885273175418e-02    9.807019756715279132e-03    1.000000000000000036e-10
3.295666793325343485e-02    9.926383579173657379e-03    1.000000000000000036e-10
3.312598241890301470e-02    9.947934136470736044e-03    1.000000000000000036e-10
3.329616675568888851e-02    9.876891164996711228e-03    1.000000000000000036e-10
3.346722541246083954e-02    9.710418122296759699e-03    1.000000000000000036e-10
3.363916288102730690e-02    9.450835414723277733e-03    1.000000000000000036e-10
3.381198367627328422e-02    9.107275823553809962e-03    1.000000000000000036e-10
3.398569233627904418e-02    8.690807185540185692e-03    1.000000000000000036e-10
3.416029342243907113e-02    8.204292365947224094e-03    1.000000000000000036e-10
3.433579151958202763e-02    7.664685975877888122e-03    1.000000000000000036e-10
3.451219123609108874e-02    7.073981293490128053e-03    1.000000000000000036e-10
3.468949720402486614e-02    6.458355560945833011e-03    1.000000000000000036e-10
3.486771407923923427e-02    5.823696166756918771e-03    1.000000000000000036e-10
3.504684654150935080e-02    5.188444543672722682e-03    1.000000000000000036e-10
3.522689929465274566e-02    4.559544630327873674e-03    1.000000000000000036e-10
3.540787706665272927e-02    3.959258263349659142e-03    1.000000000000000036e-10
3.558978460978252933e-02    3.392958127296776157e-03    1.000000000000000036e-10
3.577262670073021178e-02    2.871897586428688587e-03    1.000000000000000036e-10
3.595640814072392777e-02    2.411281069047586153e-03    1.000000000000000036e-10
3.614113375565812525e-02    2.014242861951416781e-03    1.000000000000000036e-10
3.632680839622023927e-02    1.688279800435885320e-03    1.000000000000000036e-10
3.651343693801798601e-02    1.436777424275515087e-03    1.000000000000000036e-10
3.670102428170757269e-02    1.262057646945883389e-03    1.000000000000000036e-10
3.688957535312215041e-02    1.163962056665705704e-03    1.000000000000000036e-10
3.707909510340134940e-02    1.138304902868358340e-03    1.000000000000000036e-10
3.726958850912121674e-02    1.183083096711567495e-03    1.000000000000000036e-10
3.746106057242483411e-02    1.290391280859912041e-03    1.000000000000000036e-10
3.765351632115385150e-02    1.451418647308867424e-03    1.000000000000000036e-10
3.784696080898026366e-02    1.658171606722458899e-03    1.000000000000000036e-10
3.804139911553934550e-02    1.899642242455321659e-03    1.000000000000000036e-10
3.823683634656289965e-02    2.164279453820245995e-03    1.000000000000000036e-10
3.843327763401331587e-02    2.442208640622088762e-03    1.000000000000000036e-10
3.863072813621849788e-02    2.720283291154435620e-03    1.000000000000000036e-10
3.882919303800708155e-02    2.988623531721761387e-03    1.000000000000000036e-10
3.902867755084474255e-02    3.236573508238867625e-03    1.000000000000000036e-10
3.922918691297103133e-02    3.452551956274618403e-03    1.000000000000000036e-10
3.943072638953679099e-02    3.632302918192162507e-03    1.000000000000000036e-10
3.963330127274267145e-02    3.766772594712410657e-03    1.000000000000000036e-10
3.983691688197778247e-02    3.850628750861675390e-03    1.000000000000000036e-10
4.004157856395961640e-02    3.883194311987249805e-03    1.000000000000000036e-10
4.024729169287436653e-02    3.858381134921951353e-03    1.000000000000000036e-10
4.045406167051796009e-02    3.782513249908275432e-03    1.000000000000000036e-10
4.066189392643813211e-02    3.656010895749096760e-03    1.000000000000000036e-10
4.087079391807670742e-02    3.483163832874766608e-03    1.000000000000000036e-10
4.108076713091313170e-02    3.267722172886756375e-03    1.000000000000000036e-10
4.129181907860844658e-02    3.017351954385065482e-03    1.000000000000000036e-10
4.150395530314995862e-02    2.741427381107161294e-03    1.000000000000000036e-10
4.171718137499702550e-02    2.448993006957858338e-03    1.000000000000000036e-10
4.193150289322703644e-02    2.148225181408857688e-03    1.000000000000000036e-10
4.214692548568263475e-02    1.847067643997750723e-03    1.000000000000000036e-10
4.236345480911946071e-02    1.555780111813384603e-03    1.000000000000000036e-10
4.258109654935456762e-02    1.283036178856079455e-03    1.000000000000000036e-10
4.279985642141598268e-02    1.035855454758421480e-03    1.000000000000000036e-10
4.301974016969246917e-02    8.199780856696552503e-04    1.000000000000000036e-10
4.324075356808460002e-02    6.414652130821635930e-04    1.000000000000000036e-10
4.346290242015627553e-02    5.027735938185944270e-04    1.000000000000000036e-10
4.368619255928713613e-02    4.072646117828216230e-04    1.000000000000000036e-10
4.391062984882577319e-02    3.532927191181423716e-04    1.000000000000000036e-10
4.413622018224357124e-02    3.393802161448065545e-04    1.000000000000000036e-10
4.436296948328963263e-02    3.634243066221495952e-04    1.000000000000000036e-10
4.459088370614622959e-02    4.212224651179230853e-04    1.000000000000000036e-10
4.481996883558517220e-02    5.066861062086696873e-04    1.000000000000000036e-10
4.505023088712498125e-02    6.129394918226417025e-04    1.000000000000000036e-10
4.528167590718877589e-02    7.339309867539083347e-04    1.000000000000000036e-10
4.551430997326315342e-02    8.617327932742087273e-04    1.000000000000000036e-10
4.574813919405771451e-02    9.896017593573212725e-04    1.000000000000000036e-10
4.598316970966547651e-02    1.109137885285951157e-03    1.000000000000000036e-10
4.621940769172414726e-02    1.215547150492345563e-03    1.000000000000000036e-10
4.645685934357805108e-02    1.304236243904532706e-03    1.000000000000000036e-10
4.669553090044121363e-02    1.367214667053936236e-03    1.000000000000000036e-10
4.693542862956097406e-02    1.405593325196747689e-03    1.000000000000000036e-10
4.717655883038256170e-02    1.414195498522663507e-03    1.000000000000000036e-10
4.741892783471457484e-02    1.395098310734579558e-03    1.000000000000000036e-10
4.766254200689511167e-02    1.348166259203254815e-03    1.000000000000000036e-10
4.790740774395906704e-02    1.274861781647614652e-03    1.000000000000000036e-10
4.815353147580599125e-02    1.179794001116260798e-03    1.000000000000000036e-10
4.840091966536897577e-02    1.066963356854475639e-03    1.000000000000000036e-10
4.864957880878437863e-02    9.418627359778190692e-04    1.000000000000000036e-10
4.889951543556229213e-02    8.085655340682860364e-04    1.000000000000000036e-10
4.915073610875816956e-02    6.737449735856321361e-04    1.000000000000000036e-10
4.940324742514506928e-02    5.429881194550622691e-04    1.000000000000000036e-10
4.965705601538688424e-02    4.212797312484824913e-04    1.000000000000000036e-10
4.991216854421247351e-02    3.132165595684878500e-04    1.000000000000000036e-10
5.016859171059060568e-02    2.214265089464803008e-04    1.000000000000000036e-10
5.042633224790599167e-02    1.492763536234823288e-04    1.000000000000000036e-10
5.068539692413599751e-02    9.812502808869589274e-05    1.000000000000000036e-10
5.094579254202839802e-02    6.863675458390736030e-05    1.000000000000000036e-10
5.120752593928000473e-02    5.972481350286882072e-05    1.000000000000000036e-10
5.147060398871617509e-02    6.926552405809463064e-05    1.000000000000000036e-10
5.173503359847136940e-02    9.541953836746848720e-05    1.000000000000000036e-10
5.200082171217049881e-02    1.339731308885217138e-04    1.000000000000000036e-10
5.226797530911125172e-02    1.827634283836484174e-04    1.000000000000000036e-10
5.253650140444741934e-02    2.348316742760676401e-04    1.000000000000000036e-10
5.280640704937295676e-02    2.883381122687338769e-04    1.000000000000000036e-10
5.307769933130733475e-02    3.380079702386382698e-04    1.000000000000000036e-10
5.335038537408154369e-02    3.806699494914575553e-04    1.000000000000000036e-10
5.362447233812513842e-02    4.150577728677345263e-04    1.000000000000000036e-10
5.389996742065435859e-02    4.365611356367735921e-04    1.000000000000000036e-10
5.417687785586094984e-02    4.453375692820545702e-04    1.000000000000000036e-10
5.445521091510231726e-02    4.407025055314286316e-04    1.000000000000000036e-10
5.473497390709235189e-02    4.234395330673274309e-04    1.000000000000000036e-10
5.501617417809336746e-02    3.956902765412144353e-04    1.000000000000000036e-10
5.529881911210906414e-02    3.576943851865827515e-04    1.000000000000000036e-10
5.558291613107825546e-02    3.121494638833000545e-04    1.000000000000000036e-10
5.586847269506999003e-02    2.633890825766151372e-04    1.000000000000000036e-10
5.615549630247927693e-02    2.137153999768769054e-04    1.000000000000000036e-10
5.644399449022405313e-02    1.654005445942944197e-04    1.000000000000000036e-10
5.673397483394312241e-02    1.204400572882576394e-04    1.000000000000000036e-10
5.702544494819492688e-02    8.270292353462139925e-05    1.000000000000000036e-10
5.731841248665772715e-02    5.242632186471163000e-05    1.000000000000000036e-10
5.761288514233040697e-02    3.086044793180583632e-05    1.000000000000000036e-10
5.790887064773456855e-02    1.838645723883283853e-05    1.000000000000000036e-10
5.820637677511752289e-02    1.458486266985230055e-05    1.000000000000000036e-10
5.850541133665645294e-02    1.792102734293853146e-05    1.000000000000000036e-10
5.880598218466342314e-02    2.763194112850590037e-05    1.000000000000000036e-10
5.910809721179172832e-02    4.107356905411904354e-05    1.000000000000000036e-10
5.941176435124307514e-02    5.734855855424602782e-05    1.000000000000000036e-10
5.971699157697585997e-02    7.376386678452297348e-05    1.000000000000000036e-10
6.002378690391466098e-02    8.915500770701225688e-05    1.000000000000000036e-10
6.033215838816052140e-02    1.007594470724543630e-04    1.000000000000000036e-10
6.064211412720269673e-02    1.096877968096901372e-04    1.000000000000000036e-10
6.095366226013119310e-02    1.133215702993915411e-04    1.000000000000000036e-10
6.126681096785045744e-02    1.127095829567454385e-04    1.000000000000000036e-10
6.158156847329428890e-02    1.075530110166081767e-04    1.000000000000000036e-10
6.189794304164161071e-02    9.932912981197995587e-05    1.000000000000000036e-10
6.221594298053369915e-02    8.807645588561887554e-05    1.000000000000000036e-10
6.253557664029220364e-02    7.622373579954196045e-05    1.000000000000000036e-10
6.285685241413845048e-02    6.338053661838832179e-05    1.000000000000000036e-10
6.317977873841387759e-02    5.269899699102755268e-05    1.000000000000000036e-10
6.350436409280142691e-02    4.383101218733279541e-05    1.000000000000000036e-10
6.383061700054838694e-02    3.772160127543867274e-05    1.000000000000000036e-10
6.415854602869013046e-02    3.519636406647349452e-05    1.000000000000000036e-10
6.448815978827505957e-02    3.504826731946243771e-05    1.000000000000000036e-10
6.481946693459073039e-02    3.829341388250038234e-05    1.000000000000000036e-10
6.515247616739110181e-02    4.275959506085780210e-05    1.000000000000000036e-10
6.548719623112504717e-02    4.796393205384793515e-05    1.000000000000000036e-10
6.582363591516594836e-02    5.287268762411460811e-05    1.000000000000000036e-10
6.616180405404248344e-02    5.769430652280118705e-05    1.000000000000000036e-10
6.650170952767064936e-02    5.990345946413509954e-05    1.000000000000000036e-10
6.684336126158678393e-02    6.016473597496042734e-05    1.000000000000000036e-10
6.718676822718216979e-02    5.745701194956995050e-05    1.000000000000000036e-10
6.753193944193848497e-02    5.191649761162543046e-05    1.000000000000000036e-10
6.787888396966459958e-02    4.436408304939702126e-05    1.000000000000000036e-10
6.822761092073464928e-02    3.598991300507320694e-05    1.000000000000000036e-10
6.857812945232705237e-02    2.734763093117573412e-05    1.000000000000000036e-10
6.893044876866527559e-02    1.982916311164727922e-05    1.000000000000000036e-10
6.928457812125933535e-02    1.413182359304909179e-05    1.000000000000000036e-10
6.964052680914871452e-02    1.150103505904523653e-05    1.000000000000000036e-10
6.999830417914672254e-02    1.192183946376339145e-05    1.000000000000000036e-10
7.035791962608561878e-02    1.649660607562909885e-05    1.000000000000000036e-10
7.071938259306366492e-02    2.395547285988744270e-05    1.000000000000000036e-10
7.108270257169285733e-02    3.444130481361020216e-05    1.000000000000000036e-10
7.144788910234825541e-02    4.638520801887087718e-05    1.000000000000000036e-10
7.181495177441851729e-02    5.975885426192735001e-05    1.000000000000000036e-10
7.218390022655754579e-02    7.191668193667805932e-05    1.000000000000000036e-10
7.255474414693782736e-02    8.159070796805132655e-05    1.000000000000000036e-10
7.292749327350468713e-02    8.746633783281844790e-05    1.000000000000000036e-10
7.330215739423202870e-02    8.944873887453474526e-05    1.000000000000000036e-10
7.367874634737939243e-02    8.736761546557307015e-05    1.000000000000000036e-10
7.405727002175011009e-02    7.993175665168019935e-05    1.000000000000000036e-10
7.443773835695130514e-02    6.933450126127400860e-05    1.000000000000000036e-10
7.482016134365461479e-02    5.681083311056117624e-05    1.000000000000000036e-10
7.520454902385864671e-02    4.310084447871920265e-05    1.000000000000000036e-10
7.559091149115272634e-02    2.947747367068416019e-05    1.000000000000000036e-10
7.597925889098169905e-02    1.885880022844417577e-05    1.000000000000000036e-10
7.636960142091268888e-02    1.187688424766206878e-05    1.000000000000000036e-10
7.676194933090260686e-02    9.199698572920268785e-06    1.000000000000000036e-10
7.715631292356743554e-02    1.238987467501448457e-05    1.000000000000000036e-10
7.755270255445273486e-02    2.021120681818658324e-05    1.000000000000000036e-10
7.795112863230545253e-02    3.306688821017249015e-05    1.000000000000000036e-10
7.835160161934746903e-02    4.691772931199598610e-05    1.000000000000000036e-10
7.875413203155014197e-02    6.321026298048187302e-05    1.000000000000000036e-10
7.915873043891052951e-02    7.803554943663867677e-05    1.000000000000000036e-10
7.956540746572896006e-02    9.047882007147956527e-05    1.000000000000000036e-10
7.997417379088785083e-02    9.800215997025849013e-05    1.000000000000000036e-10
8.038504014813235843e-02    1.010797661394244567e-04    1.000000000000000036e-10
8.079801732635211176e-02    9.806524311288788423e-05    1.000000000000000036e-10
8.121311616986451321e-02    9.027682433064076280e-05    1.000000000000000036e-10
8.163034757869956637e-02    7.794666243207702195e-05    1.000000000000000036e-10
8.204972250888589724e-02    6.363366159724343960e-05    1.000000000000000036e-10
8.247125197273877384e-02    4.897177346196774814e-05    1.000000000000000036e-10
8.289494703914900009e-02    3.554306319493162310e-05    1.000000000000000036e-10
8.332081883387372490e-02    2.487448107639031870e-05    1.000000000000000036e-10
8.374887853982850017e-02    1.920632630249882378e-05    1.000000000000000036e-10
8.417913739738103196e-02    1.853945289180839259e-05    1.000000000000000036e-10
8.461160670464618061e-02    2.300350414035149437e-05    1.000000000000000036e-10
8.504629781778280662e-02    3.266896393741404670e-05    1.000000000000000036e-10
8.548322215129190715e-02    4.469019686418717729e-05    1.000000000000000036e-10
8.592239117831630690e-02    5.851851611024340075e-05    1.000000000000000036e-10
8.636381643094202809e-02    7.195718583299600714e-05    1.000000000000000036e-10
8.680750950050092341e-02    8.238147054072837976e-05    1.000000000000000036e-10
8.725348203787526569e-02    8.821743246282004339e-05    1.000000000000000036e-10
8.770174575380358661e-02    8.926008436018095956e-05    1.000000000000000036e-10
8.815231241918820848e-02    8.519973093602398260e-05    1.000000000000000036e-10
8.860519386540431641e-02    7.654109852452081503e-05    1.000000000000000036e-10
8.906040198461054325e-02    6.495321785433153872e-05    1.000000000000000036e-10
8.951794873006148345e-02    5.152343347770571710e-05    1.000000000000000036e-10
8.997784611642138664e-02    3.904822162204152900e-05    1.000000000000000036e-10
9.044010622007966904e-02    2.822395604334841790e-05    1.000000000000000036e-10
9.090474117946811816e-02    2.135910750041523999e-05    1.000000000000000036e-10
9.137176319537944347e-02    1.888795027988588211e-05    1.000000000000000036e-10
9.184118453128790882e-02    2.169083404253572330e-05    1.000000000000000036e-10
9.231301751367115838e-02    2.820315570597743977e-05    1.000000000000000036e-10
9.278727453233401312e-02    3.722028597603051437e-05    1.000000000000000036e-10
9.326396804073376623e-02    4.744175865169018402e-05    1.000000000000000036e-10
9.374311055630710210e-02    5.667755949631088027e-05    1.000000000000000036e-10
9.422471466079899993e-02    6.331122675197589688e-05    1.000000000000000036e-10
9.470879300059294181e-02    6.598606077834676662e-05    1.000000000000000036e-10
9.519535828704310532e-02    6.496946434894324246e-05    1.000000000000000036e-10
9.568442329680809655e-02    5.915984080676270216e-05    1.000000000000000036e-10
9.617600087218632077e-02    5.053111528652333033e-05    1.000000000000000036e-10
9.667010392145349018e-02    4.023008942019650039e-05    1.000000000000000036e-10
9.716674541920136687e-02    3.081232374402400270e-05    1.000000000000000036e-10
9.766593840667854576e-02    2.176826462491387572e-05    1.000000000000000036e-10
9.816769599213290287e-02    1.603939614167253526e-05    1.000000000000000036e-10
9.867203135115563961e-02    1.406068784902827584e-05    1.000000000000000036e-10
9.917895772702756130e-02    1.596413550703098226e-05    1.000000000000000036e-10
9.968848843106659086e-02    2.014436303592816139e-05    1.000000000000000036e-10
1.002006368429774336e-01    2.640313223489808821e-05    1.000000000000000036e-10
1.007154164112028516e-01    3.239453250458853521e-05    1.000000000000000036e-10
1.012328406532767427e-01    3.808309325982466183e-05    1.000000000000000036e-10
1.017529231561792591e-01    4.060479534919865757e-05    1.000000000000000036e-10
1.022756775766934939e-01    4.069281762462585722e-05    1.000000000000000036e-10
1.028011176417640699e-01    3.748100514900337107e-05    1.000000000000000036e-10
1.033292571488577116e-01    3.198472452050750377e-05    1.000000000000000036e-10
1.038601099663252619e-01    2.572584644184156328e-05    1.000000000000000036e-10
1.043936900337662371e-01    1.887929902578464980e-05    1.000000000000000036e-10
1.049300113623946318e-01    1.295872947310465324e-05    1.000000000000000036e-10
1.054690880354068327e-01    9.077039909161002657e-06    1.000000000000000036e-10
1.060109342083516148e-01    6.909353898773793951e-06    1.000000000000000036e-10
1.065555641095014688e-01    8.640130062834878525e-06    1.000000000000000036e-10
1.071029920402266911e-01    1.093098028432954080e-05    1.000000000000000036e-10
1.076532323753706111e-01    1.482687533784174246e-05    1.000000000000000036e-10
1.082062995636271369e-01    1.786195119440576608e-05    1.000000000000000036e-10
1.087622081279202568e-01    2.019525865366130345e-05    1.000000000000000036e-10
1.093209726657850961e-01    2.118306892907103551e-05    1.000000000000000036e-10
1.098826078497516512e-01    2.012462757400607392e-05    1.000000000000000036e-10
1.104471284277297599e-01    1.729195009892285661e-05    1.000000000000000036e-10
1.110145492233965414e-01    1.362481633671801664e-05    1.000000000000000036e-10
1.115848851365855571e-01    9.514820524445044092e-06    1.000000000000000036e-10
1.121581511436779560e-01    6.102922530021556813e-06    1.000000000000000036e-10
1.127343622979960353e-01    4.071935912251117071e-06    1.000000000000000036e-10
1.133135337301982987e-01    2.721733960796147521e-06    1.000000000000000036e-10
1.138956806486768059e-01    3.182110836257432284e-06    1.000000000000000036e-10
1.144808183399566165e-01    4.653339084661056583e-06    1.000000000000000036e-10
1.150689621690969694e-01    6.618836889302399589e-06    1.000000000000000036e-10
1.156601275800950568e-01    8.272762882990487767e-06    1.000000000000000036e-10
1.162543300962914083e-01    8.438088756728112086e-06    1.000000000000000036e-10
1.168515853207774680e-01    8.624718649757327053e-06    1.000000000000000036e-10
1.174519089368054880e-01    8.001345728433163139e-06    1.000000000000000036e-10
1.180553167082000338e-01    6.010025719663587494e-06    1.000000000000000036e-10
1.186618244797723043e-01    4.553222500292306591e-06    1.000000000000000036e-10
1.192714481777359947e-01    2.964747277066904635e-06    1.000000000000000036e-10
1.198842038101255031e-01    2.130628819144098534e-06    1.000000000000000036e-10
1.205001074672163858e-01    1.593433550297147637e-06    1.000000000000000036e-10
1.211191753219476169e-01    1.190350287600742710e-06    1.000000000000000036e-10
1.217414236303466235e-01    1.893420953847197099e-06    1.000000000000000036e-10
1.223668687319559162e-01    3.022343485931238967e-06    1.000000000000000036e-10
1.229955270502622322e-01    3.010141798827329258e-06    1.000000000000000036e-10
1.236274150931277460e-01    3.180520423536422101e-06    1.000000000000000036e-10
1.242625494532236391e-01    3.041231234189735174e-06    1.000000000000000036e-10
1.249009468084655849e-01    2.763479799823429083e-06    1.000000000000000036e-10
1.255426239224519958e-01    1.947278223076096027e-06    1.000000000000000036e-10
1.261875976449040315e-01    1.612652164178361362e-06    1.000000000000000036e-10
1.268358849121080933e-01    1.682932766199505770e-06    1.000000000000000036e-10
1.274875027473606204e-01    2.275311997103041824e-06    1.000000000000000036e-10
1.281424682614148158e-01    2.248261423381568931e-06    1.000000000000000036e-10
1.288007986529303706e-01    2.894343721429860817e-06    1.000000000000000036e-10
1.294625112089248242e-01    2.076664160135371500e-06    1.000000000000000036e-10
1.301276233052275633e-01    1.483953767758216252e-06    1.000000000000000036e-10
1.307961524069361781e-01    2.012469699349274553e-06    1.000000000000000036e-10
1.314681160688747352e-01    1.470547289661849795e-06    1.000000000000000036e-10
1.321435319360552418e-01    1.146164369207861416e-06    1.000000000000000036e-10
1.328224177441406639e-01    1.267422073354119122e-06    1.000000000000000036e-10
1.335047913199107206e-01    1.912735612412468971e-06    1.000000000000000036e-10
1.341906705817300649e-01    2.319234632786454438e-06    1.000000000000000036e-10
1.348800735400185191e-01    2.750951354238539660e-06    1.000000000000000036e-10
1.355730182977244735e-01    2.930947265858101552e-06    1.000000000000000036e-10
1.362695230507998401e-01    3.042992235437114126e-06    1.000000000000000036e-10
1.369696060886781142e-01    2.874995645335634457e-06    1.000000000000000036e-10
1.376732857947545463e-01    2.098017803951563126e-06    1.000000000000000036e-10
1.383805806468686450e-01    1.384105317330403972e-06    1.000000000000000036e-10
1.390915092177898438e-01    8.620153078459904700e-07    1.000000000000000036e-10
1.398060901757048613e-01    2.170140854409244766e-06    1.000000000000000036e-10
1.405243422847080037e-01    2.129116735018192055e-06    1.000000000000000036e-10
1.412462844052939648e-01    2.874724529915871441e-06    1.000000000000000036e-10
1.419719354948528189e-01    3.675300781418226292e-06    1.000000000000000036e-10
1.427013146081681227e-01    3.826359660752984447e-06    1.000000000000000036e-10
1.434344408979172092e-01    3.660973922746117261e-06    1.000000000000000036e-10
1.441713336151739522e-01    3.382062361346318664e-06    1.000000000000000036e-10
1.449120121099145286e-01    2.455439259573089821e-06    1.000000000000000036e-10
1.456564958315251235e-01    1.872959050947357441e-06    1.000000000000000036e-10
1.464048043293131596e-01    1.662952141531573455e-06    1.000000000000000036e-10
1.471569572530203318e-01    2.018440843736382970e-06    1.000000000000000036e-10
1.479129743533385832e-01    3.171633895898031186e-06    1.000000000000000036e-10
1.486728754824289123e-01    3.221333232598989756e-06    1.000000000000000036e-10
1.494366805944423726e-01    3.930831236468085585e-06    1.000000000000000036e-10
1.502044097460443761e-01    3.945291222270144084e-06    1.000000000000000036e-10
1.509760830969412160e-01    3.826307940047751172e-06    1.000000000000000036e-10
1.517517209104093379e-01    2.694230148061536586e-06    1.000000000000000036e-10
1.525313435538277196e-01    2.317497053459840261e-06    1.000000000000000036e-10
1.533149714992121659e-01    2.334449694376530389e-06    1.000000000000000036e-10
1.541026253237535171e-01    1.604199924802001043e-06    1.000000000000000036e-10
1.548943257103575777e-01    2.004140411195976061e-06    1.000000000000000036e-10
1.556900934481883492e-01    2.361522519185190431e-06    1.000000000000000036e-10
1.564899494332139818e-01    2.839110907467699325e-06    1.000000000000000036e-10
1.572939146687551415e-01    3.304970648251813950e-06    1.000000000000000036e-10
1.581020102660371240e-01    3.317125363195265836e-06    1.000000000000000036e-10
1.589142574447437450e-01    2.482802773532850188e-06    1.000000000000000036e-10
1.597306775335746998e-01    2.242117025568269663e-06    1.000000000000000036e-10
1.605512919708056985e-01    1.515070741199597982e-06    1.000000000000000036e-10
1.613761223048511273e-01    1.202412755127261955e-06    1.000000000000000036e-10
1.622051901948303176e-01    1.438916259622954939e-06    1.000000000000000036e-10
1.630385174111359248e-01    2.019041273453865841e-06    1.000000000000000036e-10
1.638761258360058592e-01    1.950486387027295280e-06    1.000000000000000036e-10
1.647180374640977440e-01    2.175458753306802483e-06    1.000000000000000036e-10
1.655642744030662861e-01    1.952709753926831151e-06    1.000000000000000036e-10
1.664148588741442558e-01    1.514569219303654656e-06    1.000000000000000036e-10
1.672698132127256043e-01    1.503639022966572149e-06    1.000000000000000036e-10
1.681291598689521882e-01    1.279240999338734547e-06    1.000000000000000036e-10
1.689929214083032150e-01    1.008087141902449206e-06    1.000000000000000036e-10
1.698611205121875189e-01    1.273157756619309422e-06    1.000000000000000036e-10
1.707337799785397237e-01    7.172788911246857663e-07    1.000000000000000036e-10
1.716109227224183742e-01    1.659533463210650212e-06    1.000000000000000036e-10
1.724925717766079558e-01    1.118131453765288336e-06    1.000000000000000036e-10
1.733787502922236323e-01    8.923953842347529658e-07    1.000000000000000036e-10
1.742694815393189267e-01    8.328650395766642884e-07    1.000000000000000036e-10
1.751647889074971765e-01    8.831165413919030155e-07    1.000000000000000036e-10
1.760646959065254868e-01    1.122954685971176142e-06    1.000000000000000036e-10
1.769692261669521260e-01    8.633700374363905371e-07    1.000000000000000036e-10
1.778784034407269732e-01    1.048785240674467614e-06    1.000000000000000036e-10
1.787922516018254082e-01    9.267507993014547877e-07    1.000000000000000036e-10
1.797107946468747275e-01    3.959093307839303238e-07    1.000000000000000036e-10
1.806340566957849725e-01    7.686434267354790451e-07    1.000000000000000036e-10
1.815620619923817569e-01    4.766649880558308233e-07    1.000000000000000036e-10
1.824948349050431184e-01    5.015398380249869138e-07    1.000000000000000036e-10
1.834323999273393957e-01    4.633594448052569476e-07    1.000000000000000036e-10
1.843747816786761307e-01    4.579927038935156785e-07    1.000000000000000036e-10
1.853220049049409679e-01    1.026072750990689787e-06    1.000000000000000036e-10
1.862740944791532183e-01    7.518354202278320603e-07    1.000000000000000036e-10
1.872310754021170032e-01    5.739978741225691039e-07    1.000000000000000036e-10
1.881929728030778681e-01    4.318445526802468423e-07    1.000000000000000036e-10
1.891598119403822831e-01    5.094821165178468069e-07    1.000000000000000036e-10
1.901316182021414725e-01    4.954217965996949082e-07    1.000000000000000036e-10
1.911084171068976323e-01    6.111045684908354889e-07    1.000000000000000036e-10
1.920902343042941995e-01    3.886022710881673997e-07    1.000000000000000036e-10
1.930770955757494522e-01    8.892214592699222584e-08    1.000000000000000036e-10
1.940690268351330516e-01    4.063377757862560566e-07    1.000000000000000036e-10
1.950660541294471917e-01    6.640438912100311253e-07    1.000000000000000036e-10
1.960682036395101357e-01    5.506329223812091496e-07    1.000000000000000036e-10
1.970755016806437498e-01    9.169108177848590566e-07    1.000000000000000036e-10
1.980879747033646998e-01    7.159749530305452708e-07    1.000000000000000036e-10
1.991056492940784794e-01    1.008198552085021544e-06    1.000000000000000036e-10
2.001285521757782959e-01    1.880222863917225026e-07    1.000000000000000036e-10
2.011567102087462866e-01    2.790925859565386900e-07    1.000000000000000036e-10
2.021901503912589826e-01    3.367495294105300092e-07    1.000000000000000036e-10
2.032288998602963248e-01    7.566825125392792788e-07    1.000000000000000036e-10
2.042729858922538722e-01    4.690562971265331237e-07    1.000000000000000036e-10
2.053224359036595892e-01    7.322997265893272211e-07    1.000000000000000036e-10
2.063772774518934650e-01    3.566151035203916290e-07    1.000000000000000036e-10
2.074375382359112396e-01    7.925479533829691377e-07    1.000000000000000036e-10
2.085032460969717116e-01    2.387070632133842604e-07    1.000000000000000036e-10
2.095744290193675974e-01    7.888639290208483357e-07    1.000000000000000036e-10
2.106511151311608043e-01    4.977441052219384318e-07    1.000000000000000036e-10
2.117333327049207847e-01    2.380227361194755409e-07    1.000000000000000036e-10
2.128211101584669696e-01    5.848595375806219994e-07    1.000000000000000036e-10
2.139144760556150604e-01    6.198075986357344488e-07    1.000000000000000036e-10
2.150134591069267076e-01    1.431086347918879416e-06    1.000000000000000036e-10
2.161180881704641010e-01    5.371467187333401303e-07    1.000000000000000036e-10
2.172283922525472255e-01    1.366357329771748619e-07    1.000000000000000036e-10
2.183444005085156681e-01    6.157070175605852818e-07    1.000000000000000036e-10
2.194661422434943665e-01    7.394233839170325733e-07    1.000000000000000036e-10
2.205936469131626887e-01    1.126504104735055820e-06    1.000000000000000036e-10
2.217269441245284245e-01    6.497127715858127035e-07    1.000000000000000036e-10
2.228660636367050252e-01    3.012987133096790784e-07    1.000000000000000036e-10
2.240110353616929506e-01    8.863244964672971868e-07    1.000000000000000036e-10
2.251618893651653464e-01    1.080056267910945086e-07    1.000000000000000036e-10
2.263186558672570237e-01    4.660164087320747803e-07    1.000000000000000036e-10
2.274813652433587408e-01    2.533811110689325635e-07    1.000000000000000036e-10
2.286500480249143430e-01    2.179880224472805719e-07    1.000000000000000036e-10
2.298247349002226492e-01    1.334258954695789552e-06    1.000000000000000036e-10
2.310054567152432237e-01    1.019005062370036982e-07    1.000000000000000036e-10
2.321922444744062008e-01    7.559522702722266667e-07    1.000000000000000036e-10
2.333851293414268002e-01    1.048512814677602959e-06    1.000000000000000036e-10
2.345841426401234497e-01    8.383258282634666040e-07    1.000000000000000036e-10
2.357893158552402668e-01    6.447496255154759448e-07    1.000000000000000036e-10
2.370006806332739524e-01    1.699038900828229060e-06    1.000000000000000036e-10
2.382182687833044321e-01    4.557675015807856616e-07    1.000000000000000036e-10
2.394421122778306876e-01    1.234095641819637185e-07    1.000000000000000036e-10
2.406722432536099465e-01    8.652750109561553356e-07    1.000000000000000036e-10
2.419086940125015905e-01    6.818769584255353155e-07    1.000000000000000036e-10
2.431514970223155880e-01    -4.628988136332241277e-08    1.000000000000000036e-10
2.444006849176645346e-01    2.696042832601058228e-07    1.000000000000000036e-10
2.456562905008212450e-01    3.185061711454626644e-06    1.000000000000000036e-10
2.469183467425797862e-01    5.446787324210232160e-07    1.000000000000000036e-10
2.481868867831212300e-01    8.130362070497847172e-07    1.000000000000000036e-10
2.494619439328840671e-01    -1.609836243694637213e-07    1.000000000000000036e-10
2.507435516734383696e-01    9.427069575736834790e-07    1.000000000000000036e-10
2.520317436583658366e-01    5.267348084583911789e-07    1.000000000000000036e-10
2.533265537141428103e-01    -3.388769362561492521e-08    1.000000000000000036e-10
2.546280158410287320e-01    1.810838731943773834e-07    1.000000000000000036e-10
2.559361642139592607e-01    9.285975287479284213e-07    1.000000000000000036e-10
2.572510331834428343e-01    -4.513313268894165152e-07    1.000000000000000036e-10
2.585726572764636133e-01    6.980851907961614139e-07    1.000000000000000036e-10
2.599010711973876453e-01    1.367280444069993318e-06    1.000000000000000036e-10
2.612363098288742469e-01    8.335403280201102663e-07    1.000000000000000036e-10
2.625784082327919378e-01    2.660735912871089141e-07    1.000000000000000036e-10
2.639274016511393706e-01    2.972399366163223822e-06    1.000000000000000036e-10
2.652833255069700358e-01    6.263356408615103769e-07    1.000000000000000036e-10
2.666462154053234057e-01    1.174074153395937995e-08    1.000000000000000036e-10
2.680161071341592982e-01    2.966003713381097890e-07    1.000000000000000036e-10
2.693930366652976804e-01    2.543419282124777624e-06    1.000000000000000036e-10
2.707770401553635242e-01    1.670215598578960734e-06    1.000000000000000036e-10
2.721681539467355471e-01    1.089628591791836119e-07    1.000000000000000036e-10
2.735664145685013926e-01    3.758576527868453648e-07    1.000000000000000036e-10
2.749718587374164191e-01    9.957169689618573537e-08    1.000000000000000036e-10
2.763845233588678729e-01    -8.417749865203061154e-07    1.000000000000000036e-10
2.778044455278440017e-01    5.574089232730241113e-06    1.000000000000000036e-10
2.792316625299077204e-01    -4.791346752477461200e-07    1.000000000000000036e-10
2.806662118421766605e-01    2.904017652852824998e-07    1.000000000000000036e-10
2.821081311343063280e-01    4.971387649733816768e-06    1.000000000000000036e-10
2.835574582694797563e-01    -6.899098567672799468e-07    1.000000000000000036e-10
2.850142313054017662e-01    3.000898826089485339e-08    1.000000000000000036e-10
2.864784884952976673e-01    -2.722241040648935410e-06    1.000000000000000036e-10
2.879502682889188425e-01    1.201367854347676864e-06    1.000000000000000036e-10
2.894296093335515518e-01    -2.498896530555174433e-06    1.000000000000000036e-10
2.909165504750320097e-01    4.260826970130566885e-06    1.000000000000000036e-10
2.924111307587666242e-01    6.197490342318576152e-06    1.000000000000000036e-10
2.939133894307566774e-01    5.343237765794688455e-06    1.000000000000000036e-10
2.954233659386298338e-01    -3.417244511449796383e-06    1.000000000000000036e-10
2.969410999326751455e-01    -4.475938932656904690e-09    1.000000000000000036e-10
2.984666312668846633e-01    2.903348599671488348e-06    1.000000000000000036e-10
2.999999999999999334e-01    3.430636535695043364e-06    1.000000000000000036e-10
