4.999999999999999237e-03    9.998512093119307220e-01    1.000000000000000036e-10
5.041194267029587388e-03    9.999407322588530489e-01    1.000000000000000036e-10
5.082727927586390936e-03    9.999362215643007312e-01    1.000000000000000036e-10
5.124603777883937963e-03    1.000101322008761340e+00    1.000000000000000036e-10
5.166824637173335344e-03    9.999267448557037641e-01    1.000000000000000036e-10
5.209393347933089988e-03    1.000018986502989149e+00    1.000000000000000036e-10
5.252312776060467057e-03    9.999483648127883706e-01    1.000000000000000036e-10
5.295585811064457138e-03    9.997376250830647404e-01    1.000000000000000036e-10
5.339215366260274299e-03    9.999194289301566174e-01    1.000000000000000036e-10
5.383204378965509955e-03    1.000022255003777394e+00    1.000000000000000036e-10
5.427555810697900010e-03    9.998038898415262388e-01    1.000000000000000036e-10
5.472272647374675815e-03    9.998381151899525809e-01    1.000000000000000036e-10
5.517357899513603003e-03    9.998461971673323623e-01    1.000000000000000036e-10
5.562814602435676124e-03    1.000055508106242552e+00    1.000000000000000036e-10
5.608645816469441311e-03    1.000123584296571444e+00    1.000000000000000036e-10
5.654854627157045871e-03    9.999214707913701705e-01    1.000000000000000036e-10
5.701444145461961877e-03    9.998749160004567482e-01    1.000000000000000036e-10
5.748417507978449692e-03    9.996081284956311874e-01    1.000000000000000036e-10
5.795777877142694635e-03    9.999955865258091103e-01    1.000000000000000036e-10
5.843528441445726938e-03    1.000009359889145077e+00    1.000000000000000036e-10
5.891672415648108521e-03    1.000034195634064593e+00    1.000000000000000036e-10
5.940213040996321532e-03    9.999031700824998481e-01    1.000000000000000036e-10
5.989153585441003499e-03    9.997128194507414189e-01    1.000000000000000036e-10
6.038497343856977922e-03    9.998089807987725619e-01    1.000000000000000036e-10
6.088247638265037801e-03    9.998572758794478377e-01    1.000000000000000036e-10
6.138407818055626949e-03    9.999975392680968689e-01    1.000000000000000036e-10
6.188981260214319359e-03    1.000229395822771039e+00    1.000000000000000036e-10
6.239971369549196338e-03    1.000138578450559423e+00    1.000000000000000036e-10
6.291381578920034710e-03    1.000235158400839541e+00    1.000000000000000036e-10
6.343215349469440503e-03    1.000008355010981509e+00    1.000000000000000036e-10
6.395476170855885628e-03    1.000138509216012661e+00    1.000000000000000036e-10
6.448167561488605919e-03    1.000054124648014131e+00    1.000000000000000036e-10
6.501293068764496703e-03    9.997591933986876844e-01    1.000000000000000036e-10
6.554856269306955606e-03    1.000108299105444631e+00    1.000000000000000036e-10
6.608860769206635274e-03    9.997193935636448092e-01    1.000000000000000036e-10
6.663310204264248290e-03    9.998936491981994523e-01    1.000000000000000036e-10
6.718208240235328844e-03    1.000034301761569600e+00    1.000000000000000036e-10
6.773558573077055264e-03    1.000018114086243415e+00    1.000000000000000036e-10
6.829364929197033647e-03    9.999277030995324944e-01    1.000000000000000036e-10
6.885631065704195253e-03    1.000076030348010070e+00    1.000000000000000036e-10
6.942360770661764290e-03    9.998329889662392889e-01    1.000000000000000036e-10
6.999557863342239714e-03    1.000052189322365948e+00    1.000000000000000036e-10
7.057226194484553239e-03    1.000158986354680701e+00    1.000000000000000036e-10
7.115369646553306414e-03    1.000212260511669227e+00    1.000000000000000036e-10
7.173992134000174367e-03    1.000114733632421427e+00    1.000000000000000036e-10
7.233097603527407701e-03    1.000065755163518144e+00    1.000000000000000036e-10
7.292690034353555700e-03    9.998664034836367565e-01    1.000000000000000036e-10
7.352773438481390901e-03    9.997901848258220481e-01    1.000000000000000036e-10
7.413351860967963038e-03    9.999064180327943419e-01    1.000000000000000036e-10
7.474429380196956699e-03    1.000143111391307960e+00    1.000000000000000036e-10
7.536010108153282441e-03    9.998726298069626761e-01    1.000000000000000036e-10
7.598098190699871003e-03    1.000171358581035230e+00    1.000000000000000036e-10
7.660697807856806790e-03    9.997784442732534638e-01    1.000000000000000036e-10
7.723813174082772882e-03    1.000011258763106481e+00    1.000000000000000036e-10
7.787448538558735568e-03    1.000116397937921953e+00    1.000000000000000036e-10
7.851608185474048818e-03    9.999739412792566506e-01    1.000000000000000036e-10
7.916296434314863337e-03    9.998925178039551609e-01    1.000000000000000036e-10
7.981517640154971172e-03    9.997237706843925542e-01    1.000000000000000036e-10
8.047276193948953160e-03    1.000083970607220873e+00    1.000000000000000036e-10
8.113576522827820048e-03    1.000071879339953007e+00    1.000000000000000036e-10
8.180423090397093491e-03    9.998205169285930838e-01    1.000000000000000036e-10
8.247820397037258430e-03    9.998207452616645341e-01    1.000000000000000036e-10
8.315772980206784584e-03    1.000209690573071075e+00    1.000000000000000036e-10
8.384285414747590440e-03    9.996560453710726657e-01    1.000000000000000036e-10
8.453362313193067690e-03    9.999788140494015876e-01    1.000000000000000036e-10
8.523008326078574184e-03    9.999083943292630394e-01    1.000000000000000036e-10
8.593228142254541110e-03    1.000290331188576465e+00    1.000000000000000036e-10
8.664026489202182255e-03    1.000385373226841956e+00    1.000000000000000036e-10
8.735408133351704740e-03    1.000196118613271512e+00    1.000000000000000036e-10
8.807377880403241543e-03    9.999804110680220459e-01    1.000000000000000036e-10
8.879940575650403442e-03    1.000018979799924601e+00    1.000000000000000036e-10
8.953101104306446928e-03    9.996754681377556517e-01    1.000000000000000036e-10
9.026864391833177778e-03    9.999601687998772581e-01    1.000000000000000036e-10
9.101235404272588550e-03    1.000082443411914435e+00    1.000000000000000036e-10
9.176219148581136326e-03    9.998533994280475179e-01    1.000000000000000036e-10
9.251820672966870607e-03    1.000003987657053006e+00    1.000000000000000036e-10
9.328045067229272583e-03    1.000003655363598920e+00    1.000000000000000036e-10
9.404897463101967101e-03    9.997622585546765972e-01    1.000000000000000036e-10
9.482383034598149477e-03    9.999853204671096396e-01    1.000000000000000036e-10
9.560506998358954400e-03    9.999116194441080019e-01    1.000000000000000036e-10
9.639274614004681926e-03    9.999568759066901347e-01    1.000000000000000036e-10
9.718691184488849333e-03    1.000231934918011545e+00    1.000000000000000036e-10
9.798762056455237110e-03    9.999061827926079005e-01    1.000000000000000036e-10
9.879492620597828470e-03    1.000128525163460846e+00    1.000000000000000036e-10
9.960888312023777683e-03    9.997580537066121931e-01    1.000000000000000036e-10
1.004295461061925458e-02    9.996823584460908796e-01    1.000000000000000036e-10
1.012569704141843066e-02    9.987459884117836362e-01    1.000000000000000036e-10
1.020912117497540551e-02    9.963877644454897098e-01    1.000000000000000036e-10
1.029323262773927661e-02    9.940505438989147846e-01    1.000000000000000036e-10
1.037803706243222227e-02    9.913790433528528734e-01    1.000000000000000036e-10
1.046354018843077480e-02    9.885958431816805891e-01    1.000000000000000036e-10
1.054974776215018319e-02    9.856101016864056152e-01    1.000000000000000036e-10
1.063666558743193991e-02    9.812222529320607789e-01    1.000000000000000036e-10
1.072429951593455513e-02    9.773190072089514846e-01    1.000000000000000036e-10
1.081265544752749164e-02    9.715006931144215541e-01    1.000000000000000036e-10
1.090173933068836788e-02    9.647975986155075123e-01    1.000000000000000036e-10
1.099155716290342935e-02    9.560964620680494352e-01    1.000000000000000036e-10
1.108211499107134707e-02    9.459063500909777877e-01    1.000000000000000036e-10
1.117341891191030515e-02    9.334739380052196056e-01    1.000000000000000036e-10
1.126547507236843639e-02    9.173667646775566231e-01    1.000000000000000036e-10
1.135828967003769258e-02    8.970718948047224917e-01    1.000000000000000036e-10
1.145186895357108020e-02    8.717115573702539644e-01    1.000000000000000036e-10
1.154621922310332567e-02    8.397895120175458139e-01    1.000000000000000036e-10
1.164134683067506032e-02    7.996982197512636503e-01    1.000000000000000036e-10
1.173725818066042974e-02    7.491220103636070382e-01    1.000000000000000036e-10
1.183395973019829746e-02    6.868794790917771564e-01    1.000000000000000036e-10
1.193145798962692676e-02    6.116196701266658486e-01    1.000000000000000036e-10
1.202975952292232101e-02    5.234726197909184142e-01    1.000000000000000036e-10
1.212887094814011843e-02    4.255459902627843904e-01    1.000000000000000036e-10
1.222879893786113156e-02    3.231633066456848780e-01    1.000000000000000036e-10
1.232955021964060420e-02    2.248385495994339178e-01    1.000000000000000036e-10
1.243113157646112167e-02    1.403850226490304665e-01    1.000000000000000036e-10
1.253354984718925078e-02    7.794136827578097837e-02    1.000000000000000036e-10
1.263681192703600305e-02    4.150692740067100234e-02    1.000000000000000036e-10
1.274092476802099645e-02    3.019819385309041593e-02    1.000000000000000036e-10
1.284589537944054623e-02    3.926485787247456505e-02    1.000000000000000036e-10
1.295173082833950447e-02    6.229890498222266648e-02    1.000000000000000036e-10
1.305843823998708957e-02    9.305878012625339035e-02    1.000000000000000036e-10
1.316602479835657195e-02    1.265169469477458453e-01    1.000000000000000036e-10
1.327449774660889939e-02    1.593395170561153762e-01    1.000000000000000036e-10
1.338386438758038671e-02    1.893664940605536418e-01    1.000000000000000036e-10
1.349413208427434167e-02    2.155225196796251852e-01    1.000000000000000036e-10
1.360530826035676044e-02    2.373611434671152043e-01    1.000000000000000036e-10
1.371740040065615868e-02    2.547584313542984868e-01    1.000000000000000036e-10
1.383041605166743238e-02    2.677568090912655352e-01    1.000000000000000036e-10
1.394436282205997052e-02    2.768406720959223910e-01    1.000000000000000036e-10
1.405924838318984259e-02    2.819157580448521938e-01    1.000000000000000036e-10
1.417508046961631941e-02    2.834506199346654154e-01    1.000000000000000036e-10
1.429186687962257299e-02    2.816622799103166153e-01    1.000000000000000036e-10
1.440961547574066449e-02    2.768352803077742674e-01    1.000000000000000036e-10
1.452833418528092640e-02    2.691508266394088689e-01    1.000000000000000036e-10
1.464803100086563628e-02    2.589008432134632942e-01    1.000000000000000036e-10
1.476871398096709677e-02    2.463546396793959981e-01    1.000000000000000036e-10
1.489039125045021027e-02    2.315875576543886261e-01    1.000000000000000036e-10
1.501307100111941815e-02    2.152094541480186751e-01    1.000000000000000036e-10
1.513676149227027347e-02    1.972754882579144109e-01    1.000000000000000036e-10
1.526147105124541804e-02    1.782829330822947589e-01    1.000000000000000036e-10
1.538720807399527636e-02    1.586058153109716762e-01    1.000000000000000036e-10
1.551398102564327530e-02    1.386066204317769057e-01    1.000000000000000036e-10
1.564179844105572856e-02    1.188050955991629687e-01    1.000000000000000036e-10
1.577066892541648807e-02    9.965322597719582232e-02    1.000000000000000036e-10
1.590060115480625494e-02    8.161127042389870745e-02    1.000000000000000036e-10
1.603160387678666601e-02    6.509648411609214591e-02    1.000000000000000036e-10
1.616368591098924293e-02    5.048955089711862354e-02    1.000000000000000036e-10
1.629685614970917060e-02    3.812265050217917423e-02    1.000000000000000036e-10
1.643112355850395029e-02    2.822446266827200595e-02    1.000000000000000036e-10
1.656649717679697237e-02    2.087303423450647538e-02    1.000000000000000036e-10
1.670298611848614403e-02    1.611260073439959098e-02    1.000000000000000036e-10
1.684059957255742632e-02    1.383173829380818232e-02    1.000000000000000036e-10
1.697934680370347463e-02    1.386588991251561966e-02    1.000000000000000036e-10
1.711923715294741410e-02    1.592902582879314119e-02    1.000000000000000036e-10
1.726028003827168728e-02    1.973374402501870337e-02    1.000000000000000036e-10
1.740248495525209202e-02    2.490667497619474674e-02    1.000000000000000036e-10
1.754586147769708962e-02    3.109864584065183402e-02    1.000000000000000036e-10
1.769041925829236556e-02    3.793131153804783773e-02    1.000000000000000036e-10
1.783616802925065692e-02    4.508415614211844918e-02    1.000000000000000036e-10
1.798311760296695747e-02    5.224730756912410179e-02    1.000000000000000036e-10
1.813127787267916624e-02    5.909034999141423578e-02    1.000000000000000036e-10
1.828065881313412772e-02    6.546471337156382908e-02    1.000000000000000036e-10
1.843127048125913631e-02    7.107701193890036961e-02    1.000000000000000036e-10
1.858312301683902670e-02    7.585621456108453120e-02    1.000000000000000036e-10
1.873622664319889511e-02    7.961773579116061816e-02    1.000000000000000036e-10
1.889059166789225711e-02    8.233153455513536612e-02    1.000000000000000036e-10
1.904622848339505847e-02    8.393524520770001551e-02    1.000000000000000036e-10
1.920314756780535509e-02    8.437664189745774923e-02    1.000000000000000036e-10
1.936135948554870354e-02    8.372084022031861528e-02    1.000000000000000036e-10
1.952087488808940119e-02    8.200814714320109333e-02    1.000000000000000036e-10
1.968170451464761744e-02    7.924522560319932629e-02    1.000000000000000036e-10
1.984385919292238482e-02    7.556084867345566614e-02    1.000000000000000036e-10
2.000734983982054363e-02    7.108362116891550619e-02    1.000000000000000036e-10
2.017218746219170966e-02    6.591564237197677922e-02    1.000000000000000036e-10
2.033838315756939658e-02    6.019423710928169940e-02    1.000000000000000036e-10
2.050594811491799480e-02    5.412139695030786929e-02    1.000000000000000036e-10
2.067489361538614456e-02    4.780216989743144712e-02    1.000000000000000036e-10
2.084523103306623951e-02    4.146289310182046245e-02    1.000000000000000036e-10
2.101697183576015787e-02    3.526434417652727499e-02    1.000000000000000036e-10
2.119012758575127345e-02    2.939808426476747671e-02    1.000000000000000036e-10
2.136470994058295783e-02    2.399181987022365806e-02    1.000000000000000036e-10
2.154073065384336932e-02    1.919147593073127281e-02    1.000000000000000036e-10
2.171820157595674011e-02    1.511637949732990219e-02    1.000000000000000036e-10
2.189713465498120334e-02    1.186280739091596231e-02    1.000000000000000036e-10
2.207754193741321910e-02    9.469705320005451094e-03    1.000000000000000036e-10
2.225943556899856457e-02    7.954401476978656058e-03    1.000000000000000036e-10
2.244282779554999940e-02    7.308886991378501542e-03    1.000000000000000036e-10
2.262773096377177634e-02    7.472897535486161535e-03    1.000000000000000036e-10
2.281415752209083395e-02    8.375507176570852474e-03    1.000000000000000036e-10
2.300212002149483806e-02    9.899243110435914164e-03    1.000000000000000036e-10
2.319163111637724539e-02    1.192483295786086334e-02    1.000000000000000036e-10
2.338270356538919501e-02    1.431270990471853258e-02    1.000000000000000036e-10
2.357535023229846011e-02    1.692194030983448089e-02    1.000000000000000036e-10
2.376958408685551916e-02    1.959496865932646228e-02    1.000000000000000036e-10
2.396541820566674280e-02    2.221682833205989444e-02    1.000000000000000036e-10
2.416286577307473829e-02    2.463086688024079471e-02    1.000000000000000036e-10
2.436194008204595196e-02    2.674540721253287553e-02    1.000000000000000036e-10
2.456265453506566165e-02    2.846070069481532877e-02    1.000000000000000036e-10
2.476502264504026538e-02    2.971214721287700894e-02    1.000000000000000036e-10
2.496905803620696682e-02    3.043200051127983169e-02    1.000000000000000036e-10
2.517477444505111100e-02    3.062611147692372374e-02    1.000000000000000036e-10
2.538218572123092723e-02    3.023582098626076409e-02    1.000000000000000036e-10
2.559130582850992208e-02    2.933951703761752960e-02    1.000000000000000036e-10
2.580214884569700592e-02    2.793688787685730951e-02    1.000000000000000036e-10
2.601472896759435618e-02    2.610409244843426776e-02    1.000000000000000036e-10
2.622906050595304184e-02    2.391728266832730473e-02    1.000000000000000036e-10
2.644515789043651657e-02    2.146959989997539869e-02    1.000000000000000036e-10
2.666303566959215415e-02    1.883993464300579360e-02    1.000000000000000036e-10
2.688270851183067675e-02    1.617531925042096225e-02    1.000000000000000036e-10
2.710419120641366017e-02    1.355341679750272574e-02    1.000000000000000036e-10
2.732749866444923389e-02    1.107947318641235544e-02    1.000000000000000036e-10
2.755264591989604189e-02    8.859616114141629153e-03    1.000000000000000036e-10
2.777964813057521784e-02    6.958660598125386218e-03    1.000000000000000036e-10
2.800852057919098193e-02    5.447864339999187837e-03    1.000000000000000036e-10
2.823927867435955044e-02    4.365147785345003216e-03    1.000000000000000036e-10
2.847193795164645186e-02    3.726611323373494114e-03    1.000000000000000036e-10
2.870651407461243323e-02    3.525770815254661641e-03    1.000000000000000036e-10
2.894302283586805760e-02    3.733460300636834948e-03    1.000000000000000036e-10
2.918148015813689863e-02    4.298007023806950724e-03    1.000000000000000036e-10
2.942190209532748180e-02    5.151146204761095776e-03    1.000000000000000036e-10
2.966430483361411422e-02    6.210309017813934150e-03    1.000000000000000036e-10
2.990870469252671082e-02    7.391191030039078944e-03    1.000000000000000036e-10
3.015511812604931841e-02    8.603137138060023767e-03    1.000000000000000036e-10
3.040356172372795165e-02    9.752389066579115681e-03    1.000000000000000036e-10
3.065405221178749487e-02    1.075973251188626530e-02    1.000000000000000036e-10
3.090660645425775607e-02    1.156747803174343857e-02    1.000000000000000036e-10
3.116124145410875679e-02    1.211016722259038517e-02    1.000000000000000036e-10
3.141797435439554198e-02    1.235598756116932512e-02    1.000000000000000036e-10
3.167682243941228465e-02    1.228700810385530834e-02    1.000000000000000036e-10
3.193780313585588282e-02    1.191405501519263166e-02    1.000000000000000036e-10
3.220093401399923977e-02    1.125312840492829862e-02    1.000000000000000036e-10
3.246623278887418584e-02    1.034604155257707117e-02    1.000000000000000036e-10
3.273371732146411472e-02    9.249617276910867408e-03    1.000000000000000036e-10
3.300340561990638272e-02    8.030402775149374228e-03    1.000000000000000036e-10
3.327531584070481108e-02    6.751611785815654111e-03    1.000000000000000036e-10
3.354946628995198604e-02    5.495259028760435607e-03    1.000000000000000036e-10
3.382587542456165497e-02    4.326147156437656904e-03    1.000000000000000036e-10
3.410456185351143366e-02    3.311020797228250018e-03    1.000000000000000036e-10
3.438554433909556118e-02    2.494820956633788268e-03    1.000000000000000036e-10
3.466884179818804923e-02    1.915439763891681581e-03    1.000000000000000036e-10
3.495447330351624665e-02    1.587637348427174732e-03    1.000000000000000036e-10
3.524245808494495813e-02    1.508532328100783450e-03    1.000000000000000036e-10
3.553281553077101279e-02    1.657725763106536378e-03    1.000000000000000036e-10
3.582556518902852566e-02    1.996024164151741567e-03    1.000000000000000036e-10
3.612072676880506011e-02    2.478348415618707428e-03    1.000000000000000036e-10
3.641832014156844849e-02    3.042414284556332719e-03    1.000000000000000036e-10
3.671836534250458306e-02    3.627083881844180707e-03    1.000000000000000036e-10
3.702088257186638559e-02    4.174417968148819505e-03    1.000000000000000036e-10
3.732589219633367789e-02    4.627922750739456303e-03    1.000000000000000036e-10
3.763341475038435580e-02    4.944429658087948903e-03    1.000000000000000036e-10
3.794347093767685281e-02    5.094680375011451448e-03    1.000000000000000036e-10
3.825608163244404586e-02    5.068466986395281197e-03    1.000000000000000036e-10
3.857126788089856179e-02    4.856345271232759102e-03    1.000000000000000036e-10
3.888905090264964393e-02    4.486275008076723823e-03    1.000000000000000036e-10
3.920945209213182181e-02    3.986738352680358095e-03    1.000000000000000036e-10
3.953249302004524512e-02    3.394851142362873605e-03    1.000000000000000036e-10
3.985819543480785543e-02    2.766319305378259728e-03    1.000000000000000036e-10
4.018658126401961073e-02    2.144933422343377194e-03    1.000000000000000036e-10
4.051767261593886005e-02    1.582071818860405045e-03    1.000000000000000036e-10
4.085149178097054190e-02    1.115662262330527213e-03    1.000000000000000036e-10
4.118806123316698375e-02    7.770496107713915045e-04    1.000000000000000036e-10
4.152740363174097643e-02    5.812310790115418624e-04    1.000000000000000036e-10
4.186954182259126217e-02    5.281127892207740891e-04    1.000000000000000036e-10
4.221449883984050577e-02    6.060760759665486871e-04    1.000000000000000036e-10
4.256229790738620677e-02    7.891695777839077873e-04    1.000000000000000036e-10
4.291296244046415020e-02    1.042541466297396873e-03    1.000000000000000036e-10
4.326651604722478450e-02    1.325112115278625873e-03    1.000000000000000036e-10
4.362298253032260292e-02    1.598949709942125820e-03    1.000000000000000036e-10
4.398238588851883374e-02    1.823660475416677982e-03    1.000000000000000036e-10
4.434475031829683556e-02    1.970759385062168662e-03    1.000000000000000036e-10
4.471010021549128022e-02    2.021546306266197232e-03    1.000000000000000036e-10
4.507846017693056817e-02    1.971353682279345775e-03    1.000000000000000036e-10
4.544985500209279550e-02    1.824079369269175502e-03    1.000000000000000036e-10
4.582430969477522403e-02    1.598443654165248836e-03    1.000000000000000036e-10
4.620184946477781662e-02    1.317300019764299770e-03    1.000000000000000036e-10
4.658249972960039342e-02    1.016127748573568933e-03    1.000000000000000036e-10
4.696628611615376314e-02    7.239677800920306340e-04    1.000000000000000036e-10
4.735323446248511370e-02    4.713560231578784788e-04    1.000000000000000036e-10
4.774337081951755130e-02    2.801264463946416365e-04    1.000000000000000036e-10
4.813672145280391279e-02    1.657966857019744589e-04    1.000000000000000036e-10
4.853331284429503178e-02    1.288662480171596483e-04    1.000000000000000036e-10
4.893317169412268741e-02    1.636327665541604333e-04    1.000000000000000036e-10
4.933632492239715950e-02    2.522273673347251335e-04    1.000000000000000036e-10
4.974279967101948030e-02    3.740199971821554911e-04    1.000000000000000036e-10
5.015262330550893100e-02    5.030666207371632063e-04    1.000000000000000036e-10
5.056582341684520004e-02    6.155371638668820714e-04    1.000000000000000036e-10
5.098242782332607775e-02    6.920984885296424527e-04    1.000000000000000036e-10
5.140246457244023598e-02    7.204178366424199460e-04    1.000000000000000036e-10
5.182596194275541218e-02    6.969347640732468036e-04    1.000000000000000036e-10
5.225294844582243498e-02    6.256025581859718954e-04    1.000000000000000036e-10
5.268345282809450830e-02    5.182893498361295856e-04    1.000000000000000036e-10
5.311750407286272568e-02    3.919088637669972748e-04    1.000000000000000036e-10
5.355513140220727331e-02    2.656650768609338485e-04    1.000000000000000036e-10
5.399636427896468277e-02    1.547383806687318284e-04    1.000000000000000036e-10
5.444123240871159147e-02    7.347009880674959276e-05    1.000000000000000036e-10
5.488976574176442774e-02    2.839243585698852715e-05    1.000000000000000036e-10
5.534199447519595055e-02    2.031132383898931850e-05    1.000000000000000036e-10
5.579794905486819279e-02    4.308122477352638703e-05    1.000000000000000036e-10
5.625766017748207865e-02    8.561235421431813430e-05    1.000000000000000036e-10
5.672115879264428423e-02    1.348641726435340462e-04    1.000000000000000036e-10
5.718847610495061962e-02    1.787161937734481213e-04    1.000000000000000036e-10
5.765964357608709817e-02    2.065640599131265260e-04    1.000000000000000036e-10
5.813469292694793678e-02    2.142536958669002045e-04    1.000000000000000036e-10
5.861365613977106287e-02    2.012830598841722099e-04    1.000000000000000036e-10
5.909656546029149610e-02    1.710594088942363851e-04    1.000000000000000036e-10
5.958345339991202166e-02    1.305588627800090501e-04    1.000000000000000036e-10
6.007435273789221708e-02    9.024647415454596514e-05    1.000000000000000036e-10
6.056929652355506205e-02    5.608967381527845336e-05    1.000000000000000036e-10
6.106831807851215155e-02    3.460111127804700126e-05    1.000000000000000036e-10
6.157145099890695694e-02    2.626077376031807516e-05    1.000000000000000036e-10
6.207872915767655847e-02    2.977202828808948041e-05    1.000000000000000036e-10
6.259018670683230701e-02    4.089379051582888624e-05    1.000000000000000036e-10
6.310585807975888084e-02    5.314102384708204927e-05    1.000000000000000036e-10
6.362577799353262564e-02    6.118655841137809819e-05    1.000000000000000036e-10
6.414998145125878903e-02    6.284371880668911895e-05    1.000000000000000036e-10
6.467850374442801753e-02    5.662417637044374737e-05    1.000000000000000036e-10
6.521138045529244198e-02    4.648099654798984231e-05    1.000000000000000036e-10
6.574864745926108089e-02    3.452825812983944891e-05    1.000000000000000036e-10
6.629034092731525551e-02    2.707408687132536825e-05    1.000000000000000036e-10
6.683649732844369751e-02    2.591948702026609932e-05    1.000000000000000036e-10
6.738715343209772390e-02    3.335249546189535613e-05    1.000000000000000036e-10
6.794234631066684016e-02    4.594646752829264775e-05    1.000000000000000036e-10
6.850211334197447988e-02    6.056648123013545510e-05    1.000000000000000036e-10
6.906649221179451958e-02    7.052493983338574857e-05    1.000000000000000036e-10
6.963552091638844366e-02    7.318473797200893713e-05    1.000000000000000036e-10
7.020923776506324265e-02    6.634251253695216607e-05    1.000000000000000036e-10
7.078768138275080835e-02    5.151215223337402964e-05    1.000000000000000036e-10
7.137089071260804829e-02    3.250706614615148234e-05    1.000000000000000036e-10
7.195890501863895505e-02    1.595550546800737754e-05    1.000000000000000036e-10
7.255176388833786683e-02    8.135129943191754846e-06    1.000000000000000036e-10
7.314950723535458554e-02    1.197003383459422694e-05    1.000000000000000036e-10
7.375217530218178275e-02    2.717335403560046671e-05    1.000000000000000036e-10
7.435980866286395763e-02    5.056397828302138756e-05    1.000000000000000036e-10
7.497244822572933509e-02    7.438428683125984566e-05    1.000000000000000036e-10
7.559013523614385721e-02    9.145075301155843549e-05    1.000000000000000036e-10
7.621291127928789266e-02    9.676445668465752197e-05    1.000000000000000036e-10
7.684081828295614980e-02    8.645169579986442410e-05    1.000000000000000036e-10
7.747389852038012725e-02    6.671850531527189236e-05    1.000000000000000036e-10
7.811219461307443435e-02    4.185448092901585248e-05    1.000000000000000036e-10
7.875574953370606535e-02    2.194560404357023608e-05    1.000000000000000036e-10
7.940460660898739087e-02    1.383420267413309323e-05    1.000000000000000036e-10
8.005880952259337990e-02    2.114553450433902498e-05    1.000000000000000036e-10
8.071840231810226141e-02    3.991694954731842091e-05    1.000000000000000036e-10
8.138342940196094388e-02    6.555334552007976556e-05    1.000000000000000036e-10
8.205393554647454069e-02    8.682423396361366782e-05    1.000000000000000036e-10
8.272996589282051449e-02    9.803458931533785196e-05    1.000000000000000036e-10
8.341156595408802388e-02    9.348868846779863654e-05    1.000000000000000036e-10
8.409878161834173638e-02    7.648101178775047857e-05    1.000000000000000036e-10
8.479165915171148205e-02    5.176903186573009164e-05    1.000000000000000036e-10
8.549024520150695639e-02    3.046889032677186179e-05    1.000000000000000036e-10
8.619458679935808332e-02    2.081783126164821375e-05    1.000000000000000036e-10
8.690473136438163493e-02    2.484431069499592982e-05    1.000000000000000036e-10
8.762072670637337246e-02    4.103170482574717849e-05    1.000000000000000036e-10
8.834262102902715186e-02    6.137859494322045603e-05    1.000000000000000036e-10
8.907046293317978647e-02    7.820877541858323244e-05    1.000000000000000036e-10
8.980430142008342942e-02    8.213210845211711144e-05    1.000000000000000036e-10
9.054418589470432377e-02    7.379955080790842820e-05    1.000000000000000036e-10
9.129016616904889192e-02    5.524053054827150050e-05    1.000000000000000036e-10
9.204229246551753896e-02    3.502829631505667665e-05    1.000000000000000036e-10
9.280061542028548993e-02    2.099141006571740798e-05    1.000000000000000036e-10
9.356518608671210435e-02    1.967329129635117556e-05    1.000000000000000036e-10
9.433605593877791851e-02    2.907344285300654893e-05    1.000000000000000036e-10
9.511327687454990132e-02    4.422147519758125832e-05    1.000000000000000036e-10
9.589690121967577030e-02    5.624608892046237295e-05    1.000000000000000036e-10
9.668698173090638226e-02    5.930344131817229811e-05    1.000000000000000036e-10
9.748357159964790575e-02    5.164098064165189379e-05    1.000000000000000036e-10
9.828672445554266501e-02    3.694380686984654640e-05    1.000000000000000036e-10
9.909649437007965467e-02    2.196279199410102942e-05    1.000000000000000036e-10
9.991293586023507201e-02    1.373430206230168096e-05    1.000000000000000036e-10
1.007361038921423396e-01    1.476917188837206649e-05    1.000000000000000036e-10
1.015660538847929367e-01    2.270592070543897968e-05    1.000000000000000036e-10
1.024028417137672620e-01    3.216098671860706634e-05    1.000000000000000036e-10
1.032465237149963189e-01    3.624265507918652987e-05    1.000000000000000036e-10
1.040971566885547650e-01    3.347067812504982983e-05    1.000000000000000036e-10
1.049547979024845479e-01    2.471359330589166880e-05    1.000000000000000036e-10
1.058195050966507650e-01    1.422624720897139304e-05    1.000000000000000036e-10
1.066913364866288183e-01    7.949543453456528575e-06    1.000000000000000036e-10
1.075703507676235154e-01    7.673955383264556516e-06    1.000000000000000036e-10
1.084566071184211028e-01    1.160143520679022035e-05    1.000000000000000036e-10
1.093501652053729123e-01    1.689292781119518927e-05    1.000000000000000036e-10
1.102510851864127867e-01    1.879731265034837316e-05    1.000000000000000036e-10
1.111594277151069787e-01    1.628627352709818428e-05    1.000000000000000036e-10
1.120752539447373713e-01    1.027246071255219529e-05    1.000000000000000036e-10
1.129986255324190447e-01    5.334761374314250078e-06    1.000000000000000036e-10
1.139296046432507620e-01    2.470344526365494118e-06    1.000000000000000036e-10
1.148682539545005932e-01    3.772326201685626095e-06    1.000000000000000036e-10
1.158146366598254290e-01    6.338936551899415706e-06    1.000000000000000036e-10
1.167688164735252859e-01    8.161135633735444478e-06    1.000000000000000036e-10
1.177308576348331526e-01    7.038567640571313741e-06    1.000000000000000036e-10
1.187008249122394332e-01    5.075013341789558072e-06    1.000000000000000036e-10
1.196787836078527928e-01    2.793853768944041570e-06    1.000000000000000036e-10
1.206647995617964320e-01    1.712062250986615244e-06    1.000000000000000036e-10
1.216589391566404305e-01    2.109521961050557940e-06    1.000000000000000036e-10
1.226612693218714356e-01    2.918041769509290478e-06    1.000000000000000036e-10
1.236718575383980445e-01    3.159654746956913831e-06    1.000000000000000036e-10
1.246907718430943640e-01    3.375008310985835973e-06    1.000000000000000036e-10
1.257180808333803190e-01    1.945910778111910630e-06    1.000000000000000036e-10
1.267538536718397779e-01    1.950626281876670577e-06    1.000000000000000036e-10
1.277981600908771886e-01    2.494543710156947536e-06    1.000000000000000036e-10
1.288510703974118377e-01    2.176516039314150215e-06    1.000000000000000036e-10
1.299126554776116882e-01    1.663042575475013501e-06    1.000000000000000036e-10
1.309829868016651466e-01    1.647684886158099054e-06    1.000000000000000036e-10
1.320621364285932131e-01    1.248044429667389829e-06    1.000000000000000036e-10
1.331501770111006844e-01    2.566932062522155988e-06    1.000000000000000036e-10
1.342471818004670470e-01    3.167725427198469334e-06    1.000000000000000036e-10
1.353532246514786708e-01    3.328683519575416618e-06    1.000000000000000036e-10
1.364683800274003600e-01    2.567146488093807655e-06    1.000000000000000036e-10
1.375927230049890926e-01    1.557587055930947943e-06    1.000000000000000036e-10
1.387263292795481995e-01    1.450752704641044599e-06    1.000000000000000036e-10
1.398692751700233994e-01    2.481835042857661896e-06    1.000000000000000036e-10
1.410216376241411607e-01    3.181105632685281437e-06    1.000000000000000036e-10
1.421834942235888077e-01    3.532856876072895167e-06    1.000000000000000036e-10
1.433549231892380094e-01    3.319699408537617453e-06    1.000000000000000036e-10
1.445360033864107052e-01    2.157380597584182644e-06    1.000000000000000036e-10
1.457268143301884700e-01    1.704996773804104498e-06    1.000000000000000036e-10
1.469274361907662863e-01    3.518678629924690366e-06    1.000000000000000036e-10
1.481379497988492278e-01    3.489895000654494633e-06    1.000000000000000036e-10
1.493584366510950501e-01    3.855561547735113997e-06    1.000000000000000036e-10
1.505889789156004410e-01    2.739652882878168366e-06    1.000000000000000036e-10
1.518296594374328179e-01    1.986091745386118641e-06    1.000000000000000036e-10
1.530805617442081989e-01    2.150926241098428008e-06    1.000000000000000036e-10
1.543417700517141777e-01    2.929040915823726107e-06    1.000000000000000036e-10
1.556133692695799986e-01    3.966042066071828963e-06    1.000000000000000036e-10
1.568954450069929840e-01    2.898803123493132090e-06    1.000000000000000036e-10
1.581880835784617301e-01    1.692758022253251307e-06    1.000000000000000036e-10
1.594913720096277077e-01    1.674993882941276049e-06    1.000000000000000036e-10
1.608053980431236041e-01    2.062537556622412959e-06    1.000000000000000036e-10
1.621302501444810418e-01    2.432308384557230697e-06    1.000000000000000036e-10
1.634660175080861755e-01    2.137296898617286091e-06    1.000000000000000036e-10
1.648127900631843612e-01    1.572284631799579208e-06    1.000000000000000036e-10
1.661706584799352016e-01    1.008015529216313398e-06    1.000000000000000036e-10
1.675397141755160801e-01    1.396833846473210490e-06    1.000000000000000036e-10
1.689200493202774045e-01    1.410923855347770068e-06    1.000000000000000036e-10
1.703117568439475316e-01    1.184677918680875585e-06    1.000000000000000036e-10
1.717149304418890132e-01    1.351530253659600488e-06    1.000000000000000036e-10
1.731296645814070778e-01    1.139199525520070508e-06    1.000000000000000036e-10
1.745560545081088766e-01    5.968750263182313283e-07    1.000000000000000036e-10
1.759941962523164372e-01    8.626452529214629439e-07    1.000000000000000036e-10
1.774441866355315756e-01    9.339493457378963799e-07    1.000000000000000036e-10
1.789061232769539045e-01    6.510050789691253253e-07    1.000000000000000036e-10
1.803801046000537422e-01    9.663811011430191031e-07    1.000000000000000036e-10
1.818662298391975629e-01    6.769216321236433514e-07    1.000000000000000036e-10
1.833645990463295128e-01    5.432632819169134292e-07    1.000000000000000036e-10
1.848753130977070780e-01    1.067476788865705811e-06    1.000000000000000036e-10
1.863984737006920966e-01    3.666766733391976790e-07    1.000000000000000036e-10
1.879341834005988920e-01    4.558533865627588927e-07    1.000000000000000036e-10
1.894825455875971676e-01    8.945627433119526347e-07    1.000000000000000036e-10
1.910436645036734660e-01    3.842736210291223613e-07    1.000000000000000036e-10
1.926176452496484170e-01    7.537199199714215613e-07    1.000000000000000036e-10
1.942045937922532162e-01    6.013109569061756492e-07    1.000000000000000036e-10
1.958046169712633622e-01    5.209539019039947804e-07    1.000000000000000036e-10
1.974178225066913206e-01    4.297665754990499284e-07    1.000000000000000036e-10
1.990443190060394163e-01    6.165109596072191702e-07    1.000000000000000036e-10
2.006842159716107632e-01    6.213142938476518685e-07    1.000000000000000036e-10
2.023376238078822553e-01    1.261649467034209434e-06    1.000000000000000036e-10
2.040046538289370937e-01    4.474152634814890903e-07    1.000000000000000036e-10
2.056854182659585695e-01    8.892002144817944880e-07    1.000000000000000036e-10
2.073800302747866309e-01    9.517145051047710142e-07    1.000000000000000036e-10
2.090886039435352339e-01    5.622090585722342045e-07    1.000000000000000036e-10
2.108112543002738648e-01    1.183074106470462888e-06    1.000000000000000036e-10
2.125480973207714286e-01    7.602653519833617766e-07    1.000000000000000036e-10
2.142992499363038650e-01    4.282760435292276811e-07    1.000000000000000036e-10
2.160648300415271561e-01    1.997267140315181957e-07    1.000000000000000036e-10
2.178449565024136725e-01    6.969785038991131989e-07    1.000000000000000036e-10
2.196397491642554378e-01    8.768465068916389179e-07    1.000000000000000036e-10
2.214493288597322584e-01    1.536971192413410855e-07    1.000000000000000036e-10
2.232738174170462997e-01    1.262030621261012311e-06    1.000000000000000036e-10
2.251133376681249409e-01    7.182705919401121392e-07    1.000000000000000036e-10
2.269680134568893282e-01    1.085370820717536691e-06    1.000000000000000036e-10
2.288379696475928426e-01    5.553729966720903538e-07    1.000000000000000036e-10
2.307233321332271825e-01    6.053388482379787203e-07    1.000000000000000036e-10
2.326242278439975553e-01    7.774788106821361421e-07    1.000000000000000036e-10
2.345407847558690084e-01    5.530645958954594582e-08    1.000000000000000036e-10
2.364731318991813713e-01    1.003845873917738907e-06    1.000000000000000036e-10
2.384213993673368059e-01    1.981969837845786429e-07    1.000000000000000036e-10
2.403857183255580232e-01    2.340584089731961372e-07    1.000000000000000036e-10
2.423662210197183586e-01    7.697239958245754827e-07    1.000000000000000036e-10
2.443630407852460384e-01    1.334632371780987570e-06    1.000000000000000036e-10
2.463763120560998054e-01    1.277233044782485900e-06    1.000000000000000036e-10
2.484061703738204840e-01    1.589968970932230180e-06    1.000000000000000036e-10
2.504527523966557645e-01    1.094835651003143262e-06    1.000000000000000036e-10
2.525161959087602326e-01    1.840322055543887526e-06    1.000000000000000036e-10
2.545966398294725042e-01    5.014669868808221257e-07    1.000000000000000036e-10
2.566942242226665782e-01    2.493479404686102160e-07    1.000000000000000036e-10
2.588090903061827097e-01    -4.596682419656040184e-08    1.000000000000000036e-10
2.609413804613342491e-01    1.654271946924214240e-06    1.000000000000000036e-10
2.630912382424928087e-01    3.382788426657628313e-08    1.000000000000000036e-10
2.652588083867540303e-01    1.532212306699900870e-06    1.000000000000000036e-10
2.674442368236807366e-01    3.078248570663402583e-07    1.000000000000000036e-10
2.696476706851284044e-01    5.093826586024704275e-07    1.000000000000000036e-10
2.718692583151502973e-01    2.406380577456007500e-06    1.000000000000000036e-10
2.741091492799842544e-01    -3.237094036344926706e-07    1.000000000000000036e-10
2.763674943781228022e-01    2.205954164445364306e-06    1.000000000000000036e-10
2.786444456504647560e-01    1.081741911755025523e-06    1.000000000000000036e-10
2.809401563905520871e-01    4.134874087094261767e-06    1.000000000000000036e-10
2.832547811548892791e-01    9.500609931617909964e-07    1.000000000000000036e-10
2.855884757733495039e-01    -1.541074208877575036e-07    1.000000000000000036e-10
2.879413973596655629e-01    3.551344774080698935e-07    1.000000000000000036e-10
2.903137043220067603e-01    -2.069545035489413349e-06    1.000000000000000036e-10
2.927055563736447041e-01    5.506981363068799626e-06    1.000000000000000036e-10
2.951171145437045396e-01    2.528657829654438671e-06    1.000000000000000036e-10
2.975485411880073316e-01    1.113633961634371848e-06    1.000000000000000036e-10
2.999999999999999334e-01    5.464427336809666718e-06    1.000000000000000036e-10
